338.63	1	341369000	4156.96
1060.01	1	366242000	2742.91
707.131	1	304268000	2740.66
898.731	1	167866000	1602.87
892.409	1	104059000	1614.94
987.845	1	114823000	3062.8
1003.73	1	76702300	3544.5
596.289	1	134052000	2008.89
676.085	1	106718000	4153.64
391.675	1	112545000	4167.09
340.776	1	80650300	4148.34
960.321	1	149654000	2205.84
899.485	1	138709000	2745.94
894.173	1	240750000	2025.07
714.549	1	327823000	117.395
1221	1	111124000	2745.86
411.644	1	72869600	966.298
313.578	1	60288800	4161.69
466.274	1	90801700	1408.58
621.515	1	68086200	4162.93
936.28	1	156808000	2093.41
1109.62	1	70697300	1600.04
426.51	1	81705400	1105.4
1193.38	1	43843500	3367.3
323.229	1	52945200	1074.77
1060.48	1	87416700	2815.62
565.739	1	63018900	4163.59
391.639	1	101663000	144.671
1034.32	1	118057000	2337.28
339.411	1	168279000	124.075
505.849	1	55568200	1110.01
700.43	1	113872000	1408.92
668.519	1	75947500	1831.18
391.892	1	52159000	88.1246
707.735	1	63836600	2812.45
710.603	1	135653000	127.389
600.728	1	97940600	1605.22
1192.8	1	62502000	2652.05
1081.66	1	79106500	3001.08
421.053	1	73162000	1406.79
595.727	1	65830700	1617.21
1128.65	1	105582000	2431.02
778.678	1	116659000	2017.11
1001.53	1	102331000	1827.97
791.549	1	61950700	2785.14
401.363	1	66879900	910.645
756.733	1	29635400	1110.61
990.356	1	108955000	2022.13
1053.52	1	48123100	1409.36
787.128	1	97972300	1605.02
1011.11	1	85038400	2740.4
987.359	1	81344600	2572.79
717.766	1	81280400	1677.89
393.189	1	71954900	4112.72
391.411	1	64026700	4605.25
391.391	1	66925700	242.503
443.422	1	58930700	1997.54
690.624	1	66840000	2331.82
786.935	1	62304900	2740.68
391.845	1	79401300	990.819
751.659	1	65251700	1388.46
511.193	1	91424100	1841.26
942.214	1	101061000	1820.77
391.511	1	57093300	4258.69
599.952	1	80330400	1840.68
766.483	1	105359000	1840.24
391.79	1	62025400	860.246
874.921	1	210338000	119.249
391.411	1	48741600	4763.82
641.56	1	67778700	2207.19
371.928	1	44656700	1609.58
772.994	1	91690400	1784.49
392.323	1	85374300	1122.18
616.246	1	35330300	966.924
391.701	1	31273200	928.063
391.477	1	31709400	4525.39
562.975	1	38754600	1104.19
392.821	1	37990900	1057.18
391.473	1	62499200	390.633
391.572	1	63940200	757.092
459.131	1	58124400	1322.18
985.259	1	72938400	2669.72
836.175	1	110668000	1879.98
392.336	1	6347530	813.508
999.25	1	91731100	2733.65
698.395	1	75397800	1611.17
391.382	1	34915300	5065.27
858.53	1	117715000	1902.63
827.043	1	52266200	2585.32
391.407	1	22606600	313.719
391.489	1	36970800	4691.18
391.399	1	55782300	4900.27
420.974	1	26907000	764.454
391.389	1	41935200	4991.77
391.807	1	52171800	494.306
391.455	1	61491400	601.569
1422.79	1	40944700	1608.55
391.445	1	23167900	4830.56
630.879	1	65184100	1824.94
837.595	1	68926000	1820.64
1197.18	1	130676000	118.25
815.571	1	79100500	2106.12
698.785	1	41358800	1456.59
391.502	1	27392100	680.267
712.805	1	50809600	1608.51
339.841	1	19841000	4213
525.032	1	53116100	1997.32
400.357	1	49236200	1310.35
611.537	1	43090800	2742.71
392.572	1	40381200	1997.87
391.422	1	28723600	26.9747
730.25	1	76559000	2009.43
652.423	1	70255000	4161.02
391.516	1	24294300	4463.63
1117.34	1	96028600	122.606
341.615	1	27624200	91.5757
479.277	1	54694900	1676.04
553.868	1	111857000	122.433
502.267	1	73317700	1395.03
821.148	1	90658300	116.777
372.638	1	66264400	4165.02
1192.59	1	79578300	129.54
391.484	1	31129800	4389.93
455.115	1	48829100	1997.69
802.582	1	94231800	2137.85
486.433	1	64019500	1082.95
391.662	1	15247400	4330.23
392.012	1	54384000	1227.19
391.52	1	32707400	2908.77
557.805	1	51833200	1607.56
441.566	1	12568300	1977.04
391.624	1	31715900	3411.16
402.958	1	47239600	1173.06
1066.93	1	108808000	2738.09
878.722	1	138051000	2215.11
1112.37	1	61184800	121.172
1249.98	1	93813200	119.218
391.68	1	40642700	3571.72
728.5	1	53878800	2745.63
391.957	1	37102100	2756.09
515.025	1	59488100	1773.32
312.511	1	22571900	819.348
1187.13	1	56382700	2787.58
804.415	1	130516000	1922.39
870.462	1	52116600	128.106
392.11	1	39807500	1498.08
391.947	1	32625900	1924.78
639.41	1	47281700	1105
357.829	1	85768100	4154.25
1239.56	1	48070700	2577.88
446.801	1	92561100	120.458
1228.4	1	77439300	2514.22
830.584	1	111863000	2011.57
882.781	1	70685500	2751.12
391.588	1	38205300	2621.41
1124.28	1	62382700	2749.85
391.592	1	34719200	3700.93
435.265	1	86702000	1060.88
455.764	1	62061400	1027.26
1061.39	1	63021900	2912.37
468.614	1	43711400	1835.34
523.76	1	57828200	1413.17
416.031	1	41362100	1548.48
664.827	1	65084000	2265.33
469.213	1	69954000	4132.44
569.733	1	37458300	2319.92
391.697	1	43468700	2283.07
391.602	1	19096200	3489.61
668.772	1	56972900	2739.88
1127.12	1	62221800	2009.51
1123.29	1	50896900	2921.35
391.516	1	25748000	3331.58
522.222	1	46511200	1934.04
391.688	1	10640100	3643.03
366.469	1	30095000	518.736
747.493	1	86877000	2096.53
335.77	1	35569800	125.744
846.842	1	69110800	1674.06
392.843	1	49789100	1728.62
391.968	1	44946000	1327.07
391.952	1	28819300	2186.98
1139.1	1	64223200	2669.53
1041.04	1	123937000	1991.54
386.182	1	14239300	1998.02
1199.72	1	52420800	2355.51
353.628	1	41995300	4134.91
367.877	1	55540200	986.14
325.831	1	54734400	4148.09
769.104	1	35942500	2748.92
385.665	1	26563800	755.846
982.607	1	89262500	122.937
354.038	1	25514600	778.886
450.57	1	33564500	2104.48
843.965	1	44317500	1107.29
392.275	1	24905000	1656.05
541.764	1	60290600	4158.23
1354.61	1	41847500	2747.17
632.371	1	53651900	1408.55
1201.43	1	55772600	1827.93
903.128	1	76239400	2517.85
978.521	1	46355600	113.623
702.268	1	87950500	1830.63
1326.29	1	49999400	2022.78
437.077	1	46773500	1520.31
393.036	1	28567400	1601.81
1005.79	1	105578000	2487.09
391.513	1	28122500	3247.61
1323.57	1	42150500	2899.46
391.811	1	44958200	3081.3
340.21	1	35868700	201.458
392.24	1	36323200	2091.11
1088.86	1	67105800	2750.17
811.933	1	71931400	2338.56
985.121	1	26085900	2551.38
1035.14	1	94224800	121.155
792.587	1	31088400	1023.76
634.952	1	74074200	1929.58
960.223	1	102878000	2330.36
715.499	1	92302000	2741.71
708.241	1	40474300	2912.47
878.26	1	48968600	1410.57
550.475	1	27612600	136.506
391.72	1	41846100	2392.13
391.84	1	35741200	2520.05
718.08	1	46844400	2194.61
345.9	1	29691300	1173.13
392.373	1	20401900	2698.95
1222.87	1	26014400	1100.53
1192.84	1	13282400	85.5936
456.745	1	13524500	1329.17
825.696	1	81960200	1827.11
1345.21	1	52958300	2072.18
668.05	1	90902700	1998.48
935.289	1	88326000	2271.41
908.167	1	75706300	2361.72
431.168	1	80625300	4151.83
1009.96	1	51537900	2954.26
725.764	1	89084800	1836.86
384.327	1	65234200	4153.94
1222.39	1	23700400	767.094
658.005	1	80107100	1850.27
991.42	1	83431500	2468.3
1401.9	1	35861600	2090.09
525.196	1	58229900	994.087
419.299	1	46684900	1109.55
1222.75	1	29929700	957.191
911.865	1	111478000	2078.45
1245.12	1	46326300	123.784
362.446	1	48260000	1158.4
841.096	1	111239000	2326.86
451.968	1	17988900	2909.87
823.111	1	55862500	2797.6
814.381	1	80042300	1835.27
687.627	1	91510800	1650.55
393.057	1	38099800	1411.35
909.302	1	88858200	2008.14
1189.1	1	29155200	122.585
899.221	1	61873100	2312
1079.17	1	66067600	2758.13
1076.25	1	52454100	1608.42
392.445	1	42010900	1835.02
1224.33	1	57858100	4140.24
391.859	1	21382900	2984.56
1222.58	1	12652900	1034.97
574.23	1	55241400	1903.98
804.158	1	72060000	2233.08
994.285	1	59657600	3035.92
1116.99	1	108659000	2056.67
449.412	1	83766300	4153.97
681.123	1	82419700	2003.63
847.022	1	119972000	2026.6
1299.52	1	55276500	2290.44
495.782	1	13946000	726.053
370.452	1	29834600	1275.42
1169.18	1	90819700	2286.89
630.457	1	17505000	765.043
711.538	1	7300200	77.0097
992.428	1	80571400	2358.98
450.503	1	45452700	1505.12
447.805	1	52676400	916.211
970.831	1	111979000	2127.95
873.273	1	23105300	1429.4
607.645	1	50280500	122.812
715.399	1	35292000	188.461
967.878	1	104595000	2279.77
980.091	1	70573500	2336.99
580.364	1	35644900	2276.81
369.943	1	31905300	1363
1223.62	1	57025100	2019.87
796.313	1	45411400	2106.57
935.839	1	74310600	2195.49
391.928	1	22482600	2840.43
1068.91	1	94836700	2163.42
956.511	1	95012000	2488.01
887.304	1	86502200	2042.94
537.127	1	51850000	1901.19
973.485	1	77626400	1817.87
403.255	1	59148000	993.018
482.472	1	62841600	1808.68
373.195	1	36016700	4111.7
606.128	1	61457000	2004.17
1033.04	1	50259000	2929.53
881.325	1	105996000	2317.05
975.916	1	29348700	3181.74
1222.37	1	22543600	576.129
1085.42	1	71039200	1844.94
346.319	1	45790000	4113.28
969.014	1	72486900	2056.26
1222.79	1	20564000	1207.8
1384.05	1	61163400	117.876
1463.6	1	80919900	117.418
1222.48	1	21408600	859.922
915.067	1	102099000	1605.27
943.883	1	106316000	1966.65
816.89	1	30931000	128.016
998.199	1	16102200	2478.73
1430.29	1	28522200	1675.73
728.965	1	49244800	2444.56
443.02	1	36018400	118.613
479.657	1	26174700	2195.78
801.077	1	69420700	2341.6
1014.21	1	61933200	1624.78
1060.19	1	15769400	2711.17
888.28	1	59627300	2688.3
669.576	1	54238700	4153.05
798.342	1	27731600	2269.36
1002.65	1	103076000	2161.41
582.59	1	52225900	1406.78
1122.55	1	63968500	2641.13
1113.96	1	89094400	2324.27
521.546	1	21501900	2744.43
585.818	1	59392300	1596.04
990.125	1	27657900	1409.82
798.762	1	67143700	1824.5
391.941	1	18400500	3180.17
1322.88	1	46177300	2335.66
1028.1	1	78449300	1836.44
902.765	1	89398700	1697.14
463.804	1	44167700	1677.87
851.66	1	80724800	1568.43
316.335	1	37320100	4116.14
1061.98	1	66191500	2071.5
882.849	1	107988000	1816.66
750.902	1	76200900	2009.92
803.062	1	41381000	2750.09
893.399	1	67133800	2487.15
932.03	1	89783600	1836.99
957.483	1	71591800	2400.39
485.153	1	80546000	4141.04
308.178	1	35955900	4132.1
1038.28	1	70216300	2195.51
726.564	1	65453500	2338.7
933.091	1	72610900	4144.51
1023.55	1	57913300	4161.37
1222.39	1	23027100	4975.26
463.506	1	23421200	4148.56
797.108	1	14542100	3367.73
553.468	1	14003400	86.27
329.359	1	32381200	950.022
1255.83	1	57286900	2331.42
977.282	1	49480200	2920.94
1150	1	77088200	2316.64
549.668	1	31464200	994.675
1222.4	1	18885600	671.894
545.57	1	18543100	2736.56
1249.6	1	34055700	2956.64
868.222	1	96321400	2296.31
1225.07	1	56964800	2342.81
624.755	1	51959000	1533.95
1222.36	1	19789700	325.74
1222.47	1	15556800	240.741
603.877	1	52942100	1684.8
1222.38	1	21956200	4864.75
926.422	1	49023700	2198.38
961.4	1	70376200	1836.26
1004.92	1	17190100	3623.93
888.308	1	68898200	1739.88
844.649	1	33802600	1598.76
1074.68	1	48544600	2683.19
864.027	1	74821600	2536.51
1116.78	1	67987200	2551.17
1325.72	1	36816200	2258.8
873.198	1	62903000	1617.46
1025.76	1	59198900	2316.58
897.577	1	101455000	2130.93
722.02	1	70579000	1409.52
687.345	1	41811400	1325.47
1127.81	1	77845000	2336.62
1006.74	1	76324900	2422.72
547.548	1	49537700	2004.15
988.901	1	38068900	3129.26
1222.63	1	19293700	4237.1
554.527	1	63974700	4150.59
1225.09	1	51600500	2112.85
392.913	1	4508580	3148.88
780.926	1	91751600	2285.97
1013.28	1	48113900	2819.99
950.356	1	72099100	1899.1
787.899	1	71844700	1808.41
1218.96	1	26051900	3551.99
676.685	1	63991600	2112.16
425.403	1	31309500	1672.63
707.97	1	13516900	2706.64
764.375	1	94536800	2028.95
602.558	1	50708100	994.768
1256.5	1	25103400	1407.14
385.374	1	36291200	941.761
931.918	1	29386000	1406.21
479.913	1	22177300	1082.66
1208.53	1	29305400	3069.21
402.528	1	32621900	1844.49
938.56	1	69106700	2740.34
1222.43	1	20017500	4659.34
363.003	1	18876500	963.816
717.47	1	40888100	1816.05
1278.58	1	44299300	2186.72
691.052	1	70015100	1821.55
778.549	1	50637300	2353.86
1134.27	1	32022500	3184.94
1174.15	1	53020900	1858.66
653.194	1	59156500	2287.19
411.178	1	20466800	530.092
686.335	1	89652700	1905.4
430.319	1	28651800	1463.13
660.799	1	34150300	1998.02
820.587	1	75911900	4153
906.63	1	48161800	1625.65
900.443	1	65952100	2914.14
710.204	1	73988100	2006.02
377.356	1	43053900	942.67
1030.99	1	25424200	145.786
1324.11	1	44471900	4129.98
1230.27	1	31906500	119.982
1222.39	1	15895500	4769.94
683.666	1	61705000	1407.11
1223.39	1	47855000	2570.07
499.068	1	30083000	2095.43
860.429	1	69486500	1676.9
1017.44	1	18765100	3543.32
1222.57	1	32503600	89.5277
1030.87	1	9778110	90.9573
916.774	1	61526100	2181.05
1222.37	1	13145300	4574.85
643.213	1	57610200	2318.95
370.608	1	47758700	1076.57
1007.26	1	18613800	3535.78
1225.77	1	44431900	2259.34
892.124	1	65890500	2266.21
1399.69	1	30969300	1831.82
720.61	1	62747100	1941.81
945.32	1	78352000	2366.34
457.643	1	19394400	1684.22
887.559	1	78421600	2421.81
1222.46	1	22647000	430.067
1222.62	1	15082600	174.007
761.765	1	54848700	2105.3
827.461	1	37989600	1417.17
384.129	1	33146200	1353.21
1063.73	1	95890100	2445.78
542.829	1	31552300	1185.81
643.061	1	58925700	4149.54
1223.86	1	43523100	1921.54
1225.37	1	40095600	1823.45
1222.37	1	12145000	5070.04
1090.99	1	88806900	2300.61
1212.85	1	53334800	2034.92
1070.57	1	37906100	3061.78
895.731	1	67547800	2378.27
1221.29	1	40030700	2162.48
758.43	1	83671900	1930.5
904.669	1	91722900	1812.61
909.097	1	34259800	2179.24
566.341	1	64384500	2011.37
926.73	1	28524900	4177.48
559.221	1	51579700	1896.11
951.584	1	42442400	1817.46
744.082	1	43323500	2640.39
1302.99	1	46700300	119.186
1020.08	1	26735500	1829.92
1223.11	1	23813000	2465.91
1209.53	1	68175600	2522.93
983.067	1	47704000	2479.95
391.773	1	16145200	3793.81
875.048	1	57525700	1844.76
638.163	1	59945800	1678.61
1380.02	1	16779900	3546.02
1421.98	1	28451000	2761.94
1223.98	1	27005300	1695.15
562.115	1	47116600	1825.3
455.421	1	36150900	1442.43
1049.01	1	72231900	2367.24
929.837	1	68308900	1609.06
1214.58	1	55458300	2434.4
503.48	1	83264700	4147.27
337.441	1	20883400	4150.71
650.207	1	54497700	1619.61
876.843	1	20445600	192.004
1222.4	1	6217560	10.8341
794.467	1	39194800	2203.78
867.649	1	47030300	1827.91
999.004	1	75391100	2569.57
672.259	1	59301900	1920.91
636.236	1	26928000	4150.77
604.396	1	23846200	114.461
429.707	1	45515600	964.685
602.654	1	23136100	894.161
1322.95	1	26112600	1114.39
820.962	1	90347900	1933.96
791.697	1	62936900	1413.07
982.671	1	84578500	2043
461.215	1	46826800	1607.08
1322.37	1	19259600	1986.66
1040.35	1	63069200	2277.13
931.948	1	70463300	2338.34
927.546	1	12638500	1386.13
910.114	1	108730000	1920.07
830.371	1	75693900	2495.41
860.388	1	44173300	1824.24
393.349	1	8874170	2459.1
751.844	1	89016400	1835.49
1222.94	1	4611520	4721.8
1267.61	1	29687800	1680.23
1324.46	1	40160000	2103.39
554.363	1	33632800	2327.88
1040.98	1	63757300	2500.26
877.487	1	89777400	2025.35
1433.74	1	39340900	2523.05
1224.14	1	12564800	1764.3
861.684	1	47839200	2622.84
1222.81	1	8533810	509.26
1112.9	1	47342800	2852.96
932.044	1	86510600	2020.44
430.572	1	55563500	1234.01
748.295	1	66667400	1577.16
895.775	1	35946700	1569.57
704.941	1	77009200	4152.03
850.489	1	84784900	2286.27
428.304	1	9255380	1057.65
1089.73	1	29737000	124.021
984.885	1	89602400	2126.92
543.412	1	14851900	974.825
1322.54	1	23253500	936.095
734.329	1	83226900	1795.94
700.822	1	47561300	2027.13
849.87	1	72192800	1833.9
956.847	1	120263000	2085.97
935.735	1	17796500	1951.77
901.849	1	34475700	1984.32
809.04	1	94864200	2028.41
1074.21	1	87764400	2334.38
820.067	1	54495200	2017.49
1222.54	1	9603930	4514.77
557.593	1	20452000	2738.58
616.458	1	46182700	1689.36
490.164	1	58745000	1637.37
975.591	1	60879600	2569.4
669.556	1	64280800	1418.67
929.704	1	52280800	1925.44
1223.44	1	18466800	1335.42
663.864	1	34067600	4176.75
739.85	1	36452800	2091.49
1083.71	1	37273200	3081.11
394.96	1	8561530	202.193
528.24	1	66319400	1800.17
1263.79	1	27287000	3057.72
664.966	1	59856000	2101.92
919.653	1	82759800	1790.26
772.835	1	79569800	4150.93
1024.66	1	87459900	2011.7
1005.95	1	91300700	2267.13
626.862	1	37483200	1120
655.382	1	26637400	1997.48
1026.36	1	65510200	2190.6
895.911	1	75097700	1851.55
731.374	1	28437300	1167.91
672.429	1	11613200	2058.12
1232.13	1	51837300	2799.84
1192.3	1	66056800	2278.38
1223.97	1	24668000	1437.6
580.096	1	41223700	954.177
675.03	1	37452300	2198.87
648.773	1	24629100	1027.58
627.498	1	38247800	1928.49
1018.48	1	109258000	2098.25
1223.94	1	19340900	3188.64
1324.78	1	47868600	2505.17
422.44	1	47760700	4148.87
649.895	1	60281200	2150.78
902.42	1	36655500	2079.44
892.11	1	46963300	2174.39
1224.24	1	33526500	2917.98
861.773	1	78145400	2382.71
975.548	1	48630700	2479.98
884.648	1	5325410	2271.47
679.418	1	32561800	2744.56
839.688	1	21776600	2253.22
605.479	1	25846900	2364.36
874.672	1	47366600	1509.97
1297.97	1	25209500	116.928
1124.38	1	14903900	93.0663
391.69	1	15586900	4009.44
702.063	1	21436700	2740.99
844.789	1	86260100	2435.92
1012.43	1	60032900	1789.25
1016.41	1	68560300	2375.54
447.373	1	47061800	1289.33
991.418	1	94347100	2230.29
716.301	1	19661300	1894.82
368.496	1	24242900	4160.14
1458.26	1	21535700	130.482
1110.7	1	23561200	103.144
811.693	1	33489200	4142.24
1037.91	1	66466700	2762.78
1052.24	1	55726600	4153.37
1110.87	1	80379400	2738.59
818.231	1	31094300	1412.76
1239.4	1	62494100	2439.05
971.47	1	67358600	2755.79
838.756	1	49164200	1951.15
373.234	1	40937800	731.683
1287.02	1	14197100	4209.12
874.091	1	84839100	2110.09
1094.9	1	52977100	4157.85
1253.77	1	51803500	2043.68
710.582	1	10972200	205.416
1356.63	1	41769100	118.95
1059.41	1	43928000	2004.2
1112.92	1	83426600	2447.67
941.119	1	20730200	1889.88
1016.65	1	24938100	2005.15
453.041	1	19038100	2741.85
1187.87	1	41426600	2724.48
732.924	1	65086500	1623.32
619.458	1	13022800	1500.85
1223.13	1	2401880	5037.58
862.545	1	97433100	2006.11
618.793	1	54779400	1609.45
924.285	1	33905600	2021.12
791.953	1	43099500	2326.74
929.93	1	58707100	2627.87
1193.11	1	70990900	2528.79
428.615	1	21942300	653.79
666.739	1	42782900	2358.75
909.76	1	82727000	2455.2
866.294	1	23056300	1434.2
390.262	1	7459100	4098.47
1054.9	1	32348500	2754.3
1059.44	1	90149300	2241.53
977.998	1	74766500	2209.1
581.976	1	59306600	4151.13
467.871	1	40555900	1499.54
548.022	1	58001000	1826.44
1007.09	1	29711900	2345.42
992.199	1	33797400	2302.83
811.234	1	80075000	1626.58
456.192	1	48061600	1124.44
1007.07	1	91427200	1934.86
435.431	1	45284900	1327.42
1068.58	1	21374100	2647.36
914.537	1	71772200	4155.63
396.48	1	11586400	2156.23
936.908	1	93266600	2461.55
1322.61	1	9756650	864.888
985.45	1	11392700	2271.67
813.23	1	68693200	2437.36
1134.51	1	53952100	1835.34
1094.53	1	71678600	2129.67
1260.03	1	19575800	4193.67
1040.2	1	104442000	2084.65
1033.67	1	36921800	2474.64
370.918	1	11864700	926.158
967.713	1	86916200	1945.9
471.29	1	52289700	1145.41
885.38	1	31642500	2154.23
970.355	1	21026800	2499.1
967.915	1	35217400	2204.18
805.667	1	31566700	4175.49
1102.72	1	71428700	2031.79
641.79	1	28380200	1604.07
1455.94	1	32982700	2577.35
1003.01	1	64524600	4158.58
874.668	1	8612790	2258.69
1085.34	1	66679500	2520.53
769.026	1	63772600	1686.49
1065.13	1	75880800	1840.45
1322.49	1	11196200	5066.12
1050.64	1	69242600	1844.52
988.847	1	81013000	1834.62
1159.07	1	65759600	2020.89
966.917	1	28593800	2010.16
409.495	1	33058200	1679.26
860.204	1	72096400	4144.84
748.597	1	31915800	1929.96
920.58	1	24165700	2018.83
1324.18	1	33220600	79.1474
547.595	1	14355400	508.577
415.561	1	20751300	4204.19
723.545	1	25977200	3019.12
1223.53	1	29430900	2835.08
1325.13	1	32346200	1824.61
1279.83	1	47472300	2283.78
363.989	1	36093900	4104.2
1010.73	1	27536100	2097.59
575.402	1	43356200	1681.18
1310.15	1	43756400	2697.04
853.352	1	34144200	2547.35
782.505	1	67150500	2121.81
832.347	1	60118500	1658.19
659.119	1	40770800	4117.6
863.965	1	38881100	1590.09
740.909	1	48513400	1929.31
877.942	1	33819600	2430.45
946.349	1	44456300	2106.02
994.661	1	38177100	2645.99
784.31	1	50726500	1662.14
1022.11	1	39125100	2940.81
948.725	1	36107400	2461.39
792.506	1	36081000	1116
942.999	1	40303300	2177.44
1322.53	1	9897300	5001.16
635.236	1	20880300	2268.87
1136.6	1	49380800	2757.29
905.623	1	18595100	1026.16
1350.82	1	21874100	123.046
594.531	1	48037600	1311.84
1151.02	1	58679900	2187.89
1041.02	1	36310200	1855.49
1138.89	1	40023400	2186.74
731.637	1	54181600	4147.37
974.764	1	55975400	2392.56
596.645	1	50730700	1122.16
1300.49	1	36000800	2896.5
1001.92	1	14661900	2361.17
408.198	1	91741100	4139.93
534.314	1	28342700	4139.95
998.103	1	30918000	1927.24
1267.54	1	60558300	2528.51
969.904	1	66104800	4161.56
869.927	1	11231500	2240.17
489.982	1	27237700	2289.05
794.347	1	41346700	2565.76
1086.17	1	42409100	2356.38
1040.89	1	28003800	1916.11
540.686	1	10219600	1821.68
1093.15	1	54949100	2636.28
1217.81	1	16741500	2271.53
885.65	1	72254700	4159.61
893.297	1	22228700	1681.33
1004.09	1	12223300	2948.69
763.937	1	73450700	2229.66
1106.63	1	26324800	2559.27
1040.52	1	27347500	4194.63
680.943	1	36126200	1822.25
1043.49	1	15081400	4132.46
1225.03	1	46696900	2668.67
523.918	1	55961600	4159.21
1412.93	1	15591400	2750.05
797.02	1	54893000	2008.85
1061.02	1	38696100	2159.6
1107.68	1	21581400	2355.52
729.237	1	37442100	2269.87
702.623	1	73939700	1923.49
519.234	1	50026300	1675.71
507.866	1	11654100	1813.18
1284.97	1	25165100	1508.91
1129.29	1	44187900	2844.51
851.675	1	27450200	4160.62
1018.17	1	76719000	1902.56
985.217	1	64596400	1901.21
1170.45	1	59957000	2558.11
745.582	1	77992000	2334.81
706.798	1	68330400	2147.14
619.729	1	3013070	1556.26
992.535	1	35248000	4168.89
853.053	1	26318700	1958.21
874.418	1	40103900	4158.89
680.621	1	56896100	1517.46
1006.68	1	24994000	1628.97
418.191	1	18891700	4117.95
794.969	1	66602400	4151.8
1223.94	1	27763500	3060.18
502.357	1	53058700	1958.86
1126.36	1	69860400	4143.01
1322.47	1	16321200	610.332
722.044	1	36464100	2672.58
1127.99	1	51715100	2256.93
1053.21	1	54263000	2095.93
842.46	1	93403800	2116.32
1129.86	1	61061800	2111
1322.55	1	18897100	737.003
901.523	1	44463700	2841.4
658.99	1	27287800	1389.63
314.851	1	11912500	4219.36
1378.71	1	16726500	130.353
1123.68	1	38862100	2198.2
666.527	1	35370800	1115.3
1104.49	1	70545200	1836.66
920.83	1	77204100	2548.09
663.998	1	33753100	2185.14
993.316	1	18176800	2420.48
671.666	1	74291500	1606.24
792.012	1	45951000	1520.6
1322.42	1	16205400	476.939
695.116	1	11144700	1896.25
1081.87	1	73453800	1958.48
981.649	1	12481300	2274.18
660.291	1	41330600	1773.88
784.305	1	23383600	972.694
952.467	1	65935200	4151.71
1224.5	1	34260600	1583.05
552.158	1	33014900	1624.99
775.147	1	28725000	2088.73
865.451	1	39088300	2186.57
609.428	1	24964900	1610.14
917.776	1	53948400	2635.62
1322.46	1	14867500	4893.21
456.767	1	40706500	4118.08
1080.89	1	34701800	2256.01
1106.32	1	24364300	2493.48
557.368	1	28314500	2016.58
1098.8	1	43531400	2555.54
796.192	1	31470400	1937.48
930.185	1	32968200	2111.91
1101.34	1	31411600	1599.61
748.641	1	6647090	1886.99
722.003	1	25401400	113.056
1205.67	1	54301000	2758.5
1323.02	1	16534400	1026.44
772.364	1	48472200	2144.47
949.486	1	68280200	2267.4
372.711	1	23011200	1685.66
1174.9	1	77896300	2443.29
876.235	1	42077100	1707.65
611.269	1	58064700	1794.91
963.439	1	72742600	2600.58
1010.86	1	33003000	2026.17
834.771	1	16923900	2422.64
963.707	1	10771900	2180.51
1219.18	1	14359200	2829.1
1110.17	1	65979300	1935.89
651.436	1	33926100	1788.51
760.91	1	20274500	1701.67
1049.5	1	26788400	2758.56
1261.73	1	35978300	2595.84
956.876	1	30424300	127.526
1096.08	1	50894000	1939.13
1014.35	1	71434400	2579.1
1122.66	1	17225400	2143.45
1004.87	1	36859700	2080.22
1086.53	1	63603700	2057.25
979.499	1	39879300	1763.29
1132.39	1	70236700	2521.22
509.483	1	53522800	1354.07
1008.06	1	2330370	2128.03
1200.14	1	43135800	2025.07
630.303	1	31312300	4149.46
866.552	1	21428800	3172.19
850.892	1	30550000	2384.71
494.354	1	15984600	4168.79
1275.92	1	14423900	1107.39
1066.35	1	45397500	1629.04
1444.88	1	31382600	2434.74
675.198	1	37185700	1767.82
824.083	1	46102000	1615.76
1396.11	1	20003900	1412.33
367.395	1	32218100	125.601
1323.05	1	5812830	672.268
1071.14	1	21283700	123.589
450.699	1	23430900	1394.64
1370.55	1	31289900	2589.88
911.158	1	55031000	2719.72
1322.54	1	17904900	291.649
661.623	1	19885100	1590.77
983.195	1	59621000	1606.13
1029.26	1	10455500	4230.82
363.774	1	9078140	112.946
695.034	1	29405700	4160.35
994.429	1	25890500	2127.89
778.702	1	21355600	1594.32
698.393	1	40124200	1756.12
720.157	1	62232800	4153.27
1031.6	1	8138310	2259.95
788.483	1	30563000	2836.6
900.844	1	69361100	4161.32
878.611	1	6202240	2157.34
442.396	1	38594800	4126.41
1215.51	1	32825900	2314.99
968.435	1	34520700	2432.28
1150.13	1	43986800	1835.78
1065.01	1	64682800	2561.69
928.561	1	41418900	2447.79
978.982	1	41266500	1929.92
495.18	1	44869100	1819.14
1223.3	1	15651600	3689.28
967.234	1	33350900	2921.6
1112.13	1	35529400	2648.06
505.156	1	26473800	1748.46
1263.39	1	52637500	119.99
339.23	1	9625830	4098.5
1122.76	1	41295900	2436.33
1029.17	1	41670400	1669.84
832.443	1	29419100	2346.28
822.991	1	31526500	2741.44
