982.301	1	8.01673E8	2698.31
1081.5	1	2.52273E8	3032.11
563.822	1	1.25926E8	4187.42
441.315	1	1.91228E8	1198.04
339.4	1	2.47235E8	4133.32
1162.41	1	2.28328E8	2138.57
451.777	1	1.10325E8	2940.63
582.34	1	1.24652E8	2140.84
901.982	1	7.2523E7	2938.05
552.478	1	4.96519E7	1469.05
832.05	1	9.65405E7	2507.34
1055.13	1	1.35833E8	2601.44
839.137	1	5.69696E7	1378.8
388.997	1	8.32491E7	3446.16
750.679	1	7.28487E7	2138.8
1121.45	1	2.27432E8	2666.53
917.452	1	1.14103E8	1989.46
730.378	1	1.21504E8	2451.27
1153.31	1	6.87784E7	2721.6
992.795	1	9.0578E7	2138.87
1154.71	1	1.08603E8	2650.28
459.554	1	5.33097E7	1989.06
935.09	1	9.95548E7	1968.22
881.722	1	8.90718E7	2114.62
612.866	1	4.06189E7	1427.54
538.624	1	7.14874E7	4182.23
983.685	1	1.58636E8	2749.46
1457.62	1	7.71253E7	2450.82
451.51	1	5.58863E7	2757.06
1186.15	1	1.42362E8	2616.86
920.808	1	8.0343E7	1863.97
602.167	1	3.86039E7	1929.54
655.923	1	5.30573E7	2698.3
915.788	1	1.65396E8	2596.07
443.418	1	5.16419E7	1531.26
1258.76	1	6.32856E7	2134.57
1274.96	1	6.20534E7	2213.48
391.388	1	8.96742E7	108.211
982.1	1	1.27938E8	2491.77
392.588	1	1.78214E8	4143.65
576.974	1	4.74615E7	2799.19
987.234	1	1.93999E8	2687.79
424.665	1	3.19588E7	1560.48
665.235	1	4.69246E7	1795.07
748.096	1	9.68508E7	2590.4
352.202	1	2.52089E8	4143.67
638.658	1	1.58487E8	4161.83
859.014	1	5.70586E7	1926.56
623.997	1	5.46348E7	1877.56
339.814	1	5.45016E7	4197.79
628.221	1	5.37517E7	2700.18
1110.02	1	1.21119E8	2595.01
1136.41	1	6.20472E7	1914.53
818.511	1	6.34795E7	2846.27
391.887	1	6.96637E7	4231.84
1337.32	1	7.9486E7	2702.82
351.312	1	4.51002E7	1289.84
1103.29	1	3.2565E7	1468.81
941.522	1	9.43167E7	2468.67
827.236	1	5.9544E7	1816.17
1032.41	1	7.37216E7	2946.94
392.375	1	1.02552E8	1148.23
1236.96	1	4.46791E7	2007.61
1025.38	1	2.93908E7	1427.54
1434.7	1	6.27446E7	2632.58
881.11	1	3.86235E7	1197.65
576.428	1	3.98175E7	1549.88
996.435	1	3.60036E7	1640.46
1242.27	1	3.10627E7	1880.68
1424.41	1	6.50103E7	2703.51
760.798	1	6.37051E7	1939.09
665.049	1	1.45079E8	4167.07
391.425	1	5.91123E7	244.48
405.962	1	1.28297E8	4148.34
392.04	1	7.11567E7	1029.93
1250.24	1	4.76784E7	2780.47
1311.56	1	4.71417E7	3214.94
648.512	1	3.90846E7	1267.55
391.872	1	6.39472E7	945.816
934.099	1	4.24702E7	1927.26
864.281	1	6.90841E7	2146.72
1106.93	1	9.02278E7	2525.41
827.251	1	1.29706E8	2180.92
556.628	1	8.07007E7	4175.7
391.74	1	7.41782E7	826.167
391.606	1	5.92414E7	687.008
391.449	1	5.43485E7	342.299
983.49	1	1.03771E8	2866.82
1388.53	1	5.67704E7	2273.82
999.723	1	1.24713E8	2638.84
454.885	1	1.36859E8	4127.84
417.209	1	5.42808E7	1225.92
719.219	1	6.42601E7	1993.32
657.992	1	3.34659E7	1535.62
391.435	1	2.64618E7	175.56
391.436	1	5.48681E7	503.872
469.422	1	3.76298E7	1173.42
630.969	1	2.12397E7	939.579
388.124	1	3.7195E7	4132.56
1187.98	1	1.00033E8	2426.07
391.501	1	3.69802E7	4324.76
392.057	1	2.66663E7	756.959
802.36	1	5.72116E7	1806.85
1491.96	1	6.61088E7	2598.37
1081.57	1	3.7842E7	1465.1
620.042	1	4.67732E7	2006.63
864.901	1	4.32449E7	3018.39
391.423	1	5.50383E7	4598.85
1218.01	1	1.14261E8	2429.98
468.899	1	4.1063E7	1968.13
392.776	1	2.79982E7	893.896
391.44	1	3.02336E7	427.388
391.602	1	3.72693E7	607.116
402.455	1	3.71257E7	1333.71
857.388	1	5.5647E7	2139.71
869.331	1	3.45152E7	3185.18
583.543	1	4.30541E7	1685.9
1008.27	1	6.40971E7	2184.39
1114.84	1	6.7096E7	2849.32
391.535	1	3.46047E7	38.8699
755.179	1	5.50527E7	2435.81
715.926	1	7.10525E7	106.924
864.365	1	3.13024E7	1537.46
983.688	1	1.34782E8	2594.32
391.402	1	5.5316E7	4895.23
416.244	1	5.05476E7	1106.1
1098.13	1	5.29795E7	2266.72
391.414	1	5.09288E7	4697.83
1251.1	1	4.86985E7	2287.95
391.487	1	3.36089E7	4517.46
673.282	1	4.07365E7	2439.16
571.324	1	6.20517E7	1170.16
1474.4	1	4.21974E7	2900.65
391.412	1	4.79376E7	5048.58
629.973	1	3.182E7	1403.54
624.004	1	1.01904E8	4170.92
830.199	1	2.93347E7	1233.08
391.491	1	1.21477E7	564.96
1085.05	1	5.68369E7	3030.91
392.665	1	7.53114E7	1278.7
1163.23	1	3.68073E7	1685.27
1224.79	1	9.20632E7	2701.25
1137.66	1	7.63445E7	2996.58
824.61	1	1.04535E8	2290.22
391.415	1	4.59872E7	4793.82
467.999	1	4.49831E7	992.029
1207.61	1	8.6685E7	2628.29
721.018	1	5.74402E7	1889.28
1088.8	1	4.7481E7	2029.27
372.546	1	1.46202E8	4158.92
914.178	1	3.10275E7	1977.36
777.027	1	4.25857E7	1643.76
1056.41	1	2.66345E7	1367.6
761.593	1	4.76221E7	2017.98
391.463	1	2.39368E7	4975.03
1270.48	1	6.74352E7	2477.63
392.087	1	4.09077E7	1687.34
1072.02	1	4.72106E7	1980.36
1124.79	1	8.05285E7	2746.43
1349.46	1	7.12616E7	2579.27
711.702	1	5.94796E7	104.892
648.818	1	4.35598E7	1676.64
711.112	1	4.69444E7	2001.35
970.485	1	1.27944E8	2695.7
527.916	1	3.56039E7	1186.27
484.773	1	1.17609E8	4145.32
339.722	1	7.02297E7	109.167
847.961	1	3.0501E7	1566.52
774.147	1	2.2901E7	3443.6
839.333	1	8.27897E7	2469.92
1326.75	1	4.34037E7	2890.3
997.763	1	1.56848E8	2452.61
766.853	1	3.47384E7	1339.0
1057.72	1	7.78316E7	2275.21
938.155	1	2.10755E7	1185.55
391.338	1	7.20951E7	1354.05
391.998	1	4.85308E7	2108.04
317.357	1	3.11106E7	1145.17
1391.2	1	6.80283E7	2454.72
626.591	1	2.95084E7	2292.94
530.974	1	3.69033E7	1366.89
392.152	1	4.36858E7	1486.44
461.013	1	5.18525E7	1197.36
680.703	1	1.15195E8	4147.36
392.2	1	3.25892E7	2429.55
1486.47	1	3.60724E7	2265.77
901.754	1	9.94185E7	2476.06
957.148	1	2.70857E7	1475.46
1299.67	1	3.07901E7	2048.38
637.492	1	2.88198E7	1175.05
391.833	1	3.59325E7	2203.09
1163.89	1	4.78986E7	2188.51
824.51	1	8.66941E7	2658.31
1048.18	1	2.66697E7	1655.93
1031.79	1	1.01339E8	2645.71
1450.25	1	4.10501E7	2725.7
684.969	1	4.68945E7	2464.92
1495.29	1	4.17742E7	2703.3
543.308	1	3.27264E7	1468.93
942.873	1	3.5934E7	3076.02
391.757	1	2.90409E7	2348.56
1018.92	1	1.65748E8	2562.47
392.236	1	3.79944E7	1806.95
1151.93	1	3.59654E7	1548.29
1180.61	1	5.86299E7	2810.18
884.412	1	3.36741E7	1534.6
781.076	1	5.71689E7	1796.82
452.008	1	2.59124E7	3007.04
927.871	1	1.00822E8	2455.46
1219.13	1	3.51671E7	2700.65
809.247	1	2.58278E7	1429.03
959.553	1	8.68511E7	2635.0
1022.61	1	1.01034E8	2703.75
331.907	1	1.07905E8	4132.98
612.992	1	1.05434E8	4159.23
770.61	1	6.95787E7	2469.21
846.176	1	4.35316E7	3045.78
391.998	1	4.93627E7	1584.53
1066.19	1	3.98982E7	1649.67
392.255	1	6.86047E7	2735.4
431.805	1	1.03906E8	4167.49
1134.09	1	9.99226E7	2475.26
1138.67	1	4.51215E7	2946.24
638.203	1	4.14615E7	2474.13
1032.04	1	5.64209E7	2197.34
392.341	1	2.94249E7	2629.2
461.772	1	2.50058E7	987.755
446.506	1	4.45652E7	735.086
964.044	1	7.60061E7	2196.04
391.808	1	3.8102E7	3722.65
391.75	1	2.86694E7	3059.02
391.469	1	2.64586E7	4440.09
588.739	1	2.18058E7	1331.26
920.685	1	4.5581E7	2466.54
1111.89	1	6.73492E7	2302.5
804.096	1	2.81346E7	1487.42
375.201	1	4.59773E7	1027.21
368.944	1	8.05244E7	4122.08
522.339	1	2.14489E7	1164.33
318.162	1	1.24327E8	4141.04
1203.59	1	4.8864E7	1936.44
1117.0	1	6.35475E7	2707.32
1011.46	1	6.35605E7	2769.83
915.086	1	4.97504E7	1859.18
1474.73	1	1.37181E7	3546.39
382.728	1	7.28636E7	4152.87
363.529	1	3.64325E7	4162.1
634.229	1	3.3028E7	4144.5
391.553	1	7481090.0	4389.8
690.234	1	2.27712E7	1166.55
722.955	1	3.02515E7	3033.46
1205.77	1	5.65689E7	2570.25
817.996	1	2.28839E7	986.548
392.195	1	4.44346E7	2918.38
1149.81	1	5.27067E7	2745.5
1117.81	1	4.92461E7	2781.46
391.97	1	4.14082E7	2004.17
384.236	1	2.97081E7	1338.94
574.503	1	3.52158E7	1663.7
1064.51	1	9.86127E7	2705.66
311.963	1	3.94519E7	4162.63
671.814	1	5.02789E7	2702.98
924.213	1	5.4613E7	2808.84
800.172	1	6.14107E7	1885.53
801.262	1	2.47139E7	1334.06
1067.56	1	2.70846E7	3101.48
391.854	1	3.46628E7	3167.88
470.227	1	1.48065E8	4142.66
1223.15	1	3.03213E7	1438.03
463.001	1	3.62954E7	1119.01
886.487	1	2.8328E7	1465.0
1091.59	1	1.10109E8	2610.33
1001.37	1	1.06384E8	2720.13
1224.42	1	5.6314E7	4188.02
454.359	1	4.17087E7	881.423
1241.04	1	5.29976E7	2738.97
810.101	1	6.01851E7	1999.75
392.18	1	1.62834E7	2997.81
447.097	1	8.47287E7	4162.69
972.776	1	2.45293E7	3216.21
1246.43	1	6.97894E7	2963.99
921.278	1	5.25809E7	1942.47
759.808	1	4.21509E7	2335.57
741.883	1	6.14021E7	2466.77
1428.99	1	5.47208E7	2448.41
466.432	1	1.26671E7	2844.76
1108.14	1	4.48354E7	2792.37
361.261	1	5.29271E7	1045.06
1004.1	1	2.65722E7	3597.2
1291.99	1	1.64369E7	1677.03
747.738	1	5.72852E7	2711.07
392.653	1	4.76581E7	1906.08
864.999	1	2.45692E7	1166.56
814.647	1	1.14034E8	2588.14
765.067	1	5.08529E7	2192.81
1225.87	1	5.85711E7	4125.2
1225.79	1	7.46785E7	2621.86
1194.06	1	9.1322E7	2700.36
984.971	1	7.57003E7	1947.35
414.177	1	4.56811E7	996.826
1245.95	1	7.19591E7	2467.15
1195.43	1	2.08798E7	1679.43
791.588	1	8.36413E7	2583.0
518.024	1	4.5344E7	1317.6
1081.95	1	3.29893E7	3097.67
1207.64	1	7.03798E7	2710.16
482.594	1	5.25814E7	1121.36
701.164	1	4.19635E7	1293.93
728.482	1	9.92014E7	4148.88
508.788	1	1.14422E8	4147.57
1212.05	1	5.41081E7	2944.34
904.304	1	6.85933E7	2760.5
879.059	1	7.99038E7	2025.64
392.479	1	2.49833E7	2829.3
307.075	1	4.15568E7	4141.19
1145.98	1	3.98979E7	3069.18
1193.92	1	1.72721E7	3408.97
1222.35	1	2.40957E7	936.785
893.439	1	6.6741E7	1910.9
399.829	1	4.33739E7	4136.3
1072.3	1	8.16665E7	2485.23
419.368	1	4.20474E7	788.346
887.48	1	4.6547E7	2895.7
391.612	1	3.29625E7	3548.52
610.096	1	3.31689E7	2414.64
572.146	1	4.90681E7	1915.83
1222.89	1	2.62487E7	1170.23
454.441	1	7.65946E7	1073.02
617.788	1	5.47616E7	2090.34
863.693	1	3.37975E7	1686.04
855.391	1	3.87977E7	2933.53
940.198	1	8.26349E7	2230.33
816.653	1	3.85499E7	1734.09
877.731	1	1.31469E8	2552.27
935.283	1	1.18969E7	1159.73
725.191	1	3.23097E7	2436.22
533.79	1	7.30658E7	4140.58
488.7	1	1.93277E7	2451.11
392.335	1	3.00752E7	2553.03
777.35	1	8.96669E7	4150.04
386.938	1	3.61013E7	1001.97
1108.0	1	7.10312E7	2702.19
1067.32	1	1.07249E8	2609.31
1124.36	1	1.08775E8	2597.24
454.212	1	2.44428E7	998.964
1223.26	1	3.52893E7	3054.51
1312.32	1	5.97504E7	2705.78
1222.4	1	2.68705E7	1056.25
395.61	1	4.74269E7	1215.38
657.341	1	6.89029E7	1887.29
861.172	1	6.25775E7	2449.27
1056.57	1	4.12188E7	2355.25
973.551	1	7.34269E7	2480.94
608.39	1	4.33266E7	2124.26
1146.79	1	3.5901E7	1761.83
875.036	1	1.16568E8	4147.99
1011.62	1	5.83548E7	2695.79
696.635	1	4.19419E7	2448.35
956.195	1	6.03358E7	1872.57
705.733	1	7.44759E7	2114.3
1103.45	1	6.24069E7	2606.07
360.774	1	2.67242E7	4113.5
428.08	1	4.87296E7	4127.33
816.217	1	1.02295E8	4157.15
1169.23	1	7.99486E7	2465.63
1223.29	1	2.76714E7	99.9633
1008.32	1	7.97938E7	1936.26
549.483	1	7.51064E7	4152.79
971.548	1	6.98152E7	2149.38
1086.57	1	4.94761E7	2837.9
961.939	1	8.93215E7	2939.59
596.312	1	1.17892E8	4155.65
1137.97	1	1.3731E8	2665.15
767.701	1	3.64162E7	4141.28
391.906	1	1.82361E7	3651.47
790.238	1	7.21464E7	1935.46
1048.38	1	6.31236E7	2601.75
1223.64	1	6729760.0	1118.36
391.838	1	2.20778E7	3387.02
1357.22	1	5.46306E7	2467.57
853.812	1	2.10274E7	1182.53
600.483	1	2.3481E7	2703.19
430.443	1	8.72766E7	1126.39
997.075	1	9.67375E7	2556.62
329.168	1	4.00986E7	3018.26
1169.36	1	4.01565E7	2132.66
1089.5	1	5.79071E7	4178.55
1056.33	1	2.94099E7	2698.16
463.069	1	3.54953E7	4152.62
838.808	1	6.47698E7	1995.58
1183.41	1	8.82119E7	2542.22
1003.5	1	6.27353E7	2827.02
1131.26	1	9.25812E7	2304.84
1113.3	1	5.40533E7	2213.98
606.539	1	3.70497E7	1997.58
1344.72	1	4.78033E7	2453.33
392.357	1	9506800.0	2497.1
392.698	1	1.08756E7	4079.16
391.713	1	2.03046E7	3314.92
1222.35	1	2.53669E7	619.879
1092.49	1	3.35874E7	1654.3
1222.5	1	6198760.0	995.988
968.74	1	5.64825E7	1884.42
734.278	1	2.92938E7	1124.37
875.101	1	6.55089E7	107.147
696.247	1	5.22067E7	1944.22
1365.47	1	1.00795E8	2708.53
1162.92	1	6.10109E7	2370.09
1105.92	1	1.01191E8	2438.88
784.827	1	4.29645E7	2610.98
1041.57	1	1.06983E8	2470.39
1083.6	1	9.81726E7	2707.69
1204.68	1	4.50356E7	2513.67
1222.33	1	2.32895E7	446.699
549.819	1	4.28132E7	1903.22
1222.53	1	1.36996E7	4286.84
1222.38	1	2.34903E7	753.922
1222.48	1	1.83345E7	852.365
903.545	1	2.28549E7	1068.25
1199.24	1	4.76117E7	2541.83
1082.69	1	9.88842E7	2445.95
995.513	1	2.22055E7	2740.11
1181.98	1	7.72716E7	2167.92
520.405	1	2.189E7	877.602
507.9	1	3.32926E7	1542.22
854.949	1	7.70689E7	2688.93
853.626	1	3.33644E7	1950.18
495.159	1	3.65092E7	1953.66
985.547	1	6.48507E7	3026.36
1170.48	1	1.08856E8	2598.05
1222.4	1	1.34529E7	366.097
555.719	1	4.79962E7	1556.56
1222.36	1	1.41417E7	306.834
1408.56	1	3.85995E7	2947.46
1497.17	1	2.5373E7	2457.22
1102.23	1	4.52746E7	1569.42
919.756	1	2.22612E7	1663.85
898.186	1	6.44168E7	2161.51
891.989	1	4.51585E7	2104.34
993.798	1	5.62944E7	2265.64
1222.31	1	1.9437E7	4770.13
1384.16	1	8.30178E7	2615.83
1222.39	1	1.48026E7	5063.52
579.616	1	3.3127E7	1395.22
1226.81	1	6.20048E7	2794.38
1222.37	1	1.57558E7	241.388
1079.51	1	1.71239E7	3020.54
985.974	1	5.67227E7	2949.01
1116.85	1	6.70276E7	3017.57
834.043	1	4.69089E7	1908.03
1134.52	1	4.87213E7	1967.89
1105.14	1	3.6635E7	2360.37
839.87	1	3.2055E7	3238.68
1045.23	1	8.25489E7	4153.17
600.666	1	3.02351E7	2140.69
1223.67	1	3163010.0	812.87
1224.11	1	6.52645E7	2297.86
509.135	1	2.59615E7	1454.53
884.107	1	2.4566E7	1307.28
1009.17	1	5.79392E7	2321.04
1354.97	1	4.11704E7	2948.77
402.932	1	4.25955E7	1118.12
856.717	1	4.16645E7	2198.51
1114.57	1	1.58328E7	1273.37
978.366	1	1.05729E8	4151.22
1002.03	1	8.65568E7	4150.24
418.282	1	1.09319E8	4140.98
705.809	1	1.03585E8	4157.52
1109.55	1	5.16966E7	2912.6
1374.11	1	1.64483E7	3213.13
1080.28	1	2.71177E7	2848.43
1222.44	1	1.57945E7	529.38
975.407	1	6.61476E7	2597.36
913.339	1	7.29792E7	2657.42
1185.08	1	2.87943E7	2463.17
1398.96	1	7.17319E7	2679.08
415.953	1	3.35682E7	4210.55
756.04	1	9.85767E7	4150.12
1329.27	1	2.36324E7	1796.95
928.945	1	1.0277E8	2595.62
1111.12	1	5.6097E7	1945.98
967.957	1	4.9071E7	2819.12
302.288	1	2.658E7	928.611
392.883	1	2.10582E7	2284.05
1269.29	1	9.78112E7	2602.45
998.203	1	3.2251E7	2858.57
979.455	1	2.38723E7	2717.81
708.758	1	1.24253E7	112.075
896.849	1	1.95284E7	2440.02
898.913	1	8.57105E7	2671.55
1222.47	1	1.44909E7	174.628
1222.37	1	2.19429E7	4944.53
923.454	1	2.68744E7	1325.68
1222.63	1	6679060.0	691.934
1085.6	1	2.09799E7	2641.56
792.006	1	6.04184E7	4183.14
933.118	1	1.21199E8	4142.25
1030.56	1	7.38137E7	2458.04
838.535	1	7.52906E7	2290.1
1370.03	1	7.79027E7	2628.43
1311.76	1	5.24593E7	2981.18
1126.56	1	2.65989E7	2471.07
1222.36	1	1.43759E7	4855.52
1222.59	1	6730870.0	5016.77
392.96	1	5539970.0	3618.29
1370.87	1	5.41054E7	2474.52
1385.23	1	3.01134E7	2451.59
1145.28	1	1.01559E8	2595.21
471.504	1	2.11263E7	2698.35
1307.42	1	3.21679E7	3044.05
876.343	1	7.79233E7	2707.47
526.476	1	3.89828E7	4162.19
839.04	1	1.00895E8	2596.09
657.915	1	1.24615E7	3211.16
1222.59	1	3.52719E7	3012.71
1487.34	1	1.97202E7	1878.5
894.928	1	7.56658E7	2594.26
1178.3	1	5.41143E7	2020.1
663.919	1	2.00212E7	2707.09
771.71	1	6.44574E7	1885.81
1299.18	1	5.52384E7	2299.05
827.775	1	3.98488E7	2597.9
437.665	1	7.40417E7	1213.86
1022.74	1	3.31958E7	2637.85
445.666	1	2.52493E7	4108.51
959.055	1	9.22794E7	2516.78
822.637	1	3.70999E7	1844.85
654.486	1	7.12299E7	2063.28
845.522	1	1.10155E8	4149.03
1156.11	1	1.12316E8	2558.89
1136.55	1	3.16297E7	3078.93
487.821	1	2.55439E7	1049.35
747.193	1	1.89302E7	1020.26
386.097	1	3.52931E7	830.389
392.27	1	1.8173E7	3247.54
1119.29	1	7.75746E7	2524.86
1148.29	1	6.31112E7	1880.2
461.401	1	3.03909E7	1617.67
448.625	1	5.66489E7	1179.99
442.289	1	9711360.0	1163.77
990.09	1	4.44683E7	2490.65
967.176	1	7.26071E7	2594.78
442.846	1	4.85509E7	1319.97
631.65	1	2.80502E7	1154.07
924.749	1	6.14745E7	1811.07
764.665	1	1.66278E7	4134.02
750.907	1	4.33987E7	1880.1
943.509	1	1.01943E8	2614.81
1265.67	1	7.07033E7	4140.29
1223.38	1	2.26686E7	1319.81
333.878	1	1.8555E7	3453.28
1222.39	1	1.85913E7	4673.1
1289.86	1	4.05177E7	2135.18
577.469	1	2.96328E7	1113.48
956.067	1	4.81974E7	2686.06
667.616	1	3.09212E7	1328.78
822.479	1	9381610.0	2594.6
1048.24	1	7.55416E7	2125.75
668.015	1	5.18124E7	4125.5
497.254	1	8.66413E7	4150.14
1222.43	1	1.45091E7	4595.53
477.319	1	2.36579E7	4114.61
760.346	1	4.28493E7	2103.93
649.162	1	3.54633E7	1350.59
802.348	1	1.02112E8	4143.43
1222.51	1	1.29696E7	27.7658
1133.56	1	5.68863E7	2728.5
1222.45	1	1.13097E7	4531.08
1100.34	1	3.54797E7	2518.03
1193.92	1	3.75335E7	2549.99
396.649	1	1.84355E7	1757.14
1189.01	1	7.36349E7	4148.36
1225.65	1	4.63693E7	2883.44
798.001	1	6.11059E7	2699.11
1166.62	1	4.10588E7	1939.71
995.057	1	9650110.0	2676.05
1277.48	1	3.86358E7	2848.98
412.436	1	3.47103E7	1436.61
1307.16	1	4.44964E7	2222.51
987.454	1	3.50864E7	2429.45
890.006	1	2.94089E7	1385.15
554.304	1	1.18009E7	2946.3
707.402	1	5.51378E7	1881.37
877.45	1	7.80535E7	2267.51
878.649	1	1.89496E7	1158.04
521.572	1	3.65071E7	4157.48
1224.04	1	8628160.0	1389.99
1147.9	1	7.94759E7	2453.82
1487.03	1	1.77147E7	3067.64
708.651	1	5.3079E7	2599.0
824.713	1	3.73998E7	2114.58
891.217	1	3.3582E7	2441.64
1084.19	1	1.78332E7	2020.7
899.004	1	8.06021E7	4178.74
1083.81	1	2.7592E7	2592.64
1487.0	1	2.50904E7	2624.53
709.483	1	4.22187E7	2460.38
1142.99	1	3.97192E7	2533.33
881.981	1	4.84408E7	2190.67
1320.19	1	7.76496E7	2531.49
1149.8	1	5.30246E7	2825.29
1431.78	1	5.28195E7	2550.6
441.637	1	3.7058E7	4151.74
1024.41	1	3.23935E7	2472.21
1041.05	1	8.18148E7	2730.35
790.825	1	2.54758E7	4125.51
438.958	1	2.41016E7	4124.77
1201.2	1	1.64322E7	2650.58
413.751	1	3.98423E7	1269.54
1301.9	1	8.61356E7	2608.35
1060.48	1	6.61496E7	2529.16
1301.8	1	6.80349E7	2472.64
1026.74	1	9.04708E7	4145.72
823.826	1	3.89301E7	2053.33
889.843	1	5.23435E7	1972.52
1392.46	1	3.20195E7	2386.43
602.842	1	5.27367E7	1558.44
914.953	1	1.36698E7	1651.2
912.654	1	9.00164E7	2427.27
783.535	1	1.1608E7	3391.69
1258.37	1	6.69884E7	2700.39
969.18	1	4.2698E7	4185.21
1065.13	1	3.13173E7	2457.15
1126.12	1	5.79992E7	2886.28
1324.06	1	3.52182E7	2942.92
355.895	1	1.0617E7	4097.19
1095.47	1	3.70256E7	2460.29
850.712	1	9.02537E7	2568.63
1311.12	1	6.40015E7	2570.94
817.186	1	6.73225E7	2511.34
741.132	1	1.79629E7	2707.58
502.779	1	2.51269E7	953.914
910.265	1	3.76781E7	1795.66
1006.68	1	5.90495E7	2114.39
907.745	1	3.24743E7	2597.19
778.277	1	2.58219E7	2590.27
1099.35	1	4.6543E7	1811.36
959.768	1	5.56326E7	2251.8
1284.28	1	7.41013E7	2611.53
991.889	1	3.42727E7	3108.43
1240.16	1	2.28245E7	2460.88
328.833	1	2.31698E7	4192.08
1252.14	1	4.95197E7	2646.14
862.91	1	6.45085E7	2647.95
1223.63	1	2.75189E7	1560.53
896.016	1	6.45026E7	2288.05
1171.57	1	4.89497E7	2868.76
780.427	1	4.34761E7	1333.22
1166.55	1	8.17467E7	2674.44
933.081	1	2.98677E7	1649.1
1004.0	1	3.78359E7	1741.17
865.041	1	4.7909E7	2386.61
1355.11	1	6.05575E7	4146.18
1040.26	1	5.80218E7	2596.34
583.682	1	8.12805E7	4150.33
1213.22	1	6.30169E7	2131.32
1274.28	1	3.16005E7	2546.46
1016.63	1	5.80835E7	2460.18
622.148	1	2.84176E7	4114.18
1035.84	1	3.80111E7	104.784
1408.49	1	2.68161E7	1882.61
1059.65	1	2.81904E7	2447.0
1159.44	1	4.50025E7	2449.78
590.546	1	5.31077E7	2152.86
947.138	1	6.18676E7	1954.21
1159.87	1	2.09142E7	1512.12
1272.79	1	6.29373E7	2734.94
446.647	1	4.06742E7	107.831
913.506	1	1.13132E8	4147.55
1419.44	1	7.18982E7	2623.41
326.64	1	1.18825E7	4110.25
1031.74	1	6.47745E7	2557.88
547.402	1	2.73973E7	2026.89
624.945	1	3.91015E7	1564.12
817.515	1	2.98829E7	2119.33
1100.68	1	1.59708E7	3449.04
862.428	1	6.27599E7	4172.48
718.561	1	4.78803E7	4152.91
658.71	1	4.30782E7	4143.08
574.848	1	7.49836E7	4148.69
1320.52	1	6.12745E7	2121.84
1289.23	1	1.42715E7	1499.91
690.56	1	6.61682E7	2162.95
892.476	1	5.40643E7	4130.77
358.485	1	1.52869E7	2700.87
648.288	1	4.54693E7	2136.86
1228.67	1	5.05894E7	2414.91
1137.14	1	4.4013E7	2565.63
1082.63	1	4.35253E7	4144.84
820.649	1	7.28197E7	2448.73
1075.1	1	4.53322E7	4162.15
1425.39	1	4.55643E7	4153.4
695.601	1	5.05697E7	4174.37
1180.58	1	5.05942E7	1934.2
1326.09	1	5.51073E7	4168.42
1225.22	1	5.93154E7	2121.29
1135.66	1	6197600.0	2533.52
992.564	1	3.15177E7	2622.33
1053.4	1	3.59926E7	2466.76
863.969	1	3.66639E7	1326.51
303.736	1	1.49392E7	2145.8
1023.99	1	6.71214E7	2334.33
1054.45	1	3.063E7	2671.06
1288.96	1	6.52247E7	2714.58
1223.89	1	1.30927E7	1245.27
943.16	1	6.84367E7	2331.24
997.358	1	4.31201E7	2194.02
1079.31	1	5.03174E7	2570.26
1127.16	1	7.85351E7	4150.26
610.909	1	4.57226E7	1797.03
363.762	1	4.66729E7	1153.87
1046.62	1	1.65672E7	3273.26
862.355	1	7.12939E7	2556.58
1461.63	1	6.41073E7	2550.68
1023.31	1	2.49335E7	4209.51
699.134	1	2.51023E7	2607.07
462.302	1	3.41493E7	1868.56
1062.8	1	4.71566E7	1933.13
1101.54	1	3.58437E7	2663.99
934.319	1	4.64958E7	2352.59
940.171	1	5.78285E7	2532.03
618.336	1	3.31849E7	1901.26
932.741	1	2.69848E7	2252.96
721.971	1	3.52562E7	2308.0
1223.29	1	1.45646E7	3319.63
1223.95	1	2.87824E7	3168.28
1122.73	1	1.98714E7	2448.35
714.554	1	4.78214E7	1814.26
544.111	1	2.31135E7	2695.58
1244.64	1	3.78765E7	2641.23
435.419	1	3.61939E7	1551.55
673.021	1	5.91415E7	1892.82
822.724	1	2.88118E7	108.873
1122.63	1	5.96345E7	1920.16
1338.42	1	6.41378E7	4145.99
993.034	1	2.48374E7	1681.67
1499.02	1	1.32775E7	2627.51
567.124	1	5.35982E7	4152.07
846.175	1	4.50194E7	2859.3
1322.61	1	7.56502E7	2660.08
1091.86	1	4.81334E7	1934.73
739.539	1	5.65912E7	2595.37
913.243	1	4.30434E7	2732.91
1156.65	1	6.43984E7	4169.22
1362.92	1	1.42387E7	2642.13
1460.77	1	3.64423E7	2716.96
925.02	1	5.68226E7	4161.12
501.222	1	3.28816E7	2146.92
808.608	1	5.57319E7	2222.09
1165.15	1	4.82398E7	2755.77
990.306	1	8362590.0	2558.67
517.969	1	3.57814E7	1044.91
1150.09	1	1.44648E7	2671.17
1207.07	1	6.08592E7	2433.49
1322.39	1	1.59768E7	4659.24
1427.95	1	2.2018E7	2599.88
901.855	1	5.16961E7	1828.42
1399.8	1	6.05824E7	2602.46
670.842	1	4.83901E7	1977.03
489.994	1	9223110.0	4098.73
697.015	1	3.12143E7	1738.71
650.436	1	8.84647E7	4148.4
345.432	1	2.1141E7	4188.35
989.304	1	3.41163E7	2817.4
336.197	1	1.33103E7	125.949
923.207	1	3.81672E7	2536.23
1022.93	1	5.41082E7	2878.74
1322.92	1	1.98731E7	1178.7
463.028	1	6559190.0	4102.55
1108.68	1	2.96965E7	3028.85
745.535	1	4.09274E7	1774.07
1223.76	1	1.05126E8	2549.35
854.742	1	2.12775E7	2469.45
889.073	1	4.17584E7	2997.8
358.967	1	2.50592E7	4223.04
885.9	1	4.99746E7	4147.35
902.813	1	2.30641E7	3216.66
1118.17	1	5.10929E7	2425.32
872.571	1	3.84888E7	2312.97
803.141	1	5.84191E7	2473.52
785.949	1	3.66692E7	2708.22
1167.21	1	5.82051E7	2285.5
909.265	1	4.76866E7	2543.64
1179.97	1	2.81592E7	1587.21
1014.57	1	6.80429E7	4145.62
705.852	1	1.29492E7	1806.75
806.56	1	2.23517E7	1947.71
440.25	1	3.56691E7	1473.2
1132.46	1	1.47685E7	1306.52
560.06	1	3.4349E7	4126.45
1371.24	1	4.24783E7	2557.94
420.189	1	3.69744E7	888.373
1103.16	1	7.76791E7	4152.8
740.84	1	5.73542E7	1894.17
988.77	1	2133580.0	2650.82
1354.85	1	3.87107E7	2748.23
1218.51	1	2.23712E7	2639.88
658.985	1	3.90251E7	2376.53
338.61	1	8599260.0	68.6469
905.87	1	1.57686E7	2394.67
1373.26	1	5.65308E7	4152.8
1322.41	1	2.26221E7	606.719
1222.67	1	6453490.0	4479.01
481.017	1	3.72305E7	1859.9
932.217	1	2.5313E7	2401.16
1323.33	1	2.05198E7	4110.96
807.742	1	4.29895E7	2614.45
990.968	1	5.86073E7	1865.33
955.576	1	2.76084E7	2584.01
1413.76	1	3.67822E7	2684.92
830.735	1	9.50638E7	4157.7
1322.6	1	2.15418E7	906.21
696.923	1	2.20103E7	1124.85
565.003	1	2.06523E7	1188.34
1255.94	1	7.66232E7	2576.76
459.791	1	4.6449E7	1284.01
1447.08	1	8.30941E7	2615.01
1200.61	1	7606970.0	2606.27
952.842	1	3.50899E7	2723.54
1088.62	1	1.43441E7	3500.6
1100.49	1	3.42555E7	1892.98
966.217	1	5.39997E7	2339.84
1180.5	1	2.36552E7	1683.51
1144.72	1	5.87295E7	4170.45
820.24	1	1.84278E7	2260.91
1037.64	1	3.70196E7	4138.9
1127.3	1	4.164E7	2994.1
925.98	1	1.4965E7	2384.95
993.566	1	5.81125E7	2054.84
609.196	1	2.55057E7	4191.05
1115.22	1	7.64829E7	4153.95
1051.05	1	2.46477E7	2708.98
1068.81	1	3.22974E7	1590.95
1100.3	1	4.6631E7	2978.19
1100.99	1	3.30229E7	3064.04
761.712	1	2.68436E7	3007.6
902.751	1	1.38322E7	2568.07
968.52	1	6.51842E7	2055.53
1323.03	1	1.4773E7	1107.17
857.765	1	3.73824E7	4124.7
554.089	1	3.46812E7	107.144
976.598	1	3.28286E7	2791.29
747.232	1	3.79595E7	4156.21
697.453	1	2.22676E7	1868.47
302.585	1	2.66359E7	4169.94
720.456	1	2.7976E7	1169.53
963.629	1	4.72363E7	4152.7
1394.44	1	2.30869E7	2541.41
689.431	1	2.18239E7	1334.87
1336.65	1	4.71797E7	2463.25
1064.77	1	7.8416E7	4148.91
1059.03	1	2.66107E7	4196.5
503.471	1	3.51718E7	1646.41
675.9	1	2.36948E7	4207.59
1158.94	1	1.37873E7	2199.92
959.16	1	8.1356E7	2435.18
1224.25	1	2.25077E7	1660.04
1489.67	1	2.34991E7	2467.23
952.014	1	7.22905E7	4175.94
983.509	1	2.38953E7	2410.99
1217.2	1	3.94734E7	4143.66
942.167	1	7.46963E7	2702.16
442.815	1	1.36877E7	112.264
456.745	1	1.46815E7	2949.43
433.145	1	3.52726E7	1304.16
1200.93	1	2.18101E7	2439.3
974.557	1	1.51033E7	2537.31
1159.97	1	8780870.0	2309.26
399.511	1	1.85932E7	1067.91
1036.34	1	4.01166E7	2396.54
689.203	1	3.74186E7	1973.63
1132.12	1	3.70725E7	3147.46
772.425	1	4.18896E7	2963.7
1239.62	1	4.98912E7	2615.5
748.13	1	6.25493E7	1998.69
613.35	1	1.32312E7	3030.6
548.192	1	3.87873E7	1672.87
1191.07	1	4.15385E7	1886.14
991.184	1	5.92243E7	4154.76
1311.74	1	1.42321E7	3495.85
1011.35	1	4.52102E7	2258.25
1322.43	1	1.16817E7	5063.81
813.875	1	1.66337E7	2126.9
849.609	1	5.12592E7	2097.14
1017.21	1	1.89897E7	2638.78
967.491	1	4.85775E7	1970.32
977.811	1	2.74962E7	3027.94
1287.46	1	5.05044E7	2294.57
1359.65	1	4.00302E7	2599.21
695.643	1	1.95098E7	4112.28
843.039	1	5.42165E7	2189.11
551.91	1	1.5775E7	1532.46
990.088	1	1.90337E7	4220.15
691.672	1	1.06991E7	1726.71
1219.54	1	7306950.0	2598.73
1323.05	1	1.39607E7	1780.09
867.945	1	7.98061E7	1892.74
1195.31	1	7.486E7	2131.53
858.298	1	2.1019E7	3031.42
912.801	1	7.23552E7	2089.6
597.934	1	2.45725E7	1087.35
941.298	1	6.26246E7	2087.24
1387.64	1	5.12151E7	2708.19
1184.76	1	5.21063E7	2725.34
1322.48	1	1.7368E7	258.158
1013.35	1	2.8618E7	2621.17
651.803	1	1.86598E7	1012.96
817.248	1	5.07788E7	2706.82
371.531	1	3.92329E7	1285.59
927.585	1	3.44388E7	1431.57
1168.27	1	7.72477E7	4144.19
730.162	1	2.83052E7	1427.78
1323.54	1	2.81521E7	82.0497
1354.34	1	5.18072E7	2855.68
790.164	1	2.33413E7	1866.48
1151.76	1	5.9989E7	2966.74
759.769	1	4.47661E7	1801.76
1179.99	1	2.79256E7	2664.33
903.734	1	1.19108E7	4117.52
1298.41	1	4.70825E7	2673.85
930.922	1	5.98786E7	2132.09
1141.22	1	3.99125E7	2843.45
713.547	1	1.8066E7	4129.16
725.293	1	5.48483E7	2606.55
1423.51	1	3.09116E7	2484.4
730.807	1	3.86703E7	1830.7
1175.39	1	2.88848E7	2768.67
950.598	1	2.31281E7	2563.58
899.12	1	4.95931E7	2818.49
792.001	1	3.10808E7	1174.02
518.457	1	2.39249E7	4139.59
631.721	1	1.36338E7	4124.52
1123.62	1	1.94196E7	1310.77
855.223	1	5.51293E7	2251.99
543.307	1	1.39811E7	4140.73
930.089	1	5.55403E7	2706.59
872.728	1	2.6062E7	1982.23
1322.49	1	1.89715E7	485.377
939.116	1	2.86978E7	4217.68
775.28	1	3.22826E7	1724.26
1322.65	1	2.23699E7	1016.11
1006.05	1	8.48454E7	2015.86
1326.4	1	5.33746E7	2408.58
1236.71	1	4.57867E7	2321.91
1326.7	1	3.80483E7	2311.58
940.184	1	6.2117E7	1854.68
770.49	1	6.48416E7	2619.72
1008.85	1	3.63513E7	2601.39
1089.92	1	6.16565E7	2337.76
905.573	1	4.24754E7	1989.11
907.588	1	3.29755E7	1919.85
392.21	1	1.70179E7	1088.38
1100.52	1	2.00711E7	1469.51
1211.28	1	2.75041E7	3026.97
1424.79	1	2.68148E7	1895.9
1215.21	1	1.91612E7	2594.18
416.114	1	2.38123E7	2151.44
1134.75	1	3.27364E7	2848.49
834.874	1	3.8699E7	3028.87
844.498	1	4.56791E7	2689.65
802.559	1	4.93967E7	2399.9
1063.21	1	5.96788E7	2803.06
1322.54	1	1.92756E7	716.742
1322.46	1	1.02804E7	5001.83
1326.05	1	3.17833E7	2252.84
1322.48	1	1.53819E7	4770.61
1394.65	1	3.5531E7	2944.19
837.086	1	9234170.0	4108.4
696.874	1	2.11733E7	2098.01
1215.28	1	2.31672E7	2509.6
1196.45	1	5.15674E7	105.582
961.978	1	3.71785E7	2114.7
427.109	1	9702070.0	3858.2
609.813	1	2.59638E7	4119.77
1176.26	1	2.01663E7	2710.39
1201.48	1	4.38309E7	2011.66
1180.32	1	9519520.0	2604.63
1039.46	1	5.42106E7	2330.27
1155.8	1	1.28516E7	1445.64
761.959	1	2.19735E7	2598.22
1411.04	1	2.76641E7	2579.74
1323.0	1	2.15008E7	1290.28
1095.77	1	1.56026E7	2401.89
1225.86	1	2.75959E7	2959.46
1322.41	1	1.51541E7	4566.52
957.406	1	4.33956E7	2823.74
1009.16	1	2.78705E7	2470.58
1053.24	1	1.68161E7	1187.0
970.885	1	9299930.0	4110.72
1418.52	1	1.74185E7	2468.86
1039.64	1	4.21939E7	2266.41
1175.45	1	6744340.0	2656.6
473.123	1	3.76506E7	1438.05
1378.8	1	4.23459E7	2948.74
830.355	1	2.41894E7	1165.11
1223.49	1	7240700.0	4062.25
430.526	1	3.17407E7	1362.32
952.082	1	2.5868E7	2197.83
303.588	1	1.12144E7	4105.52
1208.22	1	4.28287E7	2789.24
1322.46	1	4114370.0	8.0227
734.267	1	4.85378E7	2115.55
925.511	1	2.82448E7	2669.02
903.936	1	4.50111E7	2948.42
446.716	1	3.87018E7	1038.35
1404.18	1	5.87408E7	2467.8
1007.19	1	2.54149E7	2540.18
412.912	1	8658750.0	4099.92
927.546	1	2.23074E7	2261.43
528.756	1	3.44831E7	1984.79
1051.81	1	2.04328E7	2538.4
384.964	1	2.0933E7	2606.31
618.211	1	2.06358E7	2805.19
1123.57	1	2.25083E7	1180.2
896.456	1	1.77128E7	1818.64
1488.34	1	2.65674E7	2709.49
1160.49	1	3.93372E7	3048.8
1072.5	1	2.33875E7	2691.83
988.599	1	1.35961E7	2198.77
1289.0	1	6.4379E7	2531.94
892.506	1	1.62253E7	2201.34
