2785.4304	3	1.18817e+11	1684.32
1828.9723	2	3.5939974e+10	1509.22
2033.0714	2	2.1033787e+10	1541.24
2959.5197	3	2.7323915e+10	1754.05
2785.4327	2	2.2164105e+10	1686.6
2424.2568	3	1.3480034e+10	1593.84
2598.3473	3	1.4612285e+10	1664.04
2237.172	2	5972863900	1567.05
2424.2564	2	7797065400	1591.29
2074.0995	2	6080858700	1671.14
2019.0561	2	709231880	1495.64
2019.0564	2	3923979800	1566.8
2278.2	2	5198472700	1692.68
2598.3462	2	7209114100	1667.34
2410.2425	2	7337108800	1673.93
1900.0087	2	4764431100	1600.22
2492.2468	2	6354287000	1687.36
3595.8331	3	4473452000	1780.13
1814.9551	2	1398141100	1465.51
1814.9564	2	2794062500	1539.7
1640.8667	2	2251567100	1509.48
2771.4149	2	6557746000	1590.01
2669.3855	3	5803224200	1720.86
1572.8286	2	1936158900	1575.98
1354.7119	1	1971250300	1575.21
2959.5223	2	3909015200	1755.32
2104.1102	2	3122522700	1617.87
2802.457	2	4425032000	1685.84
2206.1412	2	3339735000	1592.31
2206.1416	2	2601136500	1677.73
1961.0139	2	1836594200	1593.33
1961.0138	2	3729252900	1684.06
1361.6956	1	248172450	1443.27
1361.6973	1	1936914200	1508.46
1104.5552	1	1320801400	1933.93
1354.7122	1	1448364500	1701.05
2976.547	3	3664553900	1754.05
1776.9305	2	1537500500	1701.3
1099.6004	1	1063929900	1933.67
2202.1538	2	1878499600	1940.1
2843.4732	2	3227585300	1787.55
1850.9515	2	1602294200	1508.46
2049.0706	2	2034473600	1572.15
2639.3744	3	2984261700	1793.69
1828.9716	1	1291382500	1510.76
895.50395	1	1215391900	1725.96
2584.3323	3	2265747200	1554.54
2482.3004	2	1755844700	1688.37
2090.0931	2	437923500	1615.82
2090.0938	2	2224545700	1694.2
3221.6697	3	3006601300	1872
2757.4004	2	1808544900	1510.76
1773.9305	2	2080655600	1547.64
3190.6309	3	3167804500	1787.55
1858.9806	2	1074716900	1468.37
2788.442	3	2482839200	1593.84
1793.9565	2	1115090100	1701.55
1558.8132	1	1011160600	1701.05
2185.128	2	1257750600	1943.7
1762.9121	1	1177699600	1940.87
1762.9133	1	116956500	2056.88
2131.0721	2	2421114000	1595.63
3786.9487	4	1574512100	1837.47
1776.929	1	750541390	1700.29
900.45762	1	883805390	1726.21
1572.8287	1	799158330	1575.72
1589.8558	2	813373130	1575.21
3030.5584	3	1764915200	1816.72
2465.2852	3	2590867900	1719.08
3394.7311	3	1701133700	1832.34
2389.229	2	519164110	2056.04
554.32801	1	350620360	1239.2
2380.2307	2	1852633800	1661.25
1998.0552	2	626218630	1825.93
2294.1975	2	1059097800	1690.91
649.32871	1	1005564900	1369
1981.0275	2	580947380	1827.47
1817.9564	2	688850110	1611.48
3204.6498	4	1540707300	1875.63
2584.3309	2	1574736500	1555.31
2055.0534	2	885779720	1540.21
3220.645	3	1220471400	1779.62
3220.6616	3	522818100	1839.78
2478.2309	2	2292101200	1593.59
1558.8122	1	682383870	1824.65
1984.0384	2	701220010	1941.13
2394.237	2	666322870	1627.59
2981.5042	3	1533430900	1753.79
824.4175	1	1650029500	1684.06
2264.181	2	935266110	1685.08
2264.175	2	576681080	1790.1
503.33103	1	422850160	1196.78
2873.4831	3	1307022500	1675.2
2179.1308	2	1425974800	1680.01
696.05165	1	377766850	1287.92
2063.0822	2	613231850	1492.8
1967.0125	2	657190610	1941.64
718.03347	1	444837610	1288.45
718.03396	1	34257891	1340.56
2223.1577	2	1824831600	1668.35
2669.3827	2	1692657300	1719.34
547.35734	1	384955120	1199.9
1544.797	1	604566910	1939.84
850.4417	1	651303150	1330.42
850.44222	1	120772510	1451.66
1082.5737	1	398645730	1933.93
2482.2998	3	676139100	1687.62
2220.1562	2	1050545700	1566.29
2394.2476	3	795579550	1631.42
881.48792	1	412702650	1933.15
2022.0521	2	455803830	1632.7
1825.9641	2	243081970	1507.95
2060.0819	2	374605980	1622.48
2060.0824	2	941198640	1690.4
3204.6497	2	1215682900	1872.26
2308.2086	2	657432520	1616.84
1569.8289	2	528049280	1505.39
2278.1988	3	910502570	1692.17
1975.0296	2	1245624500	1542.01
2192.1245	2	628022360	1480.35
2171.1143	2	329797620	2056.32
2615.3727	2	960440860	1665.81
2465.2835	2	1467025200	1713.24
591.38362	1	294526620	1202.24
2254.1967	2	516178170	1566.29
645.26463	1	876689250	2455.77
645.26491	1	560367140	2881.53
645.26461	1	446859880	2937.29
2945.5086	2	1029568600	1672.4
1569.8281	1	505477980	1509.22
2976.5499	2	1065057500	1755.32
2584.3314	2	1013197400	1747.91
2639.371	2	1030898500	1791.13
2382.2299	2	706844570	1745.61
1558.8121	1	402481690	1938.04
2220.1565	3	969416760	1567.05
2441.2828	2	1096041300	1592.05
1054.5421	1	622081580	1451.14
2788.4407	2	1003984100	1590.53
1565.7969	1	115352710	1470.47
1565.7983	1	665324710	1541.24
2655.3639	3	451551610	1735.91
614.39647	1	334098930	1267.28
2135.1035	2	941003710	1661.25
2135.1043	2	497382240	1753.27
696.35544	1	540600090	1451.4
1814.9899	2	360735220	1183.25
2049.0633	2	87340589	1340.29
2049.0656	2	530951780	1477.74
856.44238	1	315700540	1334.43
856.44301	1	753732150	1373.58
1946.9974	2	527361900	1480.09
752.04147	1	264553670	1269.66
2615.3749	3	735403740	1659.47
1594.8098	1	309939670	1575.21
1589.855	1	292928720	1575.47
1217.6162	2	596807970	1428.28
2383.231	3	664338150	1749.18
2149.1161	2	839589010	1609.94
878.47529	1	294753110	1725.45
578.28576	1	57981388	3100.16
2467.2817	2	218116290	1761.71
878.4744	1	253032000	1934.19
1850.9523	1	318881700	1507.43
2165.1143	2	716136830	1747.39
2865.4542	3	735551020	1791.38
2446.2375	3	804958650	1595.37
2223.1552	2	96714293	1393.8
635.4096	1	210254220	1204.58
2829.4564	2	1105802500	1669.87
1762.9121	1	279054300	1827.21
1845.9989	1	302843370	1509.99
3612.8583	3	768898320	1779.87
1967.0135	1	256360310	2056.32
2203.6161	2	261086220	1953.52
867.46791	1	330486910	1330.96
2468.2842	2	217645590	1659.97
4032.0597	3	698657650	1947.31
2774.4287	2	475609490	1512.29
2620.3295	3	661059760	1659.21
2962.5316	3	245180050	1636.01
2860.4977	2	659241390	1789.34
4379.2223	4	621435530	1964.68
1594.8095	2	248772130	1575.47
1992.0462	2	236260270	1691.67
1258.6439	1	80786983	1581.59
1258.6439	1	184030290	1604.31
1071.5691	1	380037710	1454.02
3683.888	4	523175920	1790.36
2033.0719	3	324603460	1544.57
1340.6953	1	228177370	1938.3
2441.2829	3	583081660	1594.61
748.04412	1	187666930	1292.18
1275.6702	1	177588400	1604.83
864.45805	1	180515200	1933.67
506.23418	1	244534330	1371.7
4393.2386	3	379054810	2009.63
2446.2391	2	493117610	1592.05
508.28618	1	156766890	1197.04
679.43594	1	140681480	1206.66
4219.1495	3	488630130	1942.67
2104.1092	3	360062720	1620.68
530.33075	1	143969030	1198.6
3220.6511	3	153898830	1640.87
872.41971	1	276967110	1330.96
2931.491	2	624438040	1568.07
1748.8979	1	169372800	2056.32
886.44012	1	167952210	1933.15
1967.0115	1	272306870	1941.13
2063.0822	2	267657430	1781.41
1599.8406	2	175208180	1607.64
2620.33	2	316771750	1663.78
2259.1536	2	218284880	1565.52
1280.6268	1	68352440	1579.55
1280.6254	1	134970820	1604.31
2757.4295	3	357555930	1220.7
1361.6951	2	63179952	1439.33
1361.6964	2	244562370	1509.48
1798.9123	1	125594590	1701.3
2769.408	3	164373310	1629.63
1772.9435	2	148325630	1178.07
696.35621	1	185400180	1534.32
842.42608	1	103458160	1151.22
842.42731	1	258684230	1239.73
842.42737	1	327992880	1430.39
3567.8037	4	230598590	1622.48
1565.7983	2	231971130	1544.31
1961.0122	2	414628310	1426.95
552.31263	1	124572080	1199.64
2219.1812	2	182380060	1940.36
3683.8864	3	213416500	1790.1
2625.3546	3	159447510	1672.66
2625.3593	3	194153300	1720.61
895.50334	1	167274440	1591.04
1755.8833	2	392104990	1590.78
2366.2143	2	357613080	1554.54
1866.9443	2	300172110	1544.31
2003.011	2	151746240	1826.19
2757.9146	3	108306680	1507.18
674.37438	1	161655140	1725.96
2019.0894	2	260551150	1193.39
1803.9408	2	126116290	1631.94
2406.2562	2	103671900	2056.04
3595.8344	2	276203110	1777.32
3582.8334	4	183798600	1820.31
3582.8356	4	357547460	1948.86
1076.5217	1	175368770	1455.85
574.35697	1	115933780	1201.46
3133.6094	3	298235330	1806.99
3221.675	2	385822620	1869.16
1846.1773	2	86591028	1508.2
1699.8922	2	187550850	1538.68
1900.0076	3	190675320	1602.02
1237.4892	2	94820024	1191.31
900.45751	1	130017790	1591.04
1237.4904	1	96425979	1191.83
2793.3978	2	244579720	1590.53
1866.9186	2	174127330	1508.71
1926.9728	2	329827400	1566.54
2729.3679	3	316985110	1377.1
778.05461	1	138510540	1293.51
1303.7009	1	104353020	2141.9
2165.114	2	230369540	1557.61
1308.6551	1	105536170	2141.9
818.46925	1	37029002	3053.79
2859.4728	3	255994900	1565.78
2570.3156	2	405089860	1558.37
2570.3158	2	140398480	1622.73
546.32513	1	84986403	1155.94
836.42641	1	127110450	1453.5
502.29917	1	82213832	1153.85
3190.6328	2	154250230	1778.85
2601.3586	2	226844830	1553.52
2396.2216	3	333984450	1340.02
2396.2231	3	270482070	1425.09
810.40091	1	200712080	1475.91
810.4009	1	311952070	1579.29
723.4624	1	80460412	1208.73
728.04204	1	66058131	1235.29
750.02382	1	56283575	1234.77
1787.9459	2	108456630	1621.19
2715.3808	3	146042700	1186.63
1102.5539	1	162435880	1505.65
2989.5306	3	246653640	1785.25
2308.2092	3	146198570	1617.87
596.33901	1	91406777	1202.5
5485.9104	6	121537370	1506.67
1988.9956	2	160947740	1940.61
506.27024	1	54977712	1245.74
1544.7981	1	98713683	2056.32
506.23477	1	117795660	1480.35
746.06563	1	15718489	1384.64
746.06543	1	100974210	1423.24
1354.7103	1	99962320	1812.88
618.38306	1	87320172	1204.32
1040.5278	1	92241808	1769.65
2959.5219	4	134552640	1753.79
1347.6807	1	173792640	1539.44
1544.6162	2	60817443	1141.43
1662.8454	2	132207430	1508.97
1365.7252	1	128062770	1507.18
691.40085	1	151821130	1533.81
2451.2683	2	243897180	1797.27
1748.8962	1	138743840	1941.13
1981.0298	1	80210965	1825.42
2280.7555	2	173346350	1508.2
568.30746	1	67445129	1256.99
2188.1408	2	80885937	2056.32
2570.315	3	101443750	1425.89
2570.3154	3	163261300	1481.65
631.24962	1	63840981	2569.09
631.24923	1	251934590	2645.37
1666.8443	2	182053510	1567.05
2206.1398	3	300055420	1457.68
1872.9346	2	116635450	1509.48
778.49593	1	65327249	1140.63
590.35143	1	62832962	1157.51
522.26568	1	59427366	1351.21
2427.2686	2	168630040	1504.37
3961.0379	4	146694800	1916.04
3961.0377	4	77257228	2008.3
3496.7987	3	139752390	1800.6
2067.1249	2	111877630	1541.24
1606.8226	2	142830030	1599.46
864.45803	1	111774650	2143.36
2743.4124	3	97460959	1217.83
537.31702	1	108146620	1829.52
3380.7163	3	65712774	1624.77
1340.6948	1	100900010	1826.45
1967.014	2	76793955	2056.32
1967.0123	2	14324300	2106.47
1749.0841	3	65182129	1148.85
636.34896	1	108563970	1244.69
2228.1212	2	149543510	1595.37
2041.0386	2	110368110	1566.29
675.36822	1	91415081	1231.39
675.36762	1	26655342	1279.44
646.34166	1	100971880	1330.42
2380.2269	2	104504770	1529.97
875.51387	1	66095076	1181.95
1016.5155	1	51306364	1162.48
674.37372	1	78935107	1933.67
853.454	1	95280800	1454.28
660.35778	1	78611367	1933.67
726.06248	1	64490529	1290.32
2427.2679	3	122206490	1480.61
1779.9341	2	118337130	1823.63
1626.8491	2	28527698	1383.84
1626.8489	2	25153514	1417.12
1626.8491	2	122402150	1466.55
1613.8531	2	82876112	1433.02
4045.057	3	54447010	1844.41
4045.0591	3	103993630	1894.86
640.36555	1	62039227	1205.1
2353.22	2	126201850	1746.37
853.42879	1	164705010	1347.74
853.42939	1	110290180	1422.18
658.32964	1	76897399	1245.21
658.3294	1	78786630	1260.68
653.37498	1	36948734	1176.26
1324.5217	2	37863651	1178.33
668.32355	1	77663382	1238.16
1551.782	1	142383210	1565.78
2484.8567	2	116780960	1540.47
858.45937	1	79865034	1245.48
2737.3727	2	166823770	1863.72
1779.9386	2	84305143	1939.84
1599.8399	2	70340567	1470.72
3047.5779	2	75680859	1772.46
581.4152	1	48280689	1164.06
662.40952	1	53260172	1206.66
1089.7144	2	50217241	1130.94
1310.6862	1	70613051	1504.88
1310.6866	1	143061360	1547.38
2410.2726	2	143203640	1221.22
1056.6303	2	58126880	1278.12
2593.3298	2	70259906	2348.63
1770.9301	2	169350050	1443
680.32363	1	42885117	1230.09
680.32333	1	87707438	1280.5
680.32356	1	28978998	1418.99
1217.6163	1	142413170	1432.23
1388.5146	2	45856078	1180.92
1755.8828	2	105218480	1478.53
1975.0298	3	114204600	1545.59
1244.6278	1	27623215	1910.02
1244.6286	1	68902219	1941.9
2219.1811	3	81179865	1943.45
1144.6827	2	67205079	1283.14
663.36842	1	59816580	1238.41
537.317	1	49119153	1189.74
635.31309	1	70746116	1283.14
1100.6547	2	61460833	1280.23
767.4894	1	44733445	1210.55
711.4325	1	97641924	1191.31
608.31759	1	27470651	1177.03
634.37692	1	38105046	1158.56
1306.6553	2	141819680	1549.17
1324.522	1	30298494	1178.59
1769.8992	1	86121539	1566.03
1921.99	2	82173839	1602.27
511.29986	1	45574964	1232.95
808.06554	1	60212511	1293.51
808.06585	1	20474330	1362.53
1085.5851	1	58417565	2141.9
1613.8571	2	84641239	1541.49
1399.6631	2	32675133	1139.02
1388.5137	1	37759911	1181.18
1584.9449	3	32474770	1279.18
1584.9454	3	69440798	1306.5
1395.7365	1	50584310	1438.8
1395.7362	1	61152930	1464.46
1795.9116	2	116072870	1549.17
633.29749	1	77875762	1299.87
4049.0879	3	143057780	1946.54
2135.1019	2	103077710	1482.7
1191.7844	2	38074017	1147.53
1188.7086	2	104866430	1287.39
1012.6014	2	44820920	1276.27
1676.8616	2	66854727	1439.85
1259.4711	1	40614478	1192.09
1427.9127	2	38823403	1134.19
1121.5773	2	46423267	1936.24
604.32122	1	66895359	1243.65
691.40026	1	84041482	1452.19
1540.9183	3	63109624	1306.76
1238.4778	1	55640124	1211.85
684.39143	1	40712708	1207.44
1251.5061	1	28445688	1208.99
1251.5054	1	48011660	1232.69
510.31707	1	33098120	1161.17
3226.6308	4	32940295	1871.75
1276.7621	2	70368131	1295.11
1286.674	1	51517848	2141.9
1641.6955	2	35787015	1508.2
667.39088	1	41331473	1186.89
1320.7876	2	67015611	1297.23
1572.6468	2	37346018	1144.36
622.33292	1	42650048	1189.23
627.34727	1	122347020	1406.68
864.45845	1	57331809	2348.01
1628.9692	3	53679557	1309.95
517.31064	1	32505912	1211.33
1409.7531	2	56112291	1407.5
1409.7521	2	13981439	1463.16
1586.6637	2	33436569	1145.42
1951.2123	3	32438353	1148.85
1347.6797	1	45055711	1469.41
1251.5049	2	34779834	1208.47
1251.5049	2	27002383	1230.87
660.35932	1	47119862	2142.19
1787.9458	2	95688630	1504.11
1759.9128	2	71532209	1493.32
1558.6319	2	33220540	1144.36
520.24986	1	33514334	1359.83
1908.9671	2	63736427	1942.16
1085.5823	1	38113306	2348.01
824.4168	1	142745800	1427.22
573.25292	1	32630997	2016.79
573.25314	1	11400870	2041.64
563.35291	1	27406594	1156.2
778.37095	1	82691837	1484.25
2642.3393	3	30829358	1905.84
2642.3401	3	30268367	1925.66
1067.5741	2	44713219	1933.93
1150.6102	1	43879147	1430.39
579.3082	1	56182998	1950.93
905.51806	1	28171159	1158.82
519.32535	1	27155765	1153.85
548.24529	1	39802890	1405.08
2178.1074	2	115066050	1424.3
1238.4792	2	34193060	1211.59
878.41895	1	85975426	1370.62
1558.813	1	33748072	2104.59
858.40519	1	44665116	1454.28
846.44723	1	40618524	1933.67
1338.5372	2	28835744	1185.07
1880.9642	2	30269586	1468.37
701.42008	1	29003504	1150.7
625.40598	1	28252286	1151.49
613.3315	1	35462729	1250.43
613.33118	1	58614905	1283.67
760.04479	1	22695423	1348.01
641.32656	1	25596996	1161.96
849.53719	1	36457008	1261.2
1233.6482	2	101076430	1471.23
1565.7969	2	32404599	1469.41
1385.7079	2	24230930	1155.16
3553.7843	3	38650298	1479.31
524.24344	1	30602928	2303.41
706.43606	1	30067110	1208.99
1082.5741	1	35825374	2141.9
2224.1371	3	36196295	1941.39
646.34162	1	43496693	1238.16
1191.5707	2	24330543	1147.8
823.58512	1	16379897	3074.03
1408.8415	2	41728064	1299.61
836.4254	1	29309166	1253.57
617.23325	1	52175022	2013.07
617.23367	1	36330568	2081.13
617.23331	1	17654506	2164.34
617.23353	1	30315048	2344.26
617.2336	1	52587530	2428.93
1551.7822	1	46116171	1490.72
1109.6209	1	23344316	1178.33
811.5143	1	21424164	1212.63
603.36512	1	24184376	1153.06
603.3636	1	10731125	1173.36
1068.557	1	34120026	2141.9
1259.4709	2	21594720	1191.31
1430.5616	2	24585284	1201.2
2418.2048	2	41693932	1477.74
724.52139	1	35695745	1255.41
1512.9669	2	16158607	1127.98
2584.3606	2	51191495	1241.3
1103.7327	2	20443572	1139.83
1886.0292	2	50299891	1213.67
2310.2827	3	18993870	1140.63
2392.2389	2	26477485	2348.63
1463.6305	2	21904765	1152.8
1016.5141	2	19513040	1162.48
878.42232	1	41486495	1288.72
2080.1111	2	34301320	1492.02
678.4037	1	20792844	1160.39
728.41777	1	25605701	1209.77
1416.5455	2	18797210	1190.27
561.33712	1	22874781	1214.19
1912.9547	2	70147673	1455.85
1932.9814	2	63237826	1425.62
1325.6871	2	27736611	2141.9
1264.7221	2	17273780	1160.39
659.27988	1	47583784	3025.92
697.13463	1	28659773	2240.15
1529.7896	2	26892919	2348.32
756.07324	1	23185270	1291.92
1507.8026	1	22618595	2347.38
746.02858	1	18649550	1282.34
1672.9965	3	36286138	1311.01
1524.8279	2	28529475	2348.01
1330.6371	2	32012114	2141.9
802.05508	1	16088742	1350.95
607.37908	1	17970852	1157.77
2765.3624	3	81027652	1428.28
735.56309	1	38107229	1234.77
715.39964	1	33530054	1316.86
1148.6765	2	18595785	1162.74
1030.6132	2	23937686	1168.29
563.33109	1	18285571	1179.62
1176.6669	2	16632726	1159.08
2103.0386	2	69810691	1341.89
2103.0397	2	21184704	1422.71
2103.0407	2	37557479	1481.13
1192.7074	2	16116836	1163.8
533.28202	1	30324838	1233.99
569.37572	1	23008638	1149.64
1116.5686	1	35018401	1408.84
1551.78	2	36814597	1490.46
543.2905	1	28620199	1405.08
1306.653	2	31744807	1472.01
540.29677	1	16687775	1161.17
1185.5904	2	21703787	1382.76
1185.5905	2	85888823	1450.88
1952.9986	1	23954122	2056.32
1393.722	2	31302621	1414.99
881.4847	1	27367523	2141.9
1229.7024	2	16623885	1152.53
900.32485	1	17883033	1152.8
1599.8394	1	30067137	1489.69
1220.696	2	16959873	1160.13
1236.7298	2	16716353	1164.33
687.41847	1	29985005	1188.19
853.45314	1	20842634	1250.69
2610.3551	2	17549689	2348.32
1203.6014	2	28902651	1310.74
774.02342	1	23144409	1271.25
849.60564	1	16766957	1163.27
1452.8694	2	30556808	1300.67
3091.5673	3	42592589	1998.26
793.25495	1	37223221	1292.18
581.30599	1	121006150	1378.71
1340.6957	1	35948023	1464.2
666.34467	1	30678908	1354.43
2396.2556	3	34728574	1188.47
2396.2569	3	27750032	1230.61
2296.2645	3	14335155	1139.02
1251.6147	2	18733128	1124.21
1512.7564	1	18520309	2347.38
1396.5426	2	15690194	1192.87
1088.618	2	13839011	1158.29
864.46064	1	22219539	2544.94
725.50649	1	29941581	1180.92
1260.4585	1	19135418	1211.85
2060.1166	2	34951496	1236.59
1836.9685	2	20358093	1182.99
1338.5371	1	17108829	1185.33
998.50646	1	22343096	2010.69
998.507	1	19590651	2060.01
1735.0636	3	13582508	1145.68
676.45278	1	10814976	3025.54
518.2341	1	17984368	1364.14
1479.6262	2	15795469	1141.16
1232.7748	2	15936753	1136.88
880.43765	1	5645066.7	1231.13
880.43678	1	41179318	1266.75
1272.6595	1	606867.55	2476.11
1272.6599	1	24298800	2545.94
1272.6579	1	19608998	2732.01
1272.6591	1	4466165	2906.4
1132.6413	2	14572295	1158.56
641.34112	1	25568382	1302.78
780.07367	1	18342049	1350.68
693.4434	1	14201668	1120.17
1104.6547	2	14995734	1162.22
1402.5298	2	14944580	1187.67
630.19143	1	15705762	1160.39
1430.5639	1	15011688	1200.94
750.46141	1	22433816	1211.59
1967.0128	1	21386025	2231.14
1289.6856	1	350875.39	2310.94
1289.6855	1	16265245	2347.7
884.42285	1	20645687	1322.97
1984.0395	2	17183232	2056.32
1984.0384	2	3756592.3	2104.59
2136.1937	3	11313966	1139.29
1014.6196	2	25049786	1225.14
1239.5981	2	34981996	1430.65
1600.6764	2	13785052	1148.59
1786.9216	2	33061618	1330.42
1761.0423	3	22521439	1312.34
1626.8842	2	17035954	1180.14
1060.6225	2	13832142	1161.7
1212.6757	2	10947329	1177.81
1320.6686	1	27625901	1433.8
1496.895	2	21710274	1302.25
1416.5466	1	13769154	1191.57
1978.0385	2	26721263	1425.36
1070.6062	2	23521099	1309.68
777.57323	1	19718759	1280.5
1640.863	2	15550996	1327.76
1640.8654	2	39481651	1386.8
792.51131	1	19118549	1142.77
772.44475	1	16331165	1211.85
2264.2134	2	20151863	1250.43
1244.6274	1	8274515.8	2081.75
1244.6269	1	14796226	2116.34
862.3462	1	38339337	1190.01
1773.9276	2	16550054	1352.56
628.41204	1	21099401	1303.85
2209.139	2	40239322	1326.96
1952.9985	1	19945699	2348.63
1313.7198	1	19122391	1208.73
1207.7528	2	16419771	1232.69
660.35778	1	18954527	2347.38
1667.8278	2	33138951	1426.95
1158.6558	2	22168654	1313.4
2202.1546	2	12441300	2105.21
555.39969	1	10349536	1164.85
555.39991	1	11666987	1177.29
1441.9282	2	12478746	1141.7
566.2926	1	22872650	1216
1779.0048	3	10970639	1134.19
710.3345	1	19262520	1387.07
1763.0966	3	10074716	1150.7
1174.6968	2	30408546	1310.74
1748.8973	1	18947249	2348.63
1111.7225	2	8426633	1122.32
2192.1216	3	39228824	1329.62
1057.5518	1	19918296	1343.75
2406.2558	2	11311275	2231.14
504.29123	1	19476649	1357.13
879.47976	1	18314386	1324.3
670.25537	1	8400713.2	2968.63
1203.6004	1	35207376	1285.53
1967.0128	1	18441206	2348.63
1534.7372	2	16677860	2348.01
1219.5987	2	10323017	1134.19
831.44827	1	41907921	1428.28
1044.591	2	11110143	1158.03
738.50136	1	11479106	1176
1262.7487	2	23614814	1311.01
659.28033	1	25147463	2643.21
659.28016	1	16462195	2716.04
532.29859	1	12575186	1161.44
611.31572	1	28647811	1312.07
2193.0974	2	12586206	2056.88
1255.509	1	17709798	1210.29
1273.4869	1	13648744	1208.47
1273.4853	1	11439211	1230.35
804.51157	1	12701538	1156.2
1114.6289	2	21769586	1311.01
1671.8507	3	10614624	1140.36
1306.7706	2	16866120	1310.21
870.5111	1	7287144.8	3025.92
531.37751	1	7360184.4	3044.93
1280.758	2	10420919	1165.64
1340.7315	1	17289266	1207.18
1570.968	2	9292767.5	1139.29
1090.54	1	15883432	2141.61
641.44901	1	15105575	1139.83
1630.9873	3	9388673.5	1255.41
2185.1296	2	11400649	2105.84
666.3451	1	19042720	1425.36
1358.7195	2	8053651.8	1118.55
2556.3006	3	16544753	1424.03
1316.6738	2	13376435	1119.09
889.49282	1	25088293	1394.07
1507.8007	2	11171701	2347.07
2294.1914	2	18524300	1413.65
1289.6855	1	12006120	2544.94
1095.6047	1	15832760	1256.99
1305.6622	2	29330471	1415.25
519.33332	1	11426240	2691.6
1402.532	1	20042401	1190.53
1324.7862	2	11882190	1165.64
737.38189	1	20468885	1315.52
1347.6795	1	14247197	1380.6
1347.679	1	10416638	1419.52
1134.5793	1	19444638	1413.12
1748.897	1	14257208	2231.81
824.25072	1	8406928.2	1283.93
838.26667	1	14530672	1385.18
1354.7111	1	12563706	2104.29
2543.3312	4	11663618	1133.64
1246.7167	2	14631769	1316.59
526.3359	1	18412263	1364.68
548.31601	1	18691085	1363.34
878.47424	1	12925790	2141.9
1026.5799	2	24055928	1307.3
1234.6895	2	15010077	1153.85
1812.9367	2	20717913	1439.33
1085.5729	1	19365978	1346.14
2188.14	2	10535894	2231.48
597.30098	1	36010296	1379.25
2172.07	3	10196967	1127.7
946.5127	1	13068557	1362.53
946.51214	1	15424549	1409.11
1475.7748	2	11083210	2347.38
1372.7383	2	6906170.3	1120.17
1643.7706	2	8996625.9	1138.22
1506.6957	2	8095837.6	1128.24
1086.058	1	14191064	2348.32
1218.7191	2	21012108	1308.36
644.37246	1	29418897	1377.63
1542.9382	3	9678768.7	1252.26
1186.6372	2	9125978.7	1118.01
612.30033	1	11988002	2347.07
1459.5502	2	7323955.8	1162.74
548.20555	1	13570535	2804.68
2101.9854	3	9713113.8	1117.74
612.30013	1	11851801	2141.9
643.48769	1	9603763.6	3065.49
1130.6677	2	17652035	1308.62
1119.6997	2	14456190	1229.57
575.40381	1	5189812.6	3039.11
575.40358	1	906298.7	3065.11
1265.5205	2	7954813.8	1219.39
1265.5206	2	15178125	1245.48
1490.7758	1	10052462	2347.07
1448.7286	1	4253337.1	2082.36
1448.7289	1	8980486.4	2116.63
1540.9225	2	18481087	1303.32
1498.9094	3	11905724	1250.95
625.34595	1	15722872	1329.09
1046.5097	2	8432564.8	1117.74
1558.8129	1	12158546	2230.48
536.24147	1	4342007.8	2547.31
536.2417	1	18632375	2639.98
536.24118	1	6344123.8	2726.77
569.32398	1	9004511.8	2175.54
1209.6363	2	7764137.9	1118.28
1916.0012	2	6904416.4	2731.66
577.34686	1	7702771.8	1129.05
1751.9506	3	7507482.3	1128.78
629.32398	1	12787640	1386.26
1090.5401	1	8308399.3	2347.07
1544.7976	1	11116207	2231.48
1394.8177	2	15260369	1311.8
1076.5797	1	9121148.4	1413.65
637.33262	1	17261408	1395.14
529.27974	1	8492136.9	2369.77
1711.9021	2	6505951.1	2544.94
518.13134	1	17519798	926.311
1513.918	3	11814083	1305.97
1733.892	2	8223379.1	2544.94
1569.8268	1	9857873	1380.33
1448.6307	1	6145792.4	2142.19
1290.735	2	19040239	1317.12
1762.913	1	10129659	2348.01
1289.6848	1	5507347.3	2730.97
886.44	1	8396596.9	2141.9
1075.7006	2	9504599.2	1127.17
658.35881	1	6270286	2370.47
529.32882	1	6773640.2	2382.61
1334.7663	2	14391746	1319.78
1330.6887	2	5917561.4	1119.09
661.31097	1	7286084.7	2803.17
1040.5273	1	3883223.5	2081.75
1040.5275	1	6400323	2116.34
1805.0768	3	9263377.4	1316.06
1085.5855	1	6021718.5	2544.59
1493.786	1	5193500.4	2731.66
1438.8516	2	15156162	1314.2
1476.7597	1	8836648.5	2732.7
1271.6741	2	8369103.5	2141.9
2573.3148	2	7148846.7	2087.68
1271.6649	2	5503702.9	1131.48
1544.7977	1	8947582.3	2348.32
617.321	1	14063408	2643.95
1393.6731	2	6215652	1125.55
1303.7004	2	6521460.1	2141.9
1286.6744	1	5746346.3	2347.07
1272.6602	1	7196652.4	2347.07
1225.5384	2	6594067.2	1119.09
1330.5483	2	5183206.8	1118.01
523.36466	1	3068828.2	3215.67
1967.0132	2	7474637	2230.82
2341.228	2	3960479.5	3018.78
1679.8754	2	4496939.2	2544.59
660.35718	1	5878911.5	2544.94
1530.7829	1	6619570.2	2056.04
612.29942	1	5689990.5	2544.59
881.48554	1	5765589.8	2347.07
580.23169	1	6677155.4	2805.06
890.35964	1	2468582.1	2401.3
890.35903	1	18746591	2587.99
603.21784	1	8368608.4	2202.6
643.24945	1	10135736	2268.91
1448.7284	1	3595887.1	2252.01
1448.7284	1	5805855.1	2286.66
548.24752	1	6626840.2	2141.61
610.35881	1	4335518	2803.17
1453.5978	1	4571846.9	2141.61
646.45205	1	3792054.6	2857.05
864.45805	1	4769292.8	2731.31
1877.9308	1	6975048.1	2056.6
1465.6659	2	4636261.9	2141.61
648.42253	1	4328647.4	2317.38
697.13471	1	3571289.1	2397.76
1738.8379	2	4200367.7	2544.94
630.42139	1	4141705.9	2631.8
548.24767	1	5021725.3	2347.07
1023.5123	1	4637549.3	2143.07
1512.7469	2	3316717.5	2346.45
1244.6272	1	3266189.4	2252.01
1244.6274	1	4950780.9	2286.31
648.4429	1	3081203.9	3066.59
1308.648	2	4332542.8	2141.9
573.35518	1	4072855.3	2403.45
666.26642	1	4246459	2803.17
619.43028	1	2284179.9	3033.3
619.4301	1	758556.68	3061
521.34873	1	2794064	3019.17
521.34818	1	1280475.4	3057.26
1669.7672	2	3068850.8	2348.63
816.40077	1	4385394.5	2347.07
1340.6956	1	4243689.5	2230.82
1476.761	1	4751357.1	2904.04
1476.7615	1	578736.25	2961.26
1476.7596	1	2421661.6	3018.4
518.13274	1	8501547.8	2320.1
518.13235	1	11189687	2743.19
594.24715	1	4029094.8	2723.95
541.41951	1	3413467.7	3070.27
617.23329	1	7933370.4	2709.84
617.23333	1	4463960.8	2786.3
2120.1025	2	2891609.8	2906.4
816.4007	1	3432874.1	2544.59
1711.9027	1	2889079	2544.59
616.40548	1	3540580.8	2157.73
2324.201	2	2084835.7	3017.64
972.59185	1	2861679.5	2317.38
622.27616	1	6129431.1	2637.48
841.42616	1	3249172.1	3061
502.10006	1	6358673.8	927.066
1480.5327	2	4049154.4	2141.61
530.13727	1	1285122.6	2925.61
530.13707	1	3902891.9	3003.86
621.38059	1	2547174.7	2559.72
752.3485	1	3523898.7	2347.38
1474.9554	2	2581355.1	2385.75
1716.8569	1	1875672.3	2544.59
612.29972	1	2960595.9	2731.31
701.53013	1	1266524.7	3128.3
1920.9483	2	1617751	2730.97
504.21547	1	5737580.8	2644.66
2868.4011	3	6704253.5	2412.77
1082.5739	1	2693048.4	2347.07
617.38105	1	2297797.4	2410.58
2545.3238	2	1640759.8	3064.37
543.29573	1	2714305.3	2451.82
585.44529	1	2719324.6	3062.49
617.32055	1	2574717.8	2546.63
548.20578	1	1620960.2	2966.6
2201.0452	2	9225704.1	2582.76
527.40414	1	1752284.2	2973.08
816.40017	1	2289457.8	2730.97
1294.64	1	1795004.9	2544.59
2000.9822	2	561729.76	3036.42
2000.9814	2	1340731.1	3070.65
644.34326	1	2152431.1	2670.07
1877.9292	1	2983307.3	2348.32
1716.8472	2	1658383.8	2544.59
592.15013	1	4790484.5	924.81
1493.7872	1	1766603.6	2906.03
632.34077	1	2160460.6	2803.17
2476.183	2	7170919.9	2430.03
538.28929	1	2235571.7	2994.09
626.46105	1	1580209.6	3065.49
1652.8301	1	1094663.8	2252.36
1652.8297	1	1980010.2	2287.01
644.43641	1	1576959.5	2843.15
