1828.9703	2	4.2027804e+10	1491.41
2033.0691	2	1.8212309e+10	1524.95
554.32719	1	9679915200	1212.79
2074.0974	2	1.0575362e+10	1651.25
2598.3443	3	1.2080506e+10	1639.74
2424.2542	3	9559482100	1581.19
1900.0064	2	6595172100	1581.95
740.3813	1	5626750200	1477.35
740.38156	1	2396238900	1544.16
2278.1981	2	5293598300	1679.55
2757.3968	3	5655839800	1452.48
2237.1687	2	3743287600	1552.83
1572.8263	2	2946156300	1555.63
2785.4301	2	6202992200	1677.77
1354.71	1	2941979800	1554.87
536.28112	1	3310611900	1357.07
1640.8652	2	2592485000	1492.94
2639.3715	3	5923891500	1777.87
2424.2533	2	4763845000	1579.14
2019.0538	2	636261050	1478.89
2019.0537	2	2605699900	1553.08
784.40786	1	2429810600	1529.3
1885.9792	2	3697401800	1645.11
2598.3435	2	4642135700	1647.42
983.5585	1	725949160	1616.5
983.55395	1	2121849300	1682.86
983.55397	1	502746210	1759.68
1361.6964	1	2343884300	1490.65
2410.2387	2	1267087200	1467.02
2410.2404	2	4465264900	1661.46
1589.8532	2	1515135200	1555.12
2976.5437	3	2840138900	1739.95
735.42518	1	894109240	1431.98
735.4261	1	1993559700	1482.47
735.42594	1	704667390	1545.43
1828.9696	1	1371552700	1491.15
1793.9544	2	1249775800	1682.86
1776.9283	2	1414607800	1682.86
2104.1074	2	2416543300	1601.4
1850.9499	2	1691590700	1490.9
503.33047	1	894040620	1173.64
513.3511	1	1167650100	1144.87
1354.7108	1	1395781200	1683.12
2090.0923	2	2337061400	1680.32
2206.1384	2	3048610900	1580.42
988.50777	1	1084597800	1615.22
988.50795	1	1658798400	1684.64
2669.3818	3	1645820100	1716.09
2843.4705	2	2934323800	1774.27
2584.3282	3	3180255700	1544.67
2771.4488	3	1381025900	1288.71
1817.9536	2	1222565000	1592.7
1192.6078	1	1271115100	1826.37
547.35657	1	792559230	1176.72
1773.9278	2	1815512200	1528.53
1187.652	1	991528280	1820.71
2931.4859	3	1595097200	1551.04
895.50313	1	840746780	1696.37
3221.6646	3	1282951000	1836.18
3221.6656	3	73390479	1886.37
3190.6282	3	1952352100	1736.87
2482.2979	2	1312085600	1676.24
2959.5186	2	1999679600	1747.39
2492.2446	2	2610590100	1678.53
1558.812	1	969176360	1682.61
512.05938	1	1358622400	2303.07
1572.8267	1	788801250	1555.12
2771.4113	2	2223958800	1568.14
1998.0539	2	697344540	1809.94
939.52923	1	205655600	1562.26
939.52864	1	920010330	1622.62
2049.0674	2	1320187600	1557.93
784.40779	1	1165153100	1461.3
591.38271	1	588003790	1179.29
2788.4389	3	1573746800	1570.44
511.29922	1	855931410	1212.53
900.45664	1	731760890	1697.91
1568.8184	2	864172320	1488.1
2465.2825	3	1686383000	1712.25
2131.0695	2	1606149600	1584.26
2380.2279	2	1548618000	1638.72
1961.0117	2	1465257000	1581.95
1961.0123	2	1671833500	1677.01
1558.8112	1	713868270	1808.4
2802.4546	2	1492969000	1676.24
2394.2448	3	1018165700	1619.31
1825.9615	2	339027410	1491.15
2050.0945	2	656258080	1525.72
2757.398	2	1143319900	1481.71
1654.879	2	720564690	1420.23
2389.2273	2	408406700	2042.04
635.40867	1	416044440	1181.85
3408.7455	3	1239571600	1766.85
2294.1982	2	896677630	1677.77
779.45216	1	615597030	1472.2
779.4522	1	682195640	1529.56
2278.1966	3	981703080	1679.81
2022.0493	2	559813320	1617.27
2060.0793	2	977239690	1604.47
2060.0798	2	997304130	1677.01
2625.3543	3	625512400	1626.71
2394.2399	2	907280210	1618.54
2149.113	2	1400797900	1593.73
2223.155	2	552945780	1636.93
2584.3271	2	1584199600	1545.43
1776.9276	1	507324940	1682.1
2264.1784	2	606220890	1621.09
2264.1795	2	760819390	1672.42
2264.1757	2	851374770	1767.36
2185.1277	2	623668290	1929.59
1814.9885	2	694405430	1211.24
1762.9122	1	618558050	1926.06
1762.9116	1	94117229	2042.88
1762.9115	1	60599714	2089.36
2468.2808	2	701693390	1626.2
645.26423	1	629780190	2832.13
2981.5008	3	1040467400	1741.23
2055.0504	2	714389240	1523.41
1569.8266	1	611773400	1490.39
3204.646	4	468440620	1840.83
3204.6471	4	20857688	1886.64
1858.9795	2	574355920	1450.41
2468.2798	2	1170421100	1769.67
3944.0127	4	742125930	1898.37
1845.9893	2	469710720	1490.65
1856.0148	2	732550180	1182.65
3612.8574	4	999543490	1771.97
3030.5554	3	790541940	1809.17
2829.4557	2	541913330	1629.26
2829.4565	2	93263778	1843.93
2482.2979	3	604142150	1675.22
2135.0997	2	604970780	1635.65
2135.1017	2	495388380	1740.98
1032.5352	1	330696460	1663
1032.5349	1	563210910	1739.18
872.47579	1	522941330	1294.42
2615.3716	3	650829100	1637.19
679.43498	1	271749760	1183.91
580.30744	1	617424700	1371.32
1104.5549	1	252324750	1904.73
1594.806	2	390814650	1555.38
1054.5411	1	630380110	1427.29
1992.0438	2	35630887	1624.67
1992.0445	2	460194840	1674.71
1594.8078	1	338157920	1555.89
2382.2242	2	519616050	1738.15
1217.6151	2	581996350	1405.07
2220.1526	2	688951400	1552.83
2615.3692	2	878135830	1645.37
1798.9095	2	230778810	1681.59
1027.5799	1	496297840	1665.54
1027.5793	1	411085530	1740.46
3612.8554	3	808969510	1772.74
1099.6007	1	223185440	1904.47
878.47457	1	261506720	1696.88
540.38805	1	526988740	1710.71
2478.228	2	1387866900	1570.95
521.37197	1	141678080	3068.69
2962.529	3	377657780	1623.9
850.44196	1	381643050	1303.49
2873.4802	3	740864980	1594.49
680.3237	1	299770520	1736.61
1565.7961	1	585441730	1522.9
2793.3933	3	1293568900	1573.25
2774.4226	3	665322030	1453.26
900.45621	1	289980240	1619.82
1762.9106	1	265220310	1810.97
514.29916	1	116424300	1427.81
514.29954	1	369074000	1480.68
2584.3287	2	754028010	1740.98
649.32875	1	370595130	1340.47
649.32867	1	485824340	1385.61
2441.2795	2	716694850	1580.42
1544.6154	2	192501070	1118.03
3204.646	2	399147600	1841.35
3204.6475	2	35733345	1884.95
530.33021	1	210962920	1176.21
2383.2279	3	477120750	1734.04
696.35481	1	491165160	1430.93
2165.1119	2	520681160	1731.73
2254.1918	2	366783360	1553.34
715.3997	1	303213630	1293.12
504.32782	1	465995150	1537.25
2465.2801	2	846112430	1700.97
828.43464	1	144843340	1455.85
828.43429	1	374457550	1515.98
2620.3259	3	379428810	1637.19
506.29929	1	231384550	1225.82
2655.3609	3	130525160	1727.63
2223.1544	2	487280020	1522.39
2976.546	2	617448060	1746.88
507.35194	1	194597010	1126.4
1589.8529	1	250327930	1555.63
2063.0799	2	298041170	1477.87
2945.5037	2	357439980	1631.57
1071.5683	1	268724470	1430.67
3944.0084	3	487671410	1898.65
944.48242	1	210351430	1564.05
745.4462	1	264531950	1141.79
583.35696	1	190597890	1147.44
2815.4381	3	415487920	1618.03
562.36996	1	413321910	1707.37
1143.6285	1	256339460	1759.68
2308.2057	2	368578280	1601.92
578.28563	1	74588831	3086.44
2179.1286	2	824410430	1669.62
824.41697	1	639665200	1677.26
1258.6417	1	86284622	1557.42
1258.6422	1	184935260	1580.42
508.28558	1	183917180	1173.38
2669.3799	2	537132850	1715.07
614.39655	1	208353180	1244.41
1845.9972	1	255987560	1491.15
723.46142	1	153525930	1185.95
2380.2235	2	435424110	1755.84
2446.2345	3	584602080	1582.47
533.28102	1	209286750	1211.76
568.30784	1	182246120	1247.02
568.30786	1	180127790	1271.55
1381.7564	1	285339770	1190.31
1381.7569	1	76449589	1225.03
574.35626	1	167912670	1179.03
1787.9436	2	279366600	1600.89
1231.6786	1	282269420	1804.81
1231.6791	1	87474945	1842.13
1231.6805	1	17333847	1891.68
1967.0116	1	209499400	2042.61
2860.4956	2	590566430	1775.82
2441.28	3	467121670	1581.44
718.39902	1	165984780	1428.6
718.39967	1	275419350	1479.16
856.44262	1	244819230	1304.53
856.44273	1	537125380	1347.86
2033.0693	3	309997670	1527.25
3567.7986	4	370838780	1613.94
2945.5376	3	223978360	1303.24
3857.9705	3	275017110	1835.67
867.46795	1	217999060	1304.27
2060.1151	2	279765590	1190.05
2060.1169	2	99562178	1267.91
1275.6683	1	74934502	1557.67
1275.6686	1	163633950	1580.69
1583.8421	2	351613710	1454.3
650.27748	1	115334000	1174.67
526.2964	1	63626755	1144.36
526.29825	1	33571204	1167.98
1361.6954	2	272218010	1491.92
2019.0883	2	203111980	1227.12
1900.0054	3	345036290	1580.93
2812.4747	2	247575150	1260.09
2819.4816	3	454802390	1673.19
2993.5698	3	308316200	1740.72
1236.6338	1	288179870	1806.86
1236.6341	1	107573780	1840.83
2063.071	2	180607530	1764.03
2464.2127	2	451871700	1455.34
517.30959	1	117024280	1187.75
3408.7475	4	303103580	1770.69
939.56151	1	282244030	1170.04
1279.6404	1	211635030	1555.63
1846.1866	2	124357080	1491.41
552.31173	1	148565180	1176.72
1558.6305	2	131294650	1120.92
2807.4147	2	583146730	1674.2
1280.6252	1	118623200	1580.42
1558.8121	1	197141110	1922.53
3567.8015	3	314293020	1612.92
2451.2992	2	248662930	1218.5
1599.8723	2	216166560	1185.45
696.35552	1	225503240	1506.24
2467.2798	2	125667160	1667.83
2104.1066	3	288594910	1604.73
2931.4856	2	267823270	1550.54
510.31734	1	88336686	1141.02
2096.079	2	289151850	1649.97
895.50629	1	175020960	1620.58
2294.2834	2	120136520	1497.79
598.35433	1	136482120	1284.55
618.38233	1	125670610	1181.85
1303.6999	1	151630680	2114.02
674.37373	1	164046270	1695.87
2003.0082	2	146562690	1809.94
1237.4888	1	110234290	1166.43
1586.662	2	112662450	1122.48
1572.6462	2	114415640	1121.44
2366.2106	2	465467350	1544.41
2366.2107	2	177791590	1616.5
1666.8435	2	345593100	1546.96
842.42534	1	195646400	1196.47
842.4268	1	305395750	1404.8
1565.7962	2	228427810	1527.77
1699.8901	2	217555280	1518.03
569.34185	1	87137412	1143.33
2451.2666	2	420127770	1778.12
631.24922	1	78397461	2509.1
631.24884	1	199614600	2597.18
631.24877	1	101978640	2650
1082.5735	1	89978656	1904.47
1866.9163	2	185580590	1490.9
2774.424	2	278333640	1482.47
997.60283	1	119839980	1190.31
944.51671	1	229573500	1169.27
853.42886	1	227461720	1333.13
853.42826	1	219205700	1396.42
853.43009	1	24130821	1454.82
898.62911	1	102835600	1544.67
740.05091	1	253833550	1552.83
696.05181	1	98563607	1260.87
1961.0106	2	257679130	1406.9
1866.9433	2	257832360	1527.51
526.37215	1	336061780	1523.41
596.3378	1	107473040	1179.8
2074.0952	3	217643290	1648.69
1188.7081	2	168383540	1268.69
2846.4799	3	178918690	1624.67
1056.63	2	221301670	1261.91
3769.9159	2	238252430	1824.82
1388.5128	1	94744111	1153.6
1144.6837	2	178458240	1267.12
778.49542	1	95449493	1119.61
2798.4566	2	169529910	1215.38
1544.7969	1	151913990	1923.89
2280.7531	2	225746180	1491.67
1606.818	2	177606730	1582.21
1606.82	2	195563690	1645.88
1354.7101	1	98344355	1795.83
1232.7347	2	164537810	1271.03
1599.8393	2	202140740	1593.73
653.37513	1	89716106	1150.01
1388.513	2	91383058	1153.34
2149.1171	3	296616830	1601.4
675.36867	1	155415690	1737.9
767.48778	1	80921625	1187.75
1308.654	1	104029740	2113.74
2620.3288	2	196149790	1647.93
2406.2543	2	100400800	2042.61
557.41436	1	226804760	1703.53
3595.8312	2	314669980	1768.64
2986.5644	3	221189470	1282.21
1779.9354	2	88921929	1808.66
1772.9415	2	120873330	1194.93
844.3624	1	84001902	1408.47
2067.1227	2	134197170	1525.46
2451.2955	3	160706210	1232.64
2451.2924	3	42468491	1291.57
2446.2371	2	281776880	1578.11
1613.8547	2	119123750	1520.34
1599.8722	1	125203240	1187.23
2437.2843	3	225436440	1186.72
2437.2858	3	36347731	1243.36
1967.0124	2	122455140	1924.16
1755.8806	2	214453570	1578.11
2117.0545	2	224846930	1458.45
2117.0539	2	193979340	1514.44
1148.5823	1	146691440	1760.7
1076.5188	1	117551150	1431.98
625.34692	1	31635190	1272.85
625.34646	1	105155830	1300.39
1276.7616	2	134551350	1272.85
503.2998	1	63469559	1275.19
503.29981	1	57349495	1297.02
503.29969	1	109969920	1326.04
1584.9454	3	127082270	1285.33
505.377	1	41943714	3071.65
1834.9808	2	99061610	1592.45
1012.602	2	169052690	1255.91
3380.7154	3	227262500	1603.97
969.53997	1	100052210	1818.14
726.3656	1	136951980	1290.79
726.36584	1	91047015	1365.5
895.4368	1	89003205	1720.96
881.51949	1	96596439	1153.34
691.40018	1	182666350	1502.4
886.47403	1	105006350	1154.11
1850.95	1	95387764	1492.68
1748.8961	1	106178540	2042.61
3221.672	2	116084400	1844.96
1483.7434	1	117338410	1683.12
2121.0823	2	106998830	1539.29
858.4573	1	159341010	1216.94
1926.9701	2	225591670	1556.91
3234.6556	4	51071819	1706.6
1340.6939	1	95657124	1809.68
662.40791	1	78008360	1184.42
2396.2211	3	171164510	1404.8
1102.5541	1	153287500	1487.58
2172.0962	2	151839050	1725.32
2744.2877	3	109571000	1490.65
718.03364	1	51808848	1260.87
2601.3558	2	291111670	1540.58
1237.4881	2	58749842	1164.89
2353.2164	2	200118530	1734.3
2661.3534	3	263721420	1775.04
2815.4381	2	111228020	1617.27
3803.9677	3	144397430	1829.22
831.48338	1	208428060	1171.07
2294.1905	2	171837700	1571.21
1872.934	2	126331230	1491.67
1057.5524	1	106251630	1580.42
656.47142	1	205917470	2127.46
2259.1499	2	103772960	1553.34
1320.7878	2	125957080	1274.15
502.29922	1	60542711	1130.57
1921.9888	2	137273410	1582.21
1662.8429	2	131248740	1494.73
2451.264	2	174685770	1577.86
622.3677	1	63743721	1120.92
1967.0115	1	140685850	1926.88
1808.3758	2	64736289	1491.41
546.32492	1	64237049	1132.92
2771.4468	2	166285150	1285.33
836.42559	1	97970219	1431.72
962.52863	1	85456264	1313.96
561.33558	1	62368312	1189.79
598.43009	1	159814150	1911.1
2206.1356	2	258396510	1437.43
2237.1695	2	101466550	1844.96
548.35393	1	248776370	1520.85
531.32572	1	46384416	1319.74
531.32576	1	99837042	1355.23
1626.8468	2	23120911	1400.09
1626.8477	2	148197100	1446.77
1540.9182	3	118170790	1286.9
608.31691	1	70477965	1150.78
1347.6791	1	128583970	1521.87
607.37829	1	28637882	1142.31
2757.9148	3	50861427	1490.9
1217.6153	1	175048710	1411.61
2784.4398	2	182473850	1176.98
2165.1108	2	165651220	1546.71
2380.2283	3	138947050	1510.35
3176.6132	2	94994206	1619.05
693.40507	1	58119822	1124.05
1459.5498	2	33957353	1142.56
640.36477	1	72011621	1182.37
506.23395	1	84118738	1340.47
1002.5586	1	87156710	1190.05
2655.3652	2	104871230	1589.89
2005.0439	2	91711856	1291.83
2005.0385	2	152291990	1361.28
2601.3521	3	181228450	1538.78
836.42593	1	96364071	1580.42
2380.2245	2	215052830	1508.55
810.4	1	178605700	1447.81
810.39969	1	149837610	1554.61
878.47422	1	58279724	1904.47
507.35628	1	72534007	2542.42
2570.3132	3	108597210	1403.49
2570.3131	3	169754890	1458.19
2437.2825	2	169767910	1182.37
2437.2843	2	88885673	1249.38
503.29365	1	63387838	1151.8
1810.9986	2	70096382	1492.17
691.39963	1	116273400	1425.2
2484.8543	2	105720140	1525.46
592.25851	1	41848982	1093.99
651.40395	1	27092520	1142.82
919.50243	1	94360586	1365.5
3622.8762	3	105431880	1307.4
2959.5191	4	128025090	1736.61
2959.5183	4	105956620	1793.01
2135.1006	2	229024480	1464.16
864.45749	1	97134980	2115.16
2046.064	2	63889822	1615.99
622.33217	1	60283312	1165.41
610.44092	1	59964081	1123.53
1558.8127	2	93829839	1683.88
512.35615	1	117192570	1386.67
1076.5607	1	145268040	1723.27
642.42823	1	96606560	1518.29
1395.557	2	74512366	1154.11
506.23415	1	115231850	1451.96
3496.7979	3	101406920	1735.33
3755.9412	4	170211670	1364.19
563.35225	1	21829608	1132.92
563.35182	1	24580049	1142.31
590.35181	1	79089054	1135.53
2131.1526	2	113315010	1220.84
1430.5598	2	42485650	1165.92
698.20471	1	60554852	1212.02
831.44719	1	151202780	1405.59
714.5141	1	150597740	2365.39
1615.6537	2	58443947	1112.73
2611.3401	3	149711440	1612.16
875.51173	1	67635499	1160.78
925.51382	1	86557512	1831.02
534.33845	1	102364290	1396.68
538.29664	1	96160509	1266.86
1143.6293	1	72128491	1842.13
1148.5821	1	82537907	1844.19
642.45614	1	52271457	1847.82
642.45624	1	53976673	1880.73
1188.0979	1	225668230	1766.08
1462.7437	1	33981954	1718.91
1462.7431	1	70907849	1746.88
737.38179	1	68662618	1292.87
587.35181	1	51984923	1171.32
2870.5132	3	123537070	1291.83
779.36708	1	46096213	1141.02
1204.6777	2	69207844	1825.86
850.44066	1	74693453	1430.67
1310.6844	1	79003466	1488.1
1310.6845	1	129390550	1525.72
556.29918	1	122079660	1165.92
1628.9688	3	89237954	1290.01
1040.5256	1	102174450	1580.16
817.46748	1	58623071	1161.3
1803.9729	2	96590310	1216.42
1626.8785	2	45401145	1198.79
1416.5434	2	53362425	1160.02
675.40362	1	74026804	1177.23
2427.2634	2	200978210	1467.8
846.4474	1	87848489	1696.37
712.34964	1	60652637	1238.66
624.33339	1	155199190	1371.58
631.37767	1	53848793	1174.67
1544.7967	1	63065011	2042.32
1613.8516	2	70578619	1413.45
2039.0791	2	65716488	1615.73
1409.5728	2	37585120	1165.41
1600.6767	2	47176692	1124.84
2410.2719	2	119286270	1251.99
1459.5507	1	27892160	1144.36
1641.6952	2	45537612	1491.67
2898.5109	3	130830860	1292.34
3796.9634	3	102474540	1333.65
684.39082	1	50383004	1184.68
1085.5842	1	59113726	2114.02
1681.9253	2	74768266	1161.3
543.32592	1	64047743	1167.98
1497.8938	3	68207911	1284.55
1844.9957	2	97265722	1203.97
522.26522	1	45745748	1189.03
773.55042	1	58738228	3022.72
524.31705	1	47025426	1260.09
1408.8418	2	81692799	1278.05
793.3842	1	46470519	1144.63
2696.4285	3	132145390	1276.23
646.34153	1	66096581	1304.27
2188.1385	2	55407398	2042.04
1170.6192	1	86657003	1824.05
2375.2141	2	60816746	2337.91
2308.2075	3	62781437	1602.43
935.49488	1	63625984	1819.94
2015.0807	2	64727324	1810.97
2743.3772	2	122801250	1409.52
3567.8275	4	36856755	1298.57
3567.8327	4	117416380	1346
1409.7522	2	87175395	1388.52
1409.7527	2	45299293	1443.14
1306.655	2	84355077	1527.77
1402.5287	2	50992431	1158.99
719.42941	1	57454342	1180.06
1841.999	2	76201132	1192.1
634.37713	1	48627520	1138.4
706.43584	1	47268826	1186.72
982.72352	1	31439635	2962.62
853.45155	1	53280541	1432.24
2005.038	2	80935515	1509.58
639.36195	1	62771793	1419.45
2396.2479	2	77987835	1212.02
1551.7803	1	109226680	1551.81
667.39039	1	66964007	1163.1
555.39928	1	60953354	1188.51
1402.5281	1	69157066	1160.02
1395.5566	1	53820400	1154.88
961.58308	1	57234080	1473.49
905.66587	1	61549373	3027.26
1585.8571	1	65412772	1222.67
1585.8579	1	36736297	1254.34
1585.8568	1	16681953	1292.6
686.48268	1	51968230	1843.93
1621.8532	2	43881115	1188.51
1430.5605	1	53868672	1169.52
636.34755	1	60485408	1220.32
772.55606	1	110265170	2612.22
1286.673	1	52821968	2114.02
600.38323	1	29718929	1092.01
960.52668	1	64975940	1264.52
1981.028	1	67036011	1807.89
1416.5446	1	37509242	1161.04
1259.4702	1	28423626	1166.43
2018.0743	2	86234680	1250.94
824.41619	1	74556111	1334.96
824.41613	1	87674317	1402.97
824.41762	1	71605437	1436.92
2049.0645	2	28625772	1848.85
1975.0263	3	74210708	1533.41
1340.695	1	57218973	1922.53
842.42613	1	33026958	1130.05
658.38089	1	45599299	1177.23
1787.945	2	113758130	1485.54
993.57187	1	75642609	1161.3
605.36227	1	33085124	1192.36
1967.0123	2	48344922	2042.32
1967.0112	2	16471597	2090.28
519.32556	1	23746952	1130.31
519.32556	1	16152631	1141.28
537.31599	1	46214249	1166.43
789.4758	1	64673302	1146.15
1392.7131	2	46999147	1393.26
1558.8119	1	45776817	2088.47
660.35774	1	18096247	2026.49
660.35861	1	64524497	2114.31
660.35773	1	23082502	2321.45
660.35695	1	14885310	2521.13
1396.5443	1	34466665	1164.13
1238.4776	1	46376948	1177.75
2815.4385	3	108095230	1450.68
2584.3605	2	57244916	1269.47
1598.8288	2	67244167	1445.73
508.31383	1	35883104	1264.52
1984.0377	2	45009295	1923.61
1672.9963	3	55953597	1292.09
2427.2641	3	97543425	1455.34
1275.7095	1	27419457	1848.59
541.3465	1	39623446	1124.31
1755.8819	2	67343111	1455.85
1795.9066	2	104875890	1528.79
2101.1427	2	73218093	1230.53
1606.8247	1	87277840	1580.42
642.38072	1	39363005	1260.87
642.38066	1	30428196	1285.59
937.54795	1	73184851	1178.52
2223.1886	2	43482282	1237.08
982.50773	1	44492058	1260.87
922.53677	1	62108073	1168.75
591.34598	1	38953073	1156.42
831.59338	1	19013836	3087.09
1640.9006	2	47884314	1190.05
1571.8414	1	41941170	1290.79
1571.8408	1	11447919	1325.78
592.30742	1	51681569	1255.91
1803.9718	1	46845340	1218.5
599.38359	1	35700279	1172.87
3755.9393	3	91528754	1363.13
613.33113	1	50370363	1259.57
1251.5034	2	20228347	1182.88
1251.5036	2	16366455	1199.82
707.39506	1	37954406	1235.77
627.3467	1	220691190	1393.53
2264.2119	2	62078302	1280.65
584.33746	1	51937543	1246.76
1164.7004	2	34717505	1147.18
1150.609	1	46840520	1409.52
1150.61	1	48373076	1444.7
613.36803	1	29982435	1147.18
1604.6173	2	27488689	1130.31
1087.5529	1	87419460	1394.31
905.52129	1	68137347	1160.27
1109.6206	1	30818863	1191.85
864.45805	1	24553885	1903.92
1770.9267	2	124728180	1428.85
1507.8026	1	27524855	2320.85
2090.1254	2	47893844	1187.23
756.52354	1	39498192	3021.8
858.49382	1	22631257	1145.9
864.4932	1	50484165	1153.08
860.39216	1	33516486	1396.68
1082.5733	1	36592284	2114.02
578.24259	1	24125958	1092.86
881.48809	1	29743245	1903.36
654.39473	1	20287299	1129.53
1565.7953	1	40689248	1451.45
1368.7982	2	37283306	1154.11
1324.6989	1	60769998	1456.38
2593.3287	2	36817979	2337.91
700.49814	1	104716880	2091.16
4018.0464	3	99002014	2012.75
1233.6473	2	91674668	1449.89
1395.7348	1	41585635	1418.66
1395.7345	1	42326762	1446
687.40491	1	48878927	1192.62
793.25499	1	36234847	1264
1629.6656	2	28370894	1117.24
1959.9999	3	52094470	1402.97
1409.5717	1	33436752	1169.01
1116.5678	1	50696627	1389.31
1942.0521	2	39580156	1205.01
556.38222	1	84687826	1381.9
848.47424	1	77419922	1409.26
709.41523	1	34352919	1443.14
879.50489	1	49385543	1158.22
1988.0526	2	22341575	1198.79
1988.0579	2	58701163	1245.19
880.43229	1	39029936	1346.53
557.34552	1	26234128	1126.4
557.34443	1	19071313	1144.87
1305.6663	2	69166026	1399.3
1086.6469	2	55184831	1289.23
2002.0786	2	34899213	1194.93
968.66378	1	20965387	3094.58
853.52531	1	26397666	1257.48
2305.2423	2	53844454	1238.39
514.29934	1	36219029	1351.54
2264.2134	2	41913478	1198.27
2492.3269	3	47470792	1270.51
836.54811	1	14559197	3087.82
2212.1724	2	44534556	1283.25
1068.5574	1	42080766	2517.89
1068.5571	1	16665094	2709.96
1068.5586	1	8086231.4	2888.94
963.70875	1	22064712	3093.2
690.3669	1	43191911	1236.29
1913.0348	2	30559929	1200.34
717.45213	1	38675741	1162.07
828.43367	1	37204262	1141.54
840.4343	1	41277760	1391.42
1496.8961	2	28608549	1281.43
717.4144	1	27517834	1127.18
701.42156	1	16622359	1131.36
701.42335	1	30097810	1144.87
809.49784	1	25210484	1255.91
1473.5653	2	26363888	1146.15
1361.6941	2	52876056	1420.23
1116.5681	1	71786314	1456.89
824.35302	1	12032387	1104.7
1085.5854	1	28602976	2321.14
1085.5851	1	527774.81	2363.79
1399.6626	2	24107345	1115.92
1016.514	1	50078345	1164.13
524.35657	1	45340108	2080
645.40883	1	13035885	2994.03
645.40879	1	18637284	3052.77
645.40886	1	2795653.6	3091.03
2793.4288	3	44669839	1289.49
697.1343	1	30624714	2264.25
659.27948	1	72424972	3002.49
1254.5137	1	30471608	1166.69
3435.7902	3	27782257	1301.17
2192.1592	2	35782009	1252.25
2005.0732	2	28219336	1236.56
2005.0714	2	13003011	1263.22
587.29415	1	14736756	3044.77
513.34305	1	25328050	2962.62
1158.6552	2	35548297	1291.57
1185.5895	2	109483680	1431.19
814.45568	1	41030407	1253.04
2625.3917	2	42045005	1237.34
674.37291	1	54857613	1428.07
658.32939	1	36832985	1225.29
633.39413	1	41000365	1234.72
1174.6956	2	61854459	1290.53
1759.9113	2	39855699	1480.68
640.44054	1	51264173	2581.87
568.34534	1	46015906	1192.62
1977.0375	2	42740896	1212.02
3727.8727	3	45459241	1456.89
543.35442	1	13355400	3068.36
543.35427	1	1882933.3	3092.82
3292.7012	3	11260172	1880.99
532.31841	1	60115933	2282.28
830.59866	1	53994720	2858.41
888.63923	1	32577710	3026.05
980.57935	1	30718798	1193.13
941.5777	1	24669514	1258.52
897.55123	1	25457298	1257.48
670.36755	1	35081239	1146.67
2090.1281	2	29841914	1255.91
721.44711	1	29236866	1240.22
2008.0758	2	25675144	1247.81
677.42046	1	34756264	1237.6
1646.6645	2	17965643	1132.92
724.52127	1	28462307	1282.73
2046.0647	2	23798559	1467.8
985.60298	1	23766876	1258.78
698.48235	1	44637850	2840.1
1786.9192	2	40472703	1303.75
1340.6945	1	48060304	1443.92
1347.6786	1	49627053	1451.18
2206.174	2	51621478	1236.56
1618.6342	2	18759362	1132.14
1262.7489	2	47622968	1290.53
2229.1994	2	19574406	1290.53
1244.6275	1	8506342.1	1888.05
1244.6277	1	25247296	1920.63
930.47183	1	26455077	1416.84
2049.0657	2	33199094	1322.36
1070.6073	2	47833970	1287.15
2049.0978	2	26710018	1220.84
521.35796	1	34251155	1367.62
902.51138	1	28172587	1256.44
701.39629	1	15769194	1105.76
1632.6499	2	16046328	1132.14
2247.1983	2	29435128	1211.76
1762.9046	2	21005159	1925.52
501.29708	1	14830148	2039.47
770.42884	1	44419993	1244.93
617.2331	1	22865374	1975.42
617.23301	1	38085126	2037.76
617.23282	1	23989845	2114.31
617.23306	1	22178741	2298.78
617.23332	1	48867120	2390.61
674.37373	1	19548220	1903.92
1114.6288	2	42721564	1289.23
881.4842	1	26465311	2114.02
1830.9773	2	28182514	1228.69
1173.6371	1	19326549	1959.48
1173.6376	1	25539037	2029.42
1173.6372	1	11082366	2120.33
1173.6367	1	17080734	2165.76
1173.6375	1	16506367	2221.83
1173.6377	1	20840789	2992.11
823.58534	1	12007707	3066.5
756.32713	1	12953317	1091.44
2389.2278	2	26668703	2217.09
864.46032	1	25731154	2521.13
1272.6591	1	1743626.2	2464.69
1272.658	1	28763600	2522.1
1272.6575	1	20289478	2709.96
1272.6581	1	6300039	2887.88
1512.7562	1	17858424	2320.85
578.36335	1	9147697.4	1364.71
578.36287	1	41651496	1396.42
1203.6014	2	92831819	1279.35
1306.7715	2	42692057	1290.01
1325.6868	2	23097268	2113.74
2829.5015	2	19894999	1260.35
638.35003	1	35701786	1232.64
726.40526	1	46065916	1240.22
538.39857	1	10356931	3068.36
1126.5366	2	19256738	1904.18
1748.8963	1	32275522	1924.98
1912.953	2	45446344	1440.55
792.51142	1	23202350	1122.22
1026.5797	2	38107884	1284.55
589.36761	1	32539149	1232.36
850.55239	1	30518587	1419.19
582.39879	1	53763930	2330.58
858.40252	1	28513500	1432.76
508.22853	1	32090997	1314.75
1722.6984	2	14681348	1119.61
1218.7195	2	39415592	1286.9
1412.8205	2	24692395	1159.24
2296.2657	3	16328670	1115.13
2396.2578	3	25527867	1261.91
960.47451	1	24675057	1335.75
1991.0263	2	30200048	1336.8
1991.0228	2	31220001	1385.61
614.39883	1	17125088	1092.01
1463.6304	2	14548496	1130.31
946.50948	1	38640797	1343.11
946.51147	1	23348557	1386.67
946.5109	1	32360146	1442.11
1289.685	1	16716869	2521.13
2310.2824	3	16790079	1117.51
1408.7748	2	16421561	1966.15
660.35735	1	20187304	1904.18
2305.244	3	23012446	1243.36
682.3752	1	33758969	1236.29
682.42524	1	12829471	1097.6
1524.828	2	17251590	2320.23
2202.1498	2	20524589	2088.75
2198.1565	2	32402434	1313.17
1026.7058	1	8084305.9	3142.47
891.50528	1	24988108	1239.43
606.27346	1	10855510	1097.33
1095.7868	2	35901788	3023.93
2233.1836	2	22919784	1245.71
1130.6689	2	34802748	1284.55
1330.636	2	23947042	2113.74
1040.526	1	25936393	1321.58
1068.7878	2	23671268	3053.4
1134.5793	1	20527516	1394.05
2135.1038	2	57651009	2476.45
1040.5263	1	7911552.5	1889.44
1040.5272	1	18818062	1920.35
666.34452	1	29031988	1331.82
1239.5968	2	26466651	1403.75
1212.9016	2	11717272	3337.37
1246.7111	2	27813417	1295.46
1350.8086	2	30360733	1292.09
515.29209	1	18560385	2280.07
537.2743	1	40966199	2282.6
579.30774	1	24747521	1974.85
521.37232	1	20674749	2784.49
521.37257	1	16303345	2837.31
1062.7651	2	8355790.1	3193.62
531.37726	1	11149465	3025.74
531.37709	1	1899255.4	3053.7
1085.5728	1	38719702	1326.57
2185.1275	2	16035509	2089.36
2945.5364	2	17840224	1315.01
641.4486	1	17843356	1118.03
1529.7904	2	15284717	2319.3
886.43953	1	17883581	1903.92
1244.6257	1	8319357.6	2061.84
1244.6257	1	16280282	2095.97
789.58276	1	23967886	2612.22
1161.7078	2	29050431	1266.61
659.27997	1	19201654	2552.82
659.27998	1	27188918	2598.83
659.27969	1	18420855	2674.74
1340.7312	1	15949989	1252.78
1354.7105	1	16574856	2087.86
1762.9116	1	20892261	2216.78
1326.679	1	26629785	1366.82
615.45655	1	28756833	1910.54
1187.6535	1	17953840	1905.29
758.54078	1	37757294	2307.35
1452.8057	2	17038939	2028.52
1290.7361	2	20958789	1297.02
1191.5695	2	14519535	1127.44
2250.1631	2	13904001	1401.14
673.49831	1	32834087	2129.28
1967.0114	1	18798222	2216.78
822.48363	1	37580878	1263.48
1021.7507	1	6630002	3142.47
731.54088	1	27958196	2365.08
1122.7856	2	39638520	2998.77
814.56607	1	7472503.4	3087.44
1129.61	1	16327642	1969.31
543.28991	1	23217564	1376.34
1775.9426	1	13744885	1324.46
3016.5484	2	12500723	1851.18
1024.762	2	14787249	3069.42
704.38636	1	19326618	1968.15
704.38565	1	8042131.7	2020.66
866.50902	1	33882436	1263.48
1251.6139	2	12446268	1102.79
2829.4902	2	25062437	1325.26
894.59024	1	6611593.5	3134.02
533.27446	1	9542781.2	1940.58
519.33291	1	12552402	2654.01
875.62006	1	12950047	3064.91
875.61994	1	1627638.9	3110.86
878.47377	1	14445285	2113.74
955.52213	1	16943501	1336.27
575.40351	1	9381669.5	3019.67
575.40355	1	2086662.4	3049.13
1952.9966	1	15364318	2042.32
573.25272	1	7749276.7	2044.57
573.25297	1	10293577	2066.93
1320.667	1	27352105	1414.49
1540.9187	2	11906977	1282.99
1076.5276	1	22828276	2174.76
1076.5269	1	23091947	2310.41
1076.5271	1	32037126	2367.66
1076.5249	1	15537647	2504.84
1076.5259	1	34196447	2997.82
847.62508	1	20549486	2861.94
1200.4738	1	16142955	1354.96
1020.7179	2	39574917	2878.67
1020.7162	2	12478727	2969.52
1394.8222	2	28813879	1292.6
550.21166	1	6525238.9	1091.16
778.45927	1	32048720	1259.31
545.32357	1	9579140.4	2056.46
2171.1223	2	10571801	2340.42
744.52496	1	50387851	2051.15
1057.5525	1	17230066	1321.05
1076.5785	1	12744706	1392.21
660.35688	1	17102469	1962.37
1289.6856	1	12468719	2320.85
1464.6538	2	9726363	1103.6
910.62151	1	12766202	3027.26
2433.3013	2	11280457	1322.63
1048.6885	2	5501810.4	3143.3
1994.0574	1	11658258	1324.46
889.63525	1	5900047.3	3134.02
3074.6363	3	22890127	3027.56
1055.6443	1	25610911	1226.6
1358.7184	2	10078363	1102.79
670.25512	1	6661504.9	2924.43
1474.9535	2	12876518	2365.08
2392.2374	2	13809926	2337.91
518.13103	1	26515504	904.427
518.13114	1	17404012	1047.87
1090.5394	1	13304639	2113.74
3118.6628	3	20272720	3038.88
817.57786	1	8717085.9	3063.56
547.29003	1	11638183	2201.24
547.29011	1	9701323.3	2227.52
623.43684	1	10746973	1101.16
1007.7345	2	12071420	3070.07
1214.8821	2	15003680	3062.65
1112.8136	2	19482319	3026.96
521.33133	1	15419526	1104.7
1478.662	2	8963205.6	1108.17
1640.8629	2	25377005	1371.85
1612.879	2	14869562	2113.45
1316.6731	2	10673209	1102.25
1773.9311	2	16880767	1394.58
778.50591	1	10743187	3022.4
1391.7524	1	8781736.8	1963.52
1984.0379	2	11601325	2042.32
1984.0374	2	4757151.9	2089.07
1448.727	1	4693798.4	2061.51
1448.7299	1	8377771.3	2094.17
577.17525	1	11159701	2166.07
816.5831	1	36618915	2550.23
1112.5828	1	14202227	1971.97
1457.7659	2	11926548	2030.27
1347.6787	1	19410151	1362.08
1347.679	1	13976600	1399.83
1312.6537	1	14059018	2315.92
1312.6541	1	15889189	2449.92
1312.6537	1	14328899	2503.86
1312.6534	1	10117198	2551.21
1312.6533	1	11301307	2632.4
1312.653	1	10434715	2686.48
1312.6543	1	1537894.8	3342.65
559.32777	1	5337849	3068.36
559.32735	1	1153091.5	3091.93
1305.6641	1	24084704	1400.87
1206.7539	2	16581429	1314.22
1178.8479	2	11688186	3337.05
1356.6798	1	13854907	2378.41
1356.6793	1	19141560	2552.51
1356.6783	1	13798304	2683.88
1356.678	1	44678048	3002.17
1356.6811	1	2180106.9	3343.63
1164.6263	1	21956086	1344.95
1139.8127	2	25659636	3002.49
1379.7407	2	22788331	1385.08
1711.9013	2	8042199.2	2520.81
1208.1341	1	22939224	1320
693.44297	1	12238642	1097.33
1656.9028	2	2948007.7	2086.94
1656.903	2	21757621	2171.95
1656.9004	2	5501886.7	2269.46
535.38825	1	4583735	3136.16
521.37249	1	11201604	2369.28
715.50923	1	11221503	2840.44
736.15768	1	9842776.5	2743.77
1170.8533	2	7432911.1	3076.87
1085.5852	1	7991176.5	2520.48
1091.6232	2	8690978.1	1117.77
1534.737	2	9594410.8	2319.92
1490.7758	1	7902177.2	2320.85
1195.8743	2	8233795.2	3339.67
1377.7357	1	18324062	2173.51
1377.7364	1	12591112	2310.1
1377.7365	1	13815913	2365.72
1377.7365	1	8235911	2505.17
1377.7354	1	45317637	3008.33
1413.7387	2	8995443.8	1965.25
3030.6112	3	17142996	3015.38
1032.4996	1	15004407	2115.45
1032.4995	1	3704409.8	2163.6
1032.5003	1	12998161	2256.46
1032.5006	1	12995530	2317.45
1032.4991	1	6877648.2	2633.39
1032.4987	1	7760033.2	2689.08
1612.826	2	22143611	1335.49
536.24151	1	18890106	2591.84
780.32187	1	9405340.6	2391.59
699.17621	1	6958421.8	2919.73
1180.8295	2	13153684	3062.01
569.32355	1	13244439	2199.64
1120.8075	2	6175518.9	3253.28
684.46673	1	19754510	2505.5
952.63241	1	3843564.9	3179.18
984.6381	1	6609656	3094.2
1120.5528	1	10996920	2238.31
1120.5519	1	11858846	2555.45
1120.5514	1	41667229	3004.32
1120.5515	1	2207468.4	3344.65
648.42227	1	7472733.2	2282.6
1316.6832	1	9594846	2114.88
1967.0126	1	10282887	2337.59
2870.5374	3	25871769	2995.62
1475.7748	2	7702469.8	2321.14
612.29975	1	11230677	2113.74
1916.0011	2	6257172.2	2709.96
1506.6955	2	9088869	1106.29
3162.6889	3	11670287	3046.65
1952.9977	1	10241449	2337.91
1512.9626	2	10011540	1107.37
2610.3548	2	9824281.6	2337.59
1733.8922	2	8205875.4	2520.81
1084.7477	1	4564510.5	3192.94
657.46738	1	9834176.8	2581.21
612.30028	1	9388513.3	2321.14
1440.7339	1	7036456.8	2033.77
947.6774	1	3664056.7	3179.18
800.55038	1	11740432	2981.94
1748.8963	1	9866469.8	2337.59
1219.5972	2	9705982.6	1114.34
1217.8571	2	7270783.8	3335.12
880.5747	1	6331883.2	3065.86
880.57451	1	1457492.1	3110.86
1007.7364	1	9623847.5	3072.95
1156.6108	1	11260062	2029.11
1156.6101	1	13282780	2167
1156.6112	1	17292608	2222.45
1156.6114	1	8092896.7	2363.79
1156.6094	1	23752338	2996.57
1038.7761	2	3762803.7	3142.01
972.59101	1	6706895.6	2282.6
817.5786	1	10989722	2983.83
903.6513	1	6139526.2	3073.28
1617.8394	2	9145536.3	2114.31
1861.0083	2	15635186	2312.26
548.20529	1	9013111.3	2758.24
1271.673	2	7834322.3	2114.02
1006.7026	2	34032182	2608.21
1006.7019	2	3609052.9	2749.97
1748.8958	1	10001830	2217.41
1197.8555	2	11116921	3060.17
650.36481	1	5301235.6	2995.3
1448.6267	1	5896120.8	2114.88
1217.6642	1	7376273.9	2018.01
1217.664	1	12433269	2094.48
1217.6643	1	7514070.7	2231.64
1112.5854	1	13730920	2110.32
1112.5844	1	12821277	2167.93
1112.585	1	5229700.8	2306.74
1112.5848	1	8017616.5	2361.85
1112.5847	1	6705245	2993.07
1404.7387	1	11116450	2237.67
1404.7383	1	19768891	2374.17
1404.7373	1	9383138.9	2557.73
1404.7363	1	16022564	3011.38
1079.7929	1	3970394.4	3192.94
1604.0354	2	8548895.3	2364.75
1435.7802	1	10316131	2030.59
1679.8747	2	5660632	2520.81
852.52206	1	3605543.9	3087.82
1064.745	2	23131776	2815.63
1064.7437	2	5959688.8	2971.44
617.32075	1	15553152	2598.18
802.56774	1	20037918	2259.04
1558.8117	1	9915184.4	2216.15
1166.8122	2	17175017	2978.44
1166.8111	2	2480977.8	3050.96
2188.1421	2	8538249	2217.41
1153.83	2	5880824	3076.87
1476.7591	1	8725583.5	2709.96
3366.7967	3	13962427	3056.8
845.60937	1	10896451	2995.93
1507.8007	2	6638102.2	2321.14
1096.8185	2	3804392.3	3193.62
1258.9045	2	9812030.6	3053.7
1258.9043	2	474222.86	3106.54
1040.5257	1	5439602	2061.51
1040.5255	1	7539542.7	2095.97
518.13151	1	15611149	3456.07
1421.7643	1	10968990	2234.5
1421.7647	1	14387401	2370.58
1421.7645	1	7366921.3	2556.43
1421.7631	1	23072791	3012
504.39362	1	9104125.3	2393.93
541.41789	1	8936569.8	3054.02
541.41847	1	887780.81	3097.99
643.48815	1	6240294.5	3050.05
742.50873	1	16983696	2752.72
1418.6873	2	12427942	1966.73
1333.7088	1	6857933.5	2114.88
643.249	1	11136323	2218.67
518.13217	1	10673244	2018.91
518.132	1	11944816	2114.31
518.13196	1	9135119.4	2164.83
518.13232	1	8996266.7	2354.46
919.64522	1	13779406	3042.59
919.64543	1	666388.46	3097.6
626.42507	1	15446322	2258.06
3234.7172	3	10034134	3045.4
1700.9376	2	6069940.3	2144.52
1700.9347	2	12257056	2234.5
1021.7496	2	3532867.1	3142.47
1241.8809	2	12091851	3042.59
742.5083	1	8767450.1	2979.71
1351.8862	2	7458469.5	2365.08
946.68193	1	5080193.4	3093.2
513.24807	1	7292363.6	2096.88
1034.6814	2	2500383	3077.29
661.31148	1	7097399.3	2757.21
521.27946	1	13389104	2364.1
1595.8513	1	4517924	2113.45
529.27951	1	8172037.3	2327.39
529.32875	1	5492344.8	2400.61
1222.8066	2	6335542.6	2365.08
1129.6109	1	5283200.6	2057.05
1129.6106	1	12199420	2109.75
1129.6104	1	10270777	2167.31
1129.6105	1	3639079.6	2313.17
1129.6103	1	21690932	3003.72
523.36445	1	2651353.8	3198.03
1316.6846	1	8819189.4	2254.55
1316.6852	1	7403238.9	2316.53
1316.6847	1	5816868.3	2455.65
1316.6842	1	4220176	2633.06
1316.6838	1	6004939.6	2688.11
1316.6864	1	27362123	3018.44
612.29985	1	6731604.3	2520.81
949.69379	1	12263460	3001.55
510.28102	1	5825023.2	2622.54
1905.0371	2	6590809.2	2287.02
1905.0339	2	13131501	2371.23
1073.7431	2	6271939.2	3053.7
771.53521	1	4149634.4	3069.72
759.53565	1	9156421.9	2980.67
1012.6914	1	7135148.6	3076.23
1661.8689	2	13189889	2173.82
1661.867	2	3030292.9	2272.71
638.46067	1	7161137.1	3018.75
1042.6809	1	2698848.8	3142.01
1625.8632	1	5485032.5	2377.42
1625.8639	1	7533213.8	2506.81
1625.8634	1	7737007.6	2555.45
1625.8626	1	21229696	3010.47
1544.7961	1	7802975.9	2217.09
1043.7319	2	3004973.3	3142.47
886.43944	1	7156239.4	2113.74
1048.7479	2	3172495	3122.89
1037.746	2	9595065.1	2883.29
1037.7448	2	9499440.9	2971.44
1046.5086	2	5483858.6	1093.71
1303.6995	2	6287433.9	2114.02
583.0976	1	6166079.2	2170.1
864.45783	1	5395805.1	2709.96
633.4457	1	2570195.1	3113.92
548.247	1	7079518.3	2114.31
1101.7749	2	2895852.8	3193.62
589.41926	1	2204637.2	3118.72
1462.7157	2	9213618.8	2030.59
1079.7923	2	3026128.4	3193.62
1064.6616	2	2630174.1	3142.47
874.62542	1	15352847	2785.53
1530.7837	1	6367907.7	2042.61
1564.8116	1	5740543.7	2315.01
1564.812	1	7287388	2452.61
1564.8113	1	7514333.7	2506.16
1564.8104	1	5519035.8	2635.68
1564.8099	1	5719503	2689.08
1564.8094	1	17121214	3016.91
1448.7303	1	4708818.5	2233.54
1448.7304	1	7223512.5	2269.46
2109.1343	2	7512016.1	2509.73
713.49302	1	7575724.3	2988.93
780.32168	1	5246296.6	2532.6
908.60589	1	4706006.5	3073.99
641.13866	1	4549427.8	2597.18
1581.8361	1	4840887.9	2315.92
1581.8364	1	5192381.9	2450.26
1581.8361	1	5151347.3	2506.16
1581.8359	1	4919647.6	2634.05
1581.8353	1	4114466.2	2684.53
1581.8358	1	30281115	3012
1268.881	2	12934882	3021.5
599.42578	1	11046692	2331.22
3410.82	3	7878211.7	3058.62
559.25602	1	14246979	2284.18
704.13158	1	4361975.4	2919.73
1090.5402	1	5475393.3	2320.85
1286.6748	1	4305737.3	2320.85
1154.8607	2	3455283.1	3253.28
890.35879	1	15225357	2474.78
717.5246	1	16993035	2088.75
626.42529	1	9294306.2	2491.54
1330.6878	2	8177427	1102.79
630.37333	1	6195412.6	2118.61
1064.5281	1	5617014	2114.88
1711.9019	1	4928267.2	2520.81
1051.7616	1	6110674.6	3054.32
2547.3351	2	12133326	3012
670.45124	1	10576046	2202.84
803.53627	1	4198267	2963.24
2958.5865	3	8614314.5	3021.5
522.37734	1	7332029.5	2540.13
573.25853	1	4485331.1	2698.88
1050.7292	2	18031100	2555.77
543.28705	1	8588955.3	2679.32
881.48563	1	4668651.5	2320.85
1209.6354	2	6413092.9	1094.55
677.47184	1	2562749.5	3110.47
1280.6244	1	5807642.2	2315.31
1280.6257	1	7631234.6	2451.6
1280.6258	1	7176659.9	2504.84
1280.6261	1	5114014.3	2556.1
1280.6255	1	6080854.1	2634.05
1280.6252	1	5396111.6	2687.14
1280.6217	1	8796310.8	2993.71
1280.6259	1	1161980.5	3343.3
1156.8402	2	8446374.8	3009.55
1156.8401	2	3959276.7	3057.1
1865.9654	2	6508279.4	2315.92
3025.4626	2	18256191	2473.12
1762.9123	1	5311621.1	2337.28
664.37983	1	1125072.2	3106.92
664.37934	1	1555569.1	3168.28
535.38792	1	4067480.3	3033.34
1285.9071	2	10459429	3023.32
1201.6334	1	21687201	3007.41
623.03748	1	5081285.1	2636.01
1164.7711	2	3200670.6	3254.03
585.44537	1	6976238.9	3042.59
728.49352	1	9481896.6	2436.43
673.49997	1	7269814.9	3025.13
1476.7596	1	5942895.8	2888.25
1476.7583	1	4488100.9	3007.41
1225.5362	2	5512472.3	1095.66
860.60968	1	14043480	2491.54
872.60849	1	2152652.5	3134.02
718.48441	1	2982171.8	3091.42
1333.7092	1	2153133.8	2207.92
1333.7114	1	4915255.8	2255.5
1333.7122	1	1547791.8	2314.7
1333.7115	1	2863232.4	2456.32
1333.7096	1	24935665	3005.86
1465.6641	2	4242261.1	2114.02
977.68738	1	3478985.3	3096.02
1360.9769	2	4793927.1	3070.72
684.46641	1	9307430.6	2744.13
1108.7685	2	19717629	2763.13
524.05938	1	4292646	2689.08
519.2048	1	4477028.3	2351.25
568.38281	1	10863251	2242.15
594.2468	1	5037412.9	2677.37
2986.5845	3	13532740	3000.32
860.42658	1	9572130.8	2111.46
860.4266	1	7036586.5	2166.69
860.42651	1	4194873.5	2309.49
860.42695	1	4538288.1	2362.81
3306.7345	2	5704991.5	3061.08
1967.0123	2	5091175.3	2217.09
910.56421	1	2045437.2	3134.02
660.35622	1	6069438	2887.19
660.3563	1	12403376	3001.55
750.50429	1	1972075.7	3129.65
1183.8398	2	10186395	2976.22
794.33724	1	3448723.5	2965.75
2591.3684	2	13502600	3017.83
658.35904	1	5445376.3	2328.03
507.04418	1	5166029.3	2619.56
656.46856	1	5273760.4	3028.78
521.37231	1	5218307.1	2614.91
1029.7185	2	4442515.3	3068.69
1126.8303	2	3210890	3102.82
1010.6747	1	2040637.7	3230.77
502.09977	1	9793391	904.427
502.09993	1	6775168	1053.72
997.53088	1	20135279	3008.95
932.66697	1	10731952	2996.57
1829.9619	1	17778049	3006.17
1669.8904	1	21004794	3003.1
1005.7193	1	2018903.7	3230.26
605.2844	1	3487096.4	2803.35
1816.9772	2	4850205.4	2254.87
1219.8383	2	4281960.8	3062.01
1006.6192	2	2884234.6	3096.4
858.59296	1	3580194.9	3064.91
858.59261	1	540565.03	3112.18
1222.8113	2	3920337.5	3328.47
1158.7844	1	2291460.3	3084.65
1023.5112	1	5319569.7	2108.61
775.56819	1	7095153.8	2306.13
786.53479	1	9846439.6	2675.73
580.23146	1	4720222.7	2758.24
1738.8369	2	4049324.2	2520.48
816.40039	1	4428966	2520.81
1244.6276	1	3188135.6	2233.54
1244.6266	1	4551387.3	2269.46
1142.7895	1	2736299.4	3254.03
1302.9337	2	4864283.9	3029.68
1122.7039	2	2259631.6	3192.94
1137.834	2	2635366.3	3253.28
516.32399	1	7420780.4	2363.46
1544.7967	1	4348438.8	2337.91
1877.9301	1	4954408.8	2043.17
1200.6351	1	6939085.3	2098.67
1200.6316	1	9337765.2	2236.72
598.4298	1	7133456.2	3023.01
529.33876	1	4418163.8	2542.42
1493.7863	1	3690882.8	2887.55
1493.7865	1	6241726.8	3009.55
1282.8962	2	5055994.3	3090.37
1282.8945	2	199145.35	3150.27
731.20253	1	3864258.1	2745.15
808.77499	1	4032935.9	967.093
808.77513	1	2810082.2	1009.68
2120.102	2	3248579.6	2887.19
1159.8172	2	2587643.2	3253.28
953.50533	1	21782120	3007.41
714.51333	1	5530821.9	3025.74
617.23287	1	12694108	2658.04
617.23302	1	6126650.6	2732.14
938.61717	1	2054788.1	3113.92
938.61681	1	764823.02	3155.8
704.13151	1	3216569.5	2795.64
1081.7726	2	5357876.5	2819.89
1081.7722	2	3773391.4	2973.02
505.32561	1	3660094	2622.54
603.21737	1	10558553	2149.48
603.2174	1	3831059	2205.7
1153.8291	1	2115902.8	3083.83
573.35511	1	3330986	2421.22
610.29656	1	3916929.1	2168.23
1308.6451	2	3872733.5	2114.31
972.59065	1	3792879.4	2207.28
1387.7199	1	7387006.4	2170.4
933.66247	1	1961919.6	3113.43
933.66211	1	841194.75	3156.29
1666.8139	2	5367619.8	2175.7
1114.7589	1	2495958.8	3103.15
1137.8347	1	2347432	3253.28
1175.8125	2	2479756.1	3077.98
816.40016	1	4520635.1	2320.54
1937.9782	2	3455521.9	2709.96
1873.9873	1	17793403	3004.02
1883.9743	2	3404600.3	2710.29
548.24755	1	4852147.5	2321.14
1238.8713	2	3260697.8	3107.61
1238.8697	2	109069.66	3157.01
710.01354	1	3429357	1022.18
1961.0128	2	6363544.2	2302.15
1465.7906	1	3371142.2	2300.01
1465.7911	1	18007455	3008.33
731.54078	1	6481011.9	3025.13
694.4876	1	8412631.8	2521.78
1136.7492	2	1039688.6	3107.61
982.64347	1	2935280.1	3097.99
982.64254	1	173369.13	3140.94
580.41948	1	5502363.3	2812.83
1294.6395	1	2439852.7	2520.81
584.117	1	7000391.8	2689.08
584.11714	1	3428905.7	2741.39
833.61042	1	10607631	2548.29
1326.9243	2	5598767.9	3071.65
1326.9258	2	186064.14	3143.3
1405.0015	2	3583446.7	3059.54
2188.1441	2	3145638.4	2337.91
1056.7167	1	4094610.6	3055.55
2941.5588	2	3602686	3021.8
641.13922	1	3366552.7	2453.62
2650.2714	3	12214644	2212.98
1038.7401	2	2762803.4	3074.34
612.29971	1	3404264.4	2709.96
1063.7613	1	2146434.9	3293.81
1109.8034	2	2353735.9	3103.15
2431.2938	2	11170025	3004.65
1026.7036	2	1771383.4	3142.47
765.52538	1	1625875.8	3103.15
1649.0925	2	2901645	2365.08
666.26613	1	3461229.4	2756.85
2795.4686	2	8613700.6	3035.81
872.4249	1	6206626.6	2170.1
872.42695	1	5968108.7	2227.84
872.42612	1	3738541.3	2294.17
872.42512	1	13669681	3011.38
1316.9497	2	1802045.1	3096.02
629.4142	1	1145503.4	3165.1
629.41471	1	938414.11	3202.91
629.4142	1	94453.109	3251.77
2751.4412	2	4329132.1	3037.05
1100.722	1	1660698.7	3192.94
1070.7321	1	1960251.5	3127.45
592.14984	1	6923376.2	902.924
592.14987	1	3622754.9	1051.33
536.24139	1	2797766.7	2500.87
1210.8399	2	10994337	2907.87
1909.9932	2	5577615.9	2371.56
1117.7675	2	4298310.3	3022.1
1117.7691	2	2593584.6	3051.87
504.21533	1	6292068.8	2599.5
536.24094	1	5394793.7	2679.98
2558.1856	2	10838811	2474.45
1228.8989	2	1972785.3	3131.93
1461.0669	2	1875652.5	3339.01
644.3432	1	2973312.2	2629.77
1716.8455	2	1928975.7	2520.17
1245.6582	1	16286618	3010.47
846.59366	1	12170163	2218.99
1152.7979	2	5259684.7	2699.2
1110.8071	2	3550640.7	3061.08
1491.7725	1	2024415	3062.32
816.40005	1	3112282.2	2709.63
553.16881	1	1548111.3	3337.7
1622.7893	2	4554175.9	2114.31
1224.7899	2	2083938.6	3069.42
696.46583	1	3426372.3	2987.33
636.44606	1	8151435	2274.64
1150.8168	2	2785173.9	3152.76
1068.716	1	1971058.4	3294.36
502.10036	1	6128349.9	3455.42
565.24623	1	3828140.8	2250.12
810.57136	1	4656338.3	2994.03
1289.6851	1	3303091.6	2889.3
1289.6841	1	8218782.5	3008.33
1200.8308	1	2196720.6	3326.38
718.16564	1	3470414.6	2247.89
648.42209	1	3192896.6	2207.28
1340.6938	1	3311336.8	2216.78
1065.7779	1	1491817.1	3127.06
704.38394	1	3637626.5	2688.44
1716.8558	1	2052351.3	2520.81
841.42626	1	4616116.3	3045.4
1474.9551	1	2179698.5	2365.08
1263.8631	2	2915546.6	3053.4
1272.9245	2	2135917.7	3106.92
1035.7326	2	1963975.7	3001.25
535.15747	1	4902699.2	895.407
535.15757	1	2027141.6	1057.35
939.50126	1	3035781.5	2967.63
622.2758	1	5528338.5	2591.17
587.23728	1	2554177.1	2561.34
1180.7464	2	1663177.8	3253.28
565.24615	1	3617144.6	2184.28
1310.9282	2	1900855.5	3220.3
1080.7865	2	1521767.5	3293.81
1004.7237	1	1110013.8	3142.01
1343.9494	2	3426211.8	3072.01
1238.8056	2	1571256.1	3134.02
1050.6449	2	2269199.9	3071.03
1195.8752	1	2223215.2	3327.88
521.59022	1	1067167	3119.2
521.59021	1	3308241.5	3341.97
675.32616	1	2964351	2678.34
1030.5872	1	3210931	2280.7
1021.7129	2	2201268.6	3073.99
574.33607	1	3295499.4	2230.69
1021.714	1	2339131.9	3078.74
610.35823	1	2423910.8	2756.52
1131.7869	2	1831658.6	3103.91
1109.8043	1	1892801.9	3103.15
1010.746	2	7238554.9	2980.67
996.66061	1	1180096.7	3160.57
996.66075	1	391570.93	3198.78
598.4302	1	5822307.4	2867.67
598.43097	1	975450.24	2910.02
617.32081	1	3872180.9	2502.53
752.52964	1	5885029.1	2773.62
1084.7472	2	1283291.1	3193.62
1528.7541	1	1998038.1	2683.56
1528.755	1	3283224.8	2996.57
1268.6265	1	2035670.2	2398.94
1268.6264	1	2531533.7	2459.65
1268.6241	1	1484311	2507.47
1268.6262	1	2983996	2582.54
1268.6261	1	2669900	2642.64
1268.6262	1	3502815	2701.47
1268.6265	1	2157485.5	2751.36
1268.626	1	1838900.7	2804.04
1268.6239	1	536155.56	3342.65
752.34799	1	2755861.6	2520.81
1238.7858	2	1737554.8	3327.37
1254.7904	2	1204294.6	3132.8
502.10167	1	3070361.2	2926.92
535.1584	1	2005501.1	3351.24
535.15796	1	2519626.8	3428.37
