1828.9708	2	1.3747009e+10	1507.11
1900.0075	2	1.2110053e+10	1599.11
2033.0696	2	8292742000	1540.81
2959.5185	3	1.3189588e+10	1756.87
2598.3461	3	7950659000	1655.34
2074.0988	2	4803922000	1668.19
2424.256	3	7088978300	1590.89
1572.8276	2	2157695800	1573.98
1354.7112	1	2176187900	1573.46
740.38149	1	547644710	1456.09
740.38172	1	2141402600	1497.78
740.38267	1	674527450	1566.55
2104.1088	2	3525066400	1618.12
2237.1706	2	2354781100	1566.29
2278.1999	2	3072760800	1695.65
2019.0548	2	246872620	1492.06
2019.0551	2	1901474300	1566.29
2785.4318	2	4122269400	1690.53
2584.3295	3	2778923500	1557.31
1776.9301	2	1201200500	1700.27
2639.3727	3	3291448000	1793.77
1589.8548	2	1087786600	1573.46
2424.255	2	3217600600	1590.38
2931.4877	3	3132308100	1562.96
3769.9192	3	1537298600	1834.9
895.5026	1	985115310	1723.64
1793.9559	2	1012570400	1700.53
900.45683	1	1129355900	1724.42
2410.2401	2	991927810	1486.86
2410.2416	2	2760834200	1660.48
1354.7123	1	1025859700	1701.29
2598.3452	2	2614402600	1657.65
2465.2842	3	2211152800	1727.25
3176.6159	3	1452638500	1637.12
1099.6002	1	843393550	1930.81
1814.9549	2	573156400	1463.21
1814.955	2	1325782600	1539.26
2976.5462	3	2177413500	1755.58
1192.6086	1	1185115900	1845.01
1192.6081	1	320006740	1933.14
1104.555	1	1001476400	1933.41
988.50874	1	637437400	1634.81
988.50885	1	951275230	1709.51
2202.1556	2	1035150900	1941.73
1640.866	2	1024688700	1508.15
1640.8661	2	485516740	1597.31
1558.8134	1	766992920	1700.53
939.53108	1	68552827	1582.18
939.52877	1	817503440	1644.82
2206.1399	2	2105209900	1589.87
554.3281	1	391242570	1235.89
3221.6703	3	2373585000	1871.24
2185.1274	2	882970930	1947.99
2482.3006	2	953328490	1690.27
1572.8278	1	495096170	1573.98
2788.4408	3	1428892600	1582.69
2492.2464	2	2236636300	1691.04
1998.0547	2	554330080	1827.67
881.48535	1	567701930	1931.07
784.40839	1	563208590	1552.68
1981.0269	2	556892620	1828.7
1773.9287	2	1029557800	1548.82
1361.6965	1	846678570	1506.6
503.33109	1	399181530	1193.61
2220.1482	3	1114514400	1566.03
2843.4722	2	986815010	1785.25
1850.9512	2	774160130	1505.56
2584.3293	2	1265283100	1559.88
2757.3982	2	1437993500	1500.11
1762.9116	1	729196800	1942.5
1762.9118	1	66161457	2057.15
547.3573	1	364437850	1196.49
696.05185	1	366037490	1284.12
718.03362	1	474493730	1285.19
718.03426	1	36418255	1336.91
2959.5216	2	1161679300	1763.58
1187.6527	1	523159120	1843.45
1187.6535	1	129015630	1931.34
1558.8118	1	535788270	1826.9
1082.5735	1	478584500	1932.37
850.44237	1	206626.84	1277.71
850.44228	1	598407730	1327.48
850.44227	1	121374410	1448.42
2294.1916	2	340510330	1583.97
2294.1981	2	691549120	1693.09
1148.5823	1	581474030	1788.6
1148.5828	1	134762000	1870.97
1961.0129	2	1143523500	1591.41
1961.0138	2	1231223800	1684.88
2380.2293	2	935560650	1653.54
878.47491	1	345803950	1722.88
2131.0715	2	1282784700	1594.23
2264.1789	2	274973460	1638.41
2264.1814	2	584849200	1686.93
2264.1745	2	485743310	1785.5
2278.1987	3	673627250	1696.17
2060.0817	2	698408790	1693.09
2222.1537	2	1017173900	1559.88
1594.8091	1	308793240	1573.46
1817.9553	2	482801090	1611.18
614.39668	1	363336750	1264.94
591.38349	1	284061860	1199.1
1984.0383	2	532100480	1943.02
2802.4565	2	896634020	1688.99
2022.05	2	401284700	1633.53
1900.0067	3	788118880	1598.85
2192.1236	2	558347510	1480.57
1967.0124	2	473530070	1944.85
2389.2278	2	353837450	2058.03
2389.2287	2	36507386	2231.43
1143.6283	1	389895300	1783.96
2482.2999	3	490365670	1689.24
784.40851	1	371082690	1490.76
2223.1561	2	423211600	1651.75
1236.6344	1	293118740	1825.35
1236.6347	1	487611890	1914
2468.2825	2	401134950	1644.05
2394.2468	3	472813490	1634.81
1594.808	2	264817920	1573.46
2860.4963	3	756051820	1789.38
649.32885	1	450474260	1364.63
645.26445	1	289060960	2456.16
645.26466	1	395623380	2877.92
645.26461	1	308366950	2931.45
1544.7966	1	422404010	1941.47
2063.0744	2	364155830	1779.58
2669.3824	2	597298210	1727.5
2308.2072	2	370920310	1617.86
1776.9293	1	278658490	1699.24
635.40942	1	207225760	1201.45
2981.5048	3	774045070	1754.55
2104.1081	3	493141710	1621.19
1798.9116	2	239222720	1702.33
696.3553	1	403472940	1449.48
878.47401	1	251958630	1931.34
1828.9708	1	289115970	1508.68
520.24986	1	388836850	1327.48
520.24987	1	91715206	1404.66
2478.2296	2	1263455600	1590.38
2615.373	3	467788290	1653.29
2639.3705	2	468130920	1789.9
1589.8541	1	200232010	1574.23
1946.9962	2	483323750	1480.83
1946.9966	2	394498480	1545.21
2962.5301	3	379895040	1644.3
2179.1301	2	690023020	1680.52
1396.7069	1	216920180	1982.28
1975.0281	2	685059060	1543.91
1858.9803	2	299032210	1466.9
2467.28	2	202724190	1768.49
2395.2292	2	239617300	1615.29
1762.9113	1	249693850	1828.45
2135.1022	2	549524120	1652
2135.1033	2	371957650	1751.71
867.46848	1	314203780	1327.76
752.04177	1	191181720	1266.54
864.45779	1	235863820	1931.07
1071.569	1	383352390	1450.01
578.2859	1	62084754	3099.85
2149.1164	2	704948950	1613.75
1654.8805	2	255768830	1437.54
536.28142	1	253090750	1378.18
3206.651	3	239768130	1745.78
2165.1134	2	573345150	1748.36
1558.8117	1	236298740	1938.08
679.43577	1	141313910	1203.28
2829.4572	2	362138100	1647.38
2829.4584	2	171742510	1865.17
674.37419	1	189293790	1723.13
2467.2818	2	131953150	1674.61
2464.2143	2	352508920	1485.81
2464.2142	2	227789740	1528.93
1032.5363	1	232490600	1687.45
1032.5367	1	235201590	1765.39
2055.0513	2	330526730	1539.01
2063.0806	2	192077600	1491.28
2615.371	2	498331170	1659.71
2383.2296	3	484555080	1749.39
740.05125	1	295653510	1565.52
1814.991	2	146678040	1188.1
1606.8213	2	377851230	1598.08
886.43971	1	180242820	1931.07
1258.6433	1	79016586	1579.1
1258.6433	1	176966690	1602.19
502.29919	1	125041950	1150.76
2171.1127	2	181801420	2056.58
2254.1906	2	238566600	1566.55
1237.4896	2	104282480	1187.84
546.32532	1	119087830	1152.61
506.23422	1	53527101	1304.42
506.2342	1	228141380	1368.17
2620.3287	3	429275760	1654.05
3612.8603	4	260193740	1779.84
3581.8252	3	243278860	1739.34
2366.2121	2	390559480	1556.54
1275.6697	1	153052750	1602.19
2441.2812	2	465991390	1590.89
1992.0453	2	35759093	1639.69
1992.0462	2	200053560	1692.58
824.4176	1	408695410	1687.45
872.42047	1	205962530	1328.3
1303.7003	1	146061220	2140.26
1279.639	1	125608280	1575.51
746.06535	1	12565773	1380.34
746.06529	1	137490020	1418.89
1921.9897	2	324459210	1600.39
530.3308	1	114571620	1195.7
2931.4884	2	300033700	1565.01
1544.616	2	107002550	1138.77
1565.7968	1	265223700	1539.01
1308.6545	1	127378480	2140.26
564.27625	1	200682270	1349.48
564.27667	1	55764825	1402.24
748.0443	1	156957300	1289.21
2446.2364	3	407890010	1591.15
1040.5275	1	57390680	1739.08
1040.5274	1	106296840	1768.23
1237.4909	1	95664801	1188.36
1408.7767	2	140347500	1981.76
1280.6252	1	117129560	1601.42
1569.8274	1	185362380	1506.08
508.28638	1	103785840	1193.87
836.42656	1	132931560	1450.54
1926.9715	2	314060210	1566.03
1803.94	2	131865400	1633.27
696.35561	1	147600730	1533.58
894.45611	1	317764150	1296.69
1340.6943	1	144695890	1938.6
723.46237	1	83909812	1205.36
3016.5465	3	205858120	1736.76
3016.5466	3	395277150	1870.44
1967.0117	1	143142030	2056.86
590.35163	1	87027839	1154.46
1871.9497	2	123406370	1641.48
2774.4252	2	197849690	1501.67
2441.2817	3	368570180	1588.58
2165.1125	2	274778090	1561.42
2976.5484	2	351373000	1761.78
1352.6814	1	159944010	1934.18
574.35679	1	95165096	1198.58
724.35039	1	111972960	1430.9
2003.0115	2	121120980	1827.67
2601.3548	3	260438290	1557.31
1027.5807	1	247123590	1690.53
1027.5811	1	133517240	1765.65
660.35769	1	136505700	1931.34
660.3575	1	31398294	1979.36
660.35883	1	69383959	2140.55
660.35751	1	32306387	2345.38
660.3571	1	15556115	2543.54
2570.3134	3	210526450	1408.42
2570.3143	3	161660860	1483.72
1779.9346	2	110099290	1827.16
552.31267	1	84597572	1196.49
1231.6796	1	132596340	1825.35
1231.6805	1	227238960	1919.57
1076.5204	1	125709930	1451.33
2033.0702	3	155506150	1543.65
2172.0983	2	285179170	1728.53
2396.2225	3	236848680	1358.4
2396.2224	3	224970900	1423.16
2375.2135	2	124491980	2349.06
1967.0113	1	184882980	1945.89
853.45399	1	113685730	1451.07
1173.6373	1	136646810	1979.1
1173.6381	1	15219208	2050.22
864.45767	1	116758950	2141.44
864.45809	1	64095890	2346.3
864.45931	1	31906270	2543.54
2807.4169	2	266440630	1689.51
810.40012	1	217141650	1479.79
810.40038	1	149653660	1572.18
1787.9448	2	102973680	1620.17
506.23456	1	124303000	1476.63
1793.9559	1	77571683	1697.96
2219.1808	2	138976070	1941.2
2860.4974	2	204462160	1784.73
2353.2184	2	280335820	1742.43
1798.9119	1	79934456	1698.73
2601.3569	2	284107940	1558.08
618.38291	1	75600165	1201.19
1340.6945	1	87252938	1827.93
1558.8158	2	75492899	1702.07
846.44827	1	87231221	1723.13
631.2494	1	59495689	2557.55
631.24934	1	115387430	2643.82
631.24914	1	60625924	2698.24
506.27035	1	50164585	1242.59
779.45259	1	100979440	1494.92
779.45255	1	155056930	1555.51
2815.4391	2	204696320	1633.78
1583.8435	2	28465012	1412.45
1583.8433	2	161431660	1473.48
1347.7266	1	93884771	1929.77
1057.5534	1	86707750	1601.93
691.40028	1	96131631	1529.18
596.33894	1	64287284	1199.1
1886.0277	2	127021630	1217.39
3176.6152	2	138557490	1640.2
3840.9592	4	133489460	1752.49
2451.2668	2	272672420	1796.88
1391.7524	1	87019975	1980.95
2427.2648	2	170567910	1491.02
642.42864	1	106839320	1541.84
856.44292	1	88748042	1287.08
856.44307	1	72412452	1328.3
856.44291	1	213167610	1376.28
1068.5569	1	43956542	2141.44
1068.5581	1	92233753	2345.99
1068.5579	1	44569413	2543.54
1068.5577	1	18777204	2730.51
1244.6276	1	32876325	1909.75
1244.6281	1	84440892	1940.94
2074.0969	3	97640036	1664.08
2729.3677	3	306734820	1390.35
2308.2087	3	93267275	1619.14
2019.0895	2	101621240	1200.15
1748.8963	1	89891931	2056.58
646.34204	1	96312395	1327.22
1606.8234	1	134848270	1597.82
2427.2655	3	133627840	1481.09
2606.3122	3	186671050	1556.03
563.3521	1	36641486	1152.61
768.3768	1	27134517	1427.44
768.37712	1	142865410	1469.01
674.37348	1	75580664	1931.07
1483.745	1	88563631	1701.55
836.42711	1	35660559	1577.82
836.42718	1	99828632	1601.93
1440.7353	1	109779180	1954.79
1772.9438	2	97024796	1182.87
1462.744	1	32279470	1738.56
1462.7439	1	60942930	1767.71
2805.4606	3	58481874	1586.79
1755.8818	2	100951180	1479.52
1755.8815	2	126189160	1589.1
900.4571	1	106390290	1587.82
828.43511	1	70404074	1487.38
828.43467	1	169789690	1543.39
519.32537	1	40321798	1150.76
2135.1019	2	153468040	1484.5
1280.6591	1	47690244	1818.89
1280.6612	1	108319900	1885.53
1238.4766	1	70354098	1206.15
969.54041	1	101840460	1843.97
969.54112	1	48157229	1923.52
969.53996	1	42734619	1978.04
1085.5846	1	67393589	2140.55
767.48904	1	47431276	1207.19
634.37749	1	52957505	1156.04
2096.0787	2	59685622	1667.68
842.42664	1	34116801	1148.38
842.4275	1	120914510	1224.75
1586.9615	3	78531372	1268.67
1565.7968	2	91006696	1542.62
1699.8906	2	96744894	1536.42
1040.5265	1	34057415	1578.84
1040.5269	1	87645362	1601.93
1361.6959	2	78793933	1506.86
1050.5479	1	74699364	1930.81
1354.7102	1	67828657	1812.94
2149.1182	3	45295624	1621.96
925.51543	1	81174060	1788.09
1238.4761	2	53872995	1206.15
1542.9352	3	71774163	1266.8
1586.6626	2	51224474	1142.26
2179.1294	3	172925260	1679.75
2446.2385	2	107658510	1592.95
580.30788	1	150288830	1390.62
1866.9181	2	85911717	1505.82
1498.9089	3	71892599	1264.67
1261.6517	1	30547879	1910.55
1261.6528	1	60247959	1940.16
1040.5271	1	24076739	1909.75
1040.5268	1	63757640	1940.94
640.36497	1	45986176	1201.71
1558.6311	2	47655863	1141.19
1988.9948	2	100162170	1942.24
2380.2236	2	68967586	1530.73
1844.9658	2	61818684	1780.87
1599.8402	2	108890550	1610.15
662.40923	1	47434707	1203.54
2259.1522	2	64286891	1564.5
2661.354	3	188507190	1793.77
1700.8962	2	17052221	1909.49
1700.8962	2	58340903	1941.2
1900.0077	1	113699250	1598.08
726.06281	1	47044240	1286.8
1748.8959	1	98197142	1945.11
2380.2285	3	142145020	1537.71
2018.0742	2	79851980	1223.17
1630.9878	3	56106125	1270.01
680.32375	1	21362520	1225.54
680.32358	1	77838673	1278.5
680.32342	1	51454843	1416.21
2959.5236	4	70667016	1763.32
2593.3282	2	60542002	2348.13
858.45967	1	60238988	1244.19
1056.6307	2	53374393	1279.03
1409.7526	2	74633596	1405.2
1409.7526	2	11841242	1461.64
1613.8555	2	74768267	1540.04
1800.9386	2	85584229	1350.82
1800.9375	2	55270309	1491.02
1144.6833	2	73969635	1283.31
1975.0278	3	98197050	1545.21
1845.9979	1	51553414	1508.15
608.30249	1	82523495	1347.34
1662.846	2	59098335	1506.34
1217.6162	2	146460370	1425.57
607.37899	1	28195138	1154.19
1544.7963	1	40220104	1828.45
2815.4393	3	225633410	1459.26
1413.7408	2	44633331	1983.87
1413.7396	2	1268505.4	2014.84
1340.6975	1	63524193	1701.04
750.31117	1	41398768	2628.75
511.29982	1	37103799	1229.23
1613.8528	2	60452686	1430.63
1067.5738	2	43700612	1931.34
3221.6749	2	69436179	1873.08
1810.9228	2	70657505	1618.37
1779.9384	2	56127282	1939.9
1259.4713	1	34787101	1188.36
2188.1389	2	46577356	2056
2219.1805	3	70657957	1944.33
675.36818	1	43279924	1223.69
675.36799	1	29527508	1276.91
2067.1223	2	40740032	1539.01
1143.6304	1	47833328	1867.54
2015.0818	2	50432680	1827.93
1085.5842	1	657824.12	2285.22
1085.583	1	48711597	2346.3
522.26584	1	30055540	1347.34
1188.098	1	96880087	1773.13
1338.538	2	23192178	1185.75
719.39491	1	53373922	1434.09
1810.9932	2	50220177	1701.04
1675.0141	3	38983401	1271.87
696.04537	1	38264048	1284.12
1129.6106	1	68224472	1927.17
1129.6104	1	48520192	1981.48
1100.6555	2	55611793	1278.5
1325.5102	2	26960368	1186.01
1324.5126	1	16140212	1184.44
1347.6795	1	76586806	1539.78
1347.6801	1	121977300	1597.05
1551.781	1	71970500	1566.29
1544.7969	1	55309331	2056.58
538.12855	1	23915635	1277.71
2224.138	2	78495220	1940.42
853.42937	1	90234439	1346.81
853.42938	1	36022274	1410.31
1347.6806	2	68609313	1592.95
1396.5437	2	29533893	1188.1
1232.7353	2	84020702	1290.28
656.44402	1	54211696	1818.63
2771.4173	2	93345594	1759.72
1076.5614	1	72325270	1745.26
1770.9284	2	94368679	1441.26
691.40019	1	54571138	1447.36
1507.8018	1	35481303	2345.38
1216.6103	2	47537986	1400.61
1399.6629	2	30701671	1136.34
1251.5046	2	32999773	1204.33
1251.505	2	34616516	1227.64
2008.0389	2	59170427	1753
2008.0364	2	22194448	1781.38
1030.614	2	30948057	1164.55
1251.5052	1	23573879	1204.84
1251.5055	1	37170600	1227.64
1204.6793	2	56869078	1845.27
1484.7245	1	43179346	1766.68
678.40403	1	29686417	1157.36
678.40394	1	7406545.5	1184.96
1787.9448	2	56156448	1496.48
1584.9458	3	60266366	1304.42
1082.5736	1	41498904	2140.55
891.50538	1	56245439	1211.11
891.50583	1	20803971	1262.27
1310.6856	1	29226965	1500.89
1310.6857	1	83224799	1549.59
1254.5157	1	44439010	1188.89
718.39722	1	42049853	1498.04
1188.7104	2	99634944	1286.26
1912.9548	2	120622370	1464.01
635.31329	1	34525243	1279.3
684.39123	1	29804995	1204.06
1325.5118	1	20514658	1186.53
1012.6021	2	39099016	1273.47
858.40587	1	51362148	1450.54
568.30777	1	28654760	1251.89
2005.0385	2	49347964	1525.56
1524.8274	2	35711420	2345.99
1276.7623	2	52721303	1292.42
522.13332	1	36031429	1291.62
668.32366	1	42252022	1234.28
1967.0125	2	43754034	2056.58
1967.0117	2	15478053	2106.52
3075.5742	3	85399813	1921.95
935.49545	1	43518670	1841.64
1529.7884	2	32197685	2345.99
1116.6258	2	34395566	1930.81
846.4474	1	34876458	1931.34
1320.7877	2	50501959	1294.56
2779.3796	2	94280189	1505.82
1626.8482	2	15299512	1382.77
1626.8468	2	10854946	1417.82
1626.8437	2	58013816	1464.8
1259.4712	2	23907877	1187.84
811.51469	1	23064719	1209.28
1871.9744	2	96436790	1436.22
1871.9704	2	52017161	1530.73
1558.8117	1	35581301	2104.99
1540.9192	3	47729048	1304.15
1126.5363	2	41599180	1931.34
548.24503	1	45745629	1401.97
1496.796	2	36925418	1767.2
1191.5708	2	22667617	1143.87
1512.7555	1	25353433	2345.38
706.43555	1	27174397	1205.88
881.48432	1	28739387	2140.26
1452.8065	2	63392591	1967.17
1452.8061	2	14994330	2049.64
1795.9093	2	61337895	1549.85
552.14414	1	19831093	1281.17
552.14348	1	28391439	1302.55
1385.708	2	23643201	1151.56
651.40395	1	18743996	1155.51
1908.9689	2	44545586	1948.51
2178.108	2	95493753	1420.76
663.36893	1	34779289	1234.02
778.37315	1	50390167	1485.28
974.49301	1	44059891	1840.86
724.08348	1	16118929	1380.07
724.08353	1	27166881	1418.62
836.42596	1	26668089	1250.56
2280.755	2	60625387	1504.26
760.04495	1	23626454	1344.67
613.33176	1	27790413	1250.83
613.33131	1	41783001	1280.64
1628.9687	3	38885082	1306.03
617.23287	1	22252427	2006.34
617.23307	1	29158271	2075.82
617.23284	1	16728708	2158.35
617.2332	1	21260911	2337.35
617.23344	1	42274389	2423.54
925.51401	1	57257731	1853.62
667.39125	1	24756541	1186.53
1435.7791	1	41123934	1951.12
1463.6323	2	21426833	1149.18
510.31725	1	20675535	1158.16
646.34196	1	36494735	1234.55
1364.8157	2	37425805	1295.36
1150.6105	1	34177142	1427.71
842.42786	1	71247919	1424.5
1324.5225	2	16524833	1171.58
1118.6673	2	18861782	1166.43
1116.5682	1	41478109	1406.54
1325.6868	2	29789780	2140.26
622.33318	1	19141882	1187.32
632.32626	1	33959752	1451.86
1220.6983	2	18721703	1156.83
1074.6412	2	20689824	1165.35
1260.458	1	23323154	1206.15
1857.9556	2	64590515	1413.53
543.28992	1	34361118	1401.69
824.41665	1	69301536	1420.76
1497.8947	3	35544714	1302.29
1330.6366	2	31240672	2140.26
905.52053	1	21854596	1156.57
1338.5378	1	13688793	1186.01
515.29441	1	47518054	1324.79
840.43492	1	31627048	1412.19
1408.8419	2	29578043	1296.95
1176.6705	2	18925485	1156.57
2392.2378	2	22069890	2348.43
2090.0884	2	61951002	1406.27
746.02863	1	15278248	1277.97
763.42178	1	60657771	1465.85
1264.723	2	18602514	1157.36
1058.6481	2	16052159	1225.8
728.41745	1	19402388	1206.15
1132.6456	2	17026544	1155.51
715.39991	1	27533642	1313.23
670.25545	1	11820694	2965.36
780.07347	1	17069544	1346.81
1388.5145	2	7771966	1184.44
540.29702	1	14860959	1158.42
636.38038	1	18179262	1263.07
864.45926	1	24401030	1457.95
1763.0666	3	19722812	1274.79
566.12324	1	18922521	1266.8
1229.703	2	16617491	1148.91
1109.6212	1	14053068	1186.01
3221.672	4	29211972	1881.01
1392.7118	2	17577511	1412.72
1308.7496	2	14366455	1158.68
1251.6148	2	17287637	1121.33
1322.8012	2	21900016	1255.07
802.05509	1	16782253	1347.34
1762.9123	1	22046365	2230.42
1255.503	1	20662602	1206.41
1209.6364	2	37539106	1843.45
1342.5026	1	23990521	1842.68
633.29763	1	26853355	1294.83
1395.7363	1	18234596	1438.34
1395.7355	1	24206491	1465.58
1340.695	1	35851041	1462.42
1600.6775	2	15153517	1144.93
658.33003	1	50036238	1253.74
627.34695	1	68669754	1401.69
636.35007	1	31006598	1241.52
2310.2824	3	14735833	1137.42
659.28015	1	39860060	3025.7
722.43023	1	15918818	1158.68
722.4304	1	4860577.8	1184.44
1244.6258	1	7715371.5	2076.43
1244.6258	1	19993494	2115.4
1396.5436	1	15210471	1188.36
1104.5433	2	25293173	1931.07
1479.6255	2	14568920	1138.5
808.06579	1	19719033	1290.55
1013.5737	1	40475949	1904.97
764.32694	1	9257989	3066.82
1289.685	1	20754609	2345.99
1057.552	1	16474554	1341.46
582.15481	1	35271374	1288.41
687.40425	1	15992334	1168.32
687.40404	1	15886015	1206.15
879.47276	1	20293896	1321.02
1967.0122	1	18855639	2230.42
1672.9985	3	24136329	1308.16
557.3781	1	14790822	1143.06
1978.0385	2	40832036	1430.37
1234.7525	2	19560710	1248.96
1248.7053	2	33282581	1909.75
531.37766	1	9251678.1	3044.87
531.37756	1	1486054.2	3069.68
2396.2534	3	28159003	1193.61
2396.2536	3	29024272	1236.16
1366.8351	2	16471182	1257.47
1304.6574	2	14308326	1387.91
1304.6576	2	17808135	1419.69
1088.6186	2	13496372	1154.99
1418.6884	2	13321543	1985.46
1014.6208	2	23241180	1222.91
579.30789	1	25714763	1962.41
1076.5768	1	25639155	1409.77
853.45345	1	17529425	1249.49
824.25065	1	9299644.4	1280.64
824.25034	1	19800159	1300.15
1364.7523	2	35250567	1931.85
675.36803	1	26816079	1413.79
1534.7363	2	17359529	2345.68
2264.214	2	25549643	1255.6
519.33319	1	14588794	2686.53
1278.7809	2	24083362	1252.95
1410.8553	2	20783023	1259.87
2214.1043	2	27480469	1481.09
823.58572	1	8153556.3	3075.53
776.07615	1	21483234	1419.96
1779.0055	3	11492460	1132
1464.6576	2	11802676	1123.8
750.46168	1	18786798	1208.24
1146.7018	2	14560381	1246.04
526.33591	1	24709770	1361.38
628.41176	1	20553711	1300.95
2202.1548	2	11908429	2105.29
1671.8507	3	10420089	1136.88
2135.1029	3	18080947	1485.81
855.54085	1	15934483	1211.37
2296.2658	3	12132272	1135.53
1252.4929	2	15927573	1249.23
1206.7217	2	9198278.4	1168.86
1507.8	2	12678572	2345.68
1219.5987	2	10369513	1132
2701.3708	2	24972822	1191.25
1991.0219	2	24263849	1354.06
1991.0224	2	22595129	1396.85
880.43779	1	33879889	1262
1352.7762	2	10576468	1158.42
1952.9974	1	17104508	2348.43
1565.7966	1	25570011	1467.69
504.29134	1	19580500	1354.06
695.42964	1	11230380	1156.57
878.47401	1	14880538	2140.26
1162.6939	2	11440917	1167.24
1076.5276	1	16858399	2195.76
1076.5271	1	27974378	2331.9
1076.5273	1	23439285	2383.83
1076.526	1	14627961	2517.12
1076.527	1	35480503	3009.85
1076.5272	1	2532818.9	3343.81
1475.7741	2	12341197	2345.68
1786.9247	2	5339614.8	1277.18
1786.9221	2	25902443	1329.64
2192.1224	3	16493121	1329.37
2192.1223	3	36297471	1399
701.42055	1	11791084	1147.59
652.32901	1	18270063	1349.48
652.32928	1	21765626	1389.54
674.37431	1	24631862	1448.16
1667.8275	2	31845085	1424.23
884.42299	1	16488675	1319.94
1559.962	3	16165819	1267.6
1506.6961	2	10441567	1125.98
1044.593	2	10540656	1154.46
711.43252	1	25164852	1196.23
1320.6695	1	15718044	1431.17
1742.8923	2	33519226	1428.5
1742.8905	2	27632978	1466.11
1234.6812	2	15017164	1151.56
1217.6139	1	33875568	1427.17
2294.1907	2	20846552	1412.19
2172.0704	3	9385261.5	1126.8
1313.7198	1	20843659	1212.42
1748.8963	1	16155553	2348.43
3074.6402	3	21755338	3034.48
979.52049	1	17453887	1925.87
1755.8809	1	31624358	1479.52
1711.9022	2	7991089	2542.56
1260.4572	2	15253194	1205.36
1430.5613	2	14832157	1192.04
548.31698	1	18026999	1360.29
612.30004	1	12965769	2345.38
2136.1944	3	9388726.4	1136.61
1515.9369	3	13022395	1263.87
1324.6983	1	14817332	1482.41
1967.0118	1	15741947	2348.13
946.5115	1	14334422	1362.19
946.51203	1	16196837	1404.39
596.31994	1	17308261	1292.69
501.29704	1	8938066.8	2022.82
653.37491	1	8802191.6	1168.59
1095.6051	1	20737665	1260.4
569.32348	1	12958065	2188.77
1102.6736	2	10956399	1226.59
1190.727	2	16766614	1248.16
570.36181	1	18483393	1366.55
659.28051	1	20243528	2636.76
659.28017	1	13840078	2711.35
548.20567	1	12433694	2799.9
1347.6802	1	23226539	1467.69
575.40405	1	7099073.8	3038.69
575.40407	1	1675429.4	3065.51
536.24157	1	4627703.7	2542.56
536.24189	1	21499488	2635.1
1354.7103	1	13953416	2104.38
624.33348	1	28804572	1395.77
518.13115	1	23275661	920.301
518.13144	1	11005663	1069.85
1174.6967	2	24424280	1308.96
712.34956	1	14298059	1259.07
1448.7271	1	6119439.9	2081.61
1448.7283	1	11750981	2114.79
1496.8943	2	17255543	1299.89
2324.2966	3	8042188.6	1139.58
1643.7721	2	9258125.3	1134.99
2185.1274	2	12461223	2106.21
1262.7502	2	16090435	1308.16
1000.5674	2	7822318.5	1153.67
2543.3325	4	11349880	1129.27
1271.6735	2	9383932	2140.26
1603.9883	3	10942931	1268.41
1016.5157	1	10439544	1160.01
2450.1963	2	25385579	1414.06
1490.775	1	11490045	2345.38
1340.731	1	19026463	1204.33
1076.5727	2	32423236	1404.12
1410.5594	2	16616433	1207.97
1457.7664	2	22341983	1964.8
1457.7664	2	12077298	2049.94
612.29991	1	12219421	2139.96
1448.6305	1	8778447.2	2140.26
1916.0019	2	7688157.8	2729.19
1612.8799	2	18566837	2132.28
1086.0575	1	12416929	2347.82
1733.8913	2	10226746	2542.89
1144.6471	2	14406762	1234.28
2903.4882	2	15529967	1283.04
1306.7722	2	16085337	1308.96
697.13441	1	11287886	2253.8
1056.5905	2	14977512	1230.81
1377.7359	1	11678214	2193.53
1377.7367	1	13405260	2329.61
1377.7371	1	9178869.5	2380.77
1377.7371	1	5586129.9	2467.4
1377.737	1	5900210.4	2516.09
1377.7371	1	5817549.7	2687.53
1377.7369	1	40718670	3016.01
1952.997	1	12856197	2056.58
1773.9289	2	12813879	1351.37
863.47235	1	10643794	1165.35
863.47201	1	5963525.1	1186.27
1748.8968	1	11049596	2231.08
1120.5531	1	18778962	2386.87
1120.5526	1	35639148	3016.33
1120.5532	1	2667185.8	3344.48
1204.73	2	10436670	1278.77
1085.5857	1	7299364.6	2542.24
1840.9867	3	7342681.1	1127.9
1498.9084	2	15701076	1264.94
1546.6033	1	10943598	1983.6
2188.14	2	8795116.5	2230.76
1786.9635	3	6971267.1	1131.18
1218.7186	2	18050263	1306.55
614.38898	1	14563886	1371.14
1984.0387	2	9703631	2056.58
1984.038	2	4234535.8	2104.99
5000.5388	4	32998255	2092.67
796.54379	1	6976441.2	1168.05
796.54384	1	4676934.6	1183.4
2122.1794	3	6737122.6	1134.18
1356.6802	1	9764483.4	2392.32
1356.6802	1	15649125	2518.84
1356.6799	1	13611071	2687.86
1356.6798	1	39944415	3016.33
1356.6826	1	2263067.5	3346.85
2330.1866	3	7850219	1131.18
629.32516	1	12350771	1381.96
886.43951	1	8364320.4	2140.26
810.55928	1	7582139.5	1185.75
1046.5086	2	7562079	1114.45
1476.7601	1	11339527	2731.82
1476.7608	1	6124754.7	2906.78
1476.7597	1	4271008.3	3020.52
1352.5517	2	14185742	1197.79
1454.8984	2	10572308	1263.07
1558.8125	1	10154801	2229.75
1396.8046	2	6302759.3	1158.68
1070.6076	2	16500904	1304.95
1212.6775	2	5358266.6	1168.59
1352.8203	2	10365851	1267.87
661.31187	1	8499917.9	2798.52
1626.7554	2	5298943	1126.8
1114.6304	2	15643493	1307.62
643.488	1	6734755.4	3065.83
1232.6941	2	9621570	1242.59
1040.5256	1	4829808.7	2080.39
1040.5257	1	8498366.2	2115.11
1250.7478	2	4901618.6	1169.4
1514.9038	3	9334449	1175.98
617.32116	1	17095404	2636.1
1188.6676	2	9277226.1	1238.85
3366.801	3	12190993	3067.44
1520.7159	2	6177096.8	1133.64
1308.7878	2	12659683	1267.07
1158.6531	2	13849361	1310.03
1264.7634	2	15021156	1265.74
1558.9291	3	8370544.7	1179.02
1617.8399	2	9809922.2	2135.84
1265.5202	2	12245709	1242.33
1271.6695	2	5960242.6	1128.72
1203.6013	2	11563828	1271.6
1203.6023	2	11616036	1301.48
1751.9494	3	6424862.2	1125.16
1312.6536	1	8991794.7	2330.6
1312.6542	1	13396962	2462.12
1312.6543	1	9829623.6	2515.4
1312.6539	1	10366625	2695.55
1312.6539	1	10559115	2752.43
1312.6538	1	35081935	3012.11
1312.6555	1	1727342.1	3346.85
1209.6366	2	7533841.3	1115.28
573.25283	1	4111701.7	2030.84
573.25295	1	7350690.6	2054.26
1544.7969	1	8621521.9	2230.76
2135.1067	2	12668938	2518.15
2135.1066	2	13196826	2572.16
1421.7645	1	7417519.1	2255.49
1421.7652	1	11786485	2382.48
1421.7649	1	20241975	3018.26
1272.6597	1	9404868.1	2345.38
1648.0169	3	8447291.9	1270.27
1303.7	2	7277394.8	2140.26
1679.8753	2	5267002.9	2542.24
1400.7066	1	12123506	2613.96
1400.7063	1	31319475	3022.15
1400.7118	1	1858437.3	3345.48
2354.2094	3	5544772.6	1170.49
881.48506	1	6241193.4	2345.68
1358.7194	2	4053815.5	1114.72
1369.7269	2	4812579.1	1121.88
545.32369	1	7240575.3	2043.23
1217.6669	1	7916861.2	2042.64
1217.6652	1	8525335.2	2113.57
1217.6644	1	7118719.8	2198.62
1217.664	1	8249890.6	2250.09
1346.5042	1	5353866	1172.95
1905.0329	2	5286698.8	2292.01
1905.0342	2	11486860	2387.55
612.29964	1	7021344.4	2542.24
1220.7348	2	11590066	1263.87
523.36449	1	46419.984	3163.38
523.36499	1	2797480.3	3214.19
775.2266	1	3735579.5	3341.45
1453.6004	1	5657410.9	2139.96
1762.9117	1	8550905.5	2347.82
1286.6742	1	6817920.6	2345.38
625.34593	1	11353145	1325.33
1129.6119	1	4176727.7	2071.9
1129.611	1	10122663	2130.16
1129.6112	1	6196426.6	2187.49
1129.6117	1	3876599.6	2275.74
1129.6122	1	3386236.4	2332.87
1129.6127	1	4364746.7	2751.44
1032.5001	1	9110627.4	2134.06
1032.5001	1	12177531	2276.41
1032.5002	1	11089701	2332.55
1032.4994	1	7755553.4	2417.23
1032.4947	1	7499170.2	2475.07
1032.4978	1	10616804	2526.11
1032.4997	1	22594527	3005.21
1032.5005	1	854784.55	3343.81
1465.6647	2	6985066.4	2139.96
1326.6796	1	17599018	1384.12
1616.8427	3	5206910.8	1120.79
619.43033	1	3979765.5	3032.85
619.43043	1	1533035.3	3060.36
1711.9028	1	5901415.5	2542.56
2188.1435	2	6258702.3	2348.43
1669.7669	2	5442457.6	2345.99
1544.7962	1	7557465.7	2348.13
1393.6741	2	5099436.3	1122.43
541.41981	1	6493183.7	3070.62
764.32706	1	5421483.6	2470.88
580.23189	1	7022331.1	2799.55
3013.5858	2	10820222	3025.38
1308.6446	2	4509403.9	2140.26
1646.9821	3	6411121.3	1182.61
1440.7358	1	6071520.8	2049.94
1316.6828	1	5569499.9	2132.58
1164.5789	1	20706390	3018.9
1164.5805	1	1456948.2	3345.48
816.40053	1	5148193.4	2345.38
2898.5312	2	11977896	3022.47
1625.8646	1	4285241.8	2390.95
1625.8646	1	5721713.9	2514.37
1625.8641	1	5434138.9	2690.52
1625.8643	1	5592328.4	2748.09
1625.865	1	20790120	3017.94
2826.5151	3	10839539	2984.24
3101.6369	2	6652326.2	3039.67
1851.1172	3	8875316.8	1361.92
1225.5376	2	6054108.7	1115.84
548.24724	1	6938998.8	2139.96
1186.6389	2	4843887.9	1115.56
764.32697	1	3664386.2	2977.16
2048.0457	4	4460166.6	1119.13
599.46223	1	1600193.5	3184.84
1023.5114	1	4941175.7	2139.96
1435.7813	1	6240985.6	2049.64
643.24919	1	9719542.9	2261.56
1512.7468	2	3840415.4	2345.68
527.40406	1	1960198.2	2685.52
527.404	1	7740180.3	2745.75
548.24738	1	5652749.7	2345.38
2547.3369	2	8910923.6	3019.56
633.44609	1	1901722.4	3128.22
816.4007	1	4608118.9	2542.24
1244.6268	1	3091951.1	2251.44
1244.6265	1	6182538.2	2286.58
1738.8376	2	4697188.5	2542.89
1581.837	1	3161998	2335.45
1581.837	1	4017274.4	2463.19
1581.8373	1	2654370.7	2516.77
1581.8371	1	4823604.2	2754.77
1581.8378	1	18523405	3017.94
585.44595	1	5679424.6	3062.26
2120.1042	2	3192566.2	2906.43
555.43575	1	1473163.8	3190.24
1883.9765	2	3579514.2	2729.52
1324.6534	1	4310952.2	2391.62
1324.6532	1	8667420.4	2518.15
1324.6531	1	7051067.5	2563.99
1324.653	1	6066128.1	2688.53
1324.6507	1	19886151	3015.03
1324.6545	1	1399842.5	3345.15
1316.6748	2	4332454.8	1116.39
1595.8535	1	3352667.6	2137.02
2144.034	3	3126950.6	1113.32
2958.5919	3	8752795.7	3029.28
1138.5313	2	3511532.7	1122.98
1600.8066	1	3112856.8	2138.2
3306.7372	2	5385303.9	3067.75
1700.9388	2	3670040	2155.88
1700.9354	2	8755328.8	2251.78
1700.9388	2	1400987.8	2342.64
1201.6348	1	20972974	3016.65
860.42721	1	8028804.5	2131.68
860.4268	1	5460255.4	2187.18
860.42719	1	4555510.3	2277.78
860.4269	1	4892741	2332.22
860.42708	1	4172746.3	2386.19
860.42557	1	9533089.3	3007.86
778.34269	1	3858696.1	2749.43
643.48849	1	1383147.8	3179.87
589.41991	1	1852572.7	3132.64
666.26673	1	4012415.9	2798.19
1462.7158	2	6455957.4	2048.76
1333.71	1	3419086.3	2133.77
502.09987	1	8362390.2	920.301
502.10025	1	4798123	1076.21
677.4723	1	1534941.8	3124.04
660.35711	1	6464172.3	2907.52
660.35716	1	11512524	3014.71
510.37728	1	2346479.1	2684.19
510.37737	1	7789900	2745.42
529.32869	1	3288315	2394.38
610.2971	1	4149609.9	2205.67
1470.6348	2	4112502.5	2140.26
1300.6555	2	3043503	1114.72
1604.8074	1	16303504	3021.18
1604.8095	1	961301.29	3344.48
1669.8922	1	12806342	3015.68
1610.6043	2	4108182.4	2140.26
1622.7893	2	3422639.4	2136.43
1814.7061	2	3203887.3	2345.99
530.1372	1	3520291.4	2994.96
1716.8559	1	3019927	2542.56
1959.6451	2	2877367.2	2345.99
602.33137	1	2722500.1	2376.74
536.24147	1	6186916	2721.98
674.37223	1	5007759.8	2140.26
1829.9641	1	13672175	3015.36
610.15041	1	3117159.6	2619.71
997.53151	1	9024092.2	3016.65
953.50655	1	8154493	3016.98
518.13223	1	5872759.2	2118.47
518.13246	1	6122419.6	2759.11
1877.928	1	4256548.2	2057.15
1280.627	1	3947569.9	2335.77
1280.6272	1	6935573.3	2463.19
1280.6268	1	5278322.8	2516.77
1280.6271	1	5163661.9	2642.81
1280.6259	1	5229490	2699.9
1280.6262	1	5415507.6	2754.77
1280.6232	1	10446204	3003.85
1280.6275	1	1247735.3	3345.82
687.51457	1	1087320.8	3174.92
594.24739	1	3532787.4	2719.33
571.43059	1	1277864.8	2676.86
571.43048	1	5158186.8	2734.45
1368.6781	1	10272555	3016.01
1368.6825	1	1287607.7	3344.82
2050.38	2	4300736.5	2139.67
841.42736	1	4857816.7	3060.36
1873.9888	1	9360371.6	3016.33
832.43446	1	4802256.5	2139.67
612.29992	1	3633046	2729.52
923.26496	1	448337.08	3288.16
923.26404	1	1462041.5	3340.45
1465.7914	1	4986858.9	2443.11
1465.7923	1	3301484	2747.75
1465.7925	1	14387047	3014.39
752.34779	1	3985275.3	2345.38
904.45301	1	3314857.8	2140.55
904.45375	1	6026870.8	2190.35
904.45324	1	3710061.3	2335.77
904.45363	1	3835983.5	2381.79
904.45058	1	6346281	3009.85
1340.6942	1	3869610.5	2230.08
908.48583	1	4319965.3	2134.66
908.48499	1	4508618.4	2187.18
908.48791	1	6327238.1	2273.7
908.48692	1	6734015.2	3005.88
1716.8457	2	1818615.5	2542.56
554.4039	1	1643461	2677.2
554.40403	1	6101411.3	2734.12
648.44341	1	2703903.9	3066.46
588.31517	1	3160479.6	2205.03
1085.5874	1	2321479	2729.52
629.47249	1	4348540.2	3051.99
1028.4656	1	4316784.6	2139.96
646.33461	1	3505091.9	2676.19
646.33459	1	5414593	2728.53
1480.5308	2	4790213.2	2139.38
545.39382	1	1507907	3137.6
504.21568	1	6377331.6	2639.11
622.27646	1	6370588.7	2631.76
624.31346	1	2660945.9	2377.09
1051.5436	1	4188375.4	2139.09
872.4252	1	6242372.5	2193.21
872.4256	1	5088908.9	2242.08
872.4252	1	5683199	2330.27
872.42571	1	9755208.7	3010.5
816.40035	1	2938954.9	2729.19
2431.2959	2	11633954	3012.11
1870.9146	2	2218045.8	2342.32
1755.5459	2	3954114.1	2139.96
603.21746	1	7380913.8	2192.57
603.21774	1	2337117.4	2246.76
3018.5687	2	2963109.2	3019.56
698.40186	1	1007103.7	3124.04
1530.7822	1	4328847.8	2056.58
617.32064	1	2973414.4	2541.9
617.23319	1	5464672.6	2704.62
506.32281	1	1188812	3140.91
1294.6401	1	2295747.5	2541.9
924.40552	1	2669211.4	2628.75
1245.6598	1	12974880	3018.59
1666.8136	2	4124071.1	2194.16
1648.8331	1	11846437	3024.41
1082.5739	1	3019863.3	2345.38
592.14995	1	5636542.9	918.047
2925.5332	2	5445514.8	3068.41
1652.8297	1	1304349.4	2252.1
1652.8294	1	2747994.9	2286.92
2092.0733	2	948119.8	2252.1
2092.0715	2	2193598.5	2286.58
794.3745	1	732461.04	3076.83
794.3743	1	1062029.2	3090.8
1208.6063	1	9326732.8	3020.86
1208.6066	1	775764.2	3344.82
610.34915	1	1065589.3	3133.23
598.42995	1	1300368.5	2668.12
598.43029	1	4488145.1	2723.29
2751.4438	2	8653009.8	3041.62
1491.7755	1	1659923.7	3077.8
605.34195	1	2659518	2205.35
548.20576	1	1934375.7	2963.94
617.23339	1	3824783.7	2777.3
916.45278	1	10499596	3010.18
580.23188	1	2276421	2628.75
654.37569	1	1080793.6	3128.22
638.40163	1	1009991.2	3128.22
752.34798	1	2778815.6	2542.24
594.37513	1	1031231.6	3132.64
550.3492	1	1069906.9	3137.6
1819.6678	2	2128233	2345.38
890.35919	1	6805918.7	2551.86
1268.6281	1	2314632.3	2408.86
1268.6281	1	2015231.4	2471.93
1268.6284	1	2530480.5	2544.21
1268.6277	1	2421840.8	2595.41
1268.6268	1	2482710.2	2713
1268.6272	1	2316170.3	2759.45
1268.6274	1	1904835.7	2814.72
1268.6277	1	5961610	3012.44
1268.6292	1	611845.72	3343.81
574.33594	1	2473723.7	2266.96
696.29356	1	2791830.7	3060.05
566.25163	1	1874131.4	2835.19
