1828.9715	2	3.1980224e+10	1476.33
2785.4289	3	2.2575247e+10	1657.62
2033.07	2	1.5252143e+10	1510.83
1900.0073	2	2.0528282e+10	1564.83
2074.0975	2	1.3700383e+10	1637.48
2959.5172	3	8187755800	1735.94
2278.1988	2	6000587100	1660.42
2104.1088	2	4984834400	1587.58
2237.1708	2	4143227700	1539.81
1572.8273	2	3224656400	1539.05
2785.4308	2	4049754200	1657.37
1354.7102	1	21488929	1497.18
1354.7111	1	3562837300	1539.05
2424.2562	3	8409125800	1569.94
2757.3975	3	3945462800	1499.49
1885.9908	2	964906320	1529.36
1885.9801	2	3930572900	1634.42
2598.3442	2	4732245400	1645.65
2019.0552	2	2419184500	1539.55
1589.8543	2	1820720600	1538.54
2802.4563	3	2497923900	1654.83
2424.2549	2	5449505000	1567.13
2771.4136	2	2726160900	1582.72
2482.2991	2	1837197100	1661.95
2090.0921	2	488797840	1540.83
2090.0923	2	486026170	1589.63
2090.0932	2	2038419600	1660.42
1572.8277	1	1357729800	1538.8
718.03283	1	1448218700	1238.07
1793.9551	2	877162420	1665.52
752.04082	1	1248722700	1220.13
1776.9293	2	1089029900	1666.03
1354.7116	1	1192866100	1667.3
1850.9503	2	1924591400	1476.33
2669.383	3	1545183000	1709.27
2584.3298	3	2062536300	1537.52
1361.695	1	417950110	1406.51
1361.697	1	1900864100	1476.33
1640.8659	2	1612067600	1477.87
1640.8662	2	552516860	1564.57
696.0511	1	928851900	1237.55
1828.9708	1	1190774300	1476.33
1654.879	2	1744007100	1404.93
1858.9791	2	1395725300	1434.52
2206.1366	2	495837010	1436.61
2206.1398	2	2744091600	1569.68
2206.1405	2	562940700	1654.57
1558.8128	1	821279210	1666.28
1817.9553	2	1173791200	1578.63
895.50276	1	440386580	1669.09
2294.1994	2	935524790	1662.21
2843.4717	2	1240374400	1765.06
2802.4553	2	946519590	1657.88
2802.4543	2	14153533	1699.31
1814.9887	2	698799120	1129.49
2465.2837	3	699018340	1668.06
2465.2834	3	931117150	1703.87
2492.2455	2	1352644400	1658.39
2793.3956	3	1647286100	1590.91
2264.1802	2	704195600	1616.02
2264.1806	2	923059400	1659.15
503.3307	1	626188620	1154.8
3595.8306	3	1032061600	1749.71
2584.3292	2	1169700500	1539.3
1776.9284	1	492966450	1665.52
2049.0696	2	1220031100	1542.61
2060.081	2	680470700	1591.93
2060.0817	2	924508080	1658.9
696.35496	1	9210365.7	1357.2
696.35459	1	1150768100	1408.62
696.35573	1	262622940	1483.26
2220.1547	2	1020164200	1537.77
867.4675	1	1061079300	1287.33
547.35685	1	595405460	1157.92
1773.9289	2	1622859000	1517.02
1594.8077	2	604213600	1538.28
2278.1974	3	690860460	1661.7
2396.2218	2	382686460	1326.6
2396.2227	2	444085610	1446.51
2396.2256	2	921620900	1534.97
2308.2074	2	635627630	1589.89
1961.0126	2	1755410600	1574.8
1961.0129	2	746536140	1655.84
2050.0921	2	746848790	1511.86
1981.0266	2	535652130	1801.5
2931.4879	3	787152910	1543.37
2931.488	3	1267781200	1582.72
2055.0518	2	913513290	1509.8
2639.3701	2	1021583700	1760.98
2478.2295	2	1475000700	1590.39
2757.3985	2	1021046300	1494.86
900.45717	1	628272420	1672.68
1558.812	1	554249460	1798.48
2380.229	2	1362589300	1633.39
2380.2274	2	459819570	1755.37
1825.9651	2	454027020	1474.79
1762.9131	1	720569090	1919.4
1762.9124	1	97305022	2038.74
2788.4394	2	564184420	1584.51
591.38302	1	461091590	1160.77
1594.8088	1	511732140	1537.52
2482.2985	3	551116360	1662.97
1589.8543	1	482462550	1538.28
748.04342	1	555174360	1241.97
2131.0706	2	1522762600	1572.75
2022.0515	2	594059920	1604.75
2655.3691	3	1263395200	1609.1
2220.1549	3	695011420	1537.01
872.41997	1	662004040	1287.85
649.32848	1	1548252900	1324.48
2615.3701	2	1057654400	1636.21
614.39606	1	444385310	1224.82
750.02302	1	326614410	1188.72
2468.2824	2	583179140	1629.05
2625.3567	3	522422680	1656.35
2625.3571	3	503711160	1705.48
2223.1566	2	583673000	1654.06
2468.2812	2	783173330	1761.25
2394.2393	2	823073690	1607.56
2394.2459	3	847907890	1610.13
1099.5997	1	238918930	1884.99
1104.5547	1	264830230	1884.99
2829.4563	2	554388010	1654.06
2451.2668	3	949252250	1598.33
850.44139	1	654929590	1287.06
850.44138	1	132568680	1411
635.40896	1	333536790	1163.35
2465.2816	2	455940960	1665.52
2465.2821	2	426401490	1701.71
2179.1292	2	993193200	1653.04
2254.1958	2	413363400	1539.3
2063.0809	2	487224180	1462.94
728.04127	1	246649110	1188.72
856.44211	1	443772240	1288.64
856.44237	1	721879500	1329.79
2104.108	3	475120050	1589.63
2149.1148	2	474065850	1585.79
2063.0808	2	421166080	1747
3394.74	3	793308470	1718.11
3394.7328	3	459142700	1814.24
1054.5403	1	4547721.3	1353.99
1054.5412	1	748383420	1412.84
1921.989	2	874610530	1567.64
2945.5067	2	451249180	1654.83
2945.5066	2	20012923	1707.93
1900.0069	3	823396880	1563.29
2807.4146	2	359660840	1658.9
2807.412	2	8276716.6	1692.87
1975.0286	2	445393440	1504.9
2615.3719	3	434499380	1629.31
1569.8271	1	513592810	1475.3
2135.1011	2	537773720	1633.39
2135.1028	2	211143130	1731.32
2771.4473	3	530216510	1174.99
778.05416	1	374532710	1244.31
2096.0793	2	663333040	1636.72
2976.5448	3	450560580	1738.9
2441.2816	2	965826890	1566.61
1279.642	1	280724170	1538.8
726.06166	1	244388170	1240.67
1606.8222	2	564968290	1565.34
1606.8241	2	162338460	1631.86
1992.0443	2	69657988	1612.95
1992.0453	2	341247820	1660.42
2620.3274	3	724925510	1630.85
1798.9093	2	242673230	1663.99
1845.9976	1	305589900	1475.56
679.43534	1	230653820	1165.94
1565.7969	1	510784770	1510.06
1886.026	2	271298090	1140.29
1762.9116	1	222724970	1801.2
1071.5683	1	359335140	1414.42
2962.5303	3	306846120	1626.5
2467.2758	2	130026290	1739.17
1569.8282	2	360542540	1474.28
2451.2659	2	696696170	1589.37
2669.3813	2	336730140	1709.01
1787.9447	2	231594170	1586.81
2625.3552	2	329032820	1656.35
1583.8417	2	409406160	1436.35
1558.8128	1	263175420	1917.15
1850.951	1	259342380	1474.79
1793.9553	1	162537120	1665.77
3030.5578	3	497401550	1800.11
2202.1542	2	222752390	1917.15
2959.5209	2	365539910	1735.4
1946.995	2	211510110	1448.08
1946.9967	2	287881600	1494.08
1946.9972	2	281532270	1532.93
578.28564	1	66266015	3071.63
774.02295	1	198495390	1222.21
554.32746	1	154543370	1193.12
780.03381	1	168401030	1189.76
1275.6693	1	95266832	1540.57
1275.6696	1	187313590	1564.83
3220.6434	3	295214780	1752.93
3220.6463	3	117361920	1823.86
2873.4854	3	141232980	1587.33
2873.4819	3	307752140	1653.3
842.42542	1	135863350	1109.3
842.42627	1	359162360	1215.45
842.42691	1	171811670	1387.27
2383.2294	3	290934260	1725.39
746.028	1	119771290	1231.83
2165.1127	2	349346610	1723.51
2620.3277	2	441459390	1635.95
824.41707	1	346777690	1656.61
508.28592	1	170644430	1154.55
2366.2127	2	352612650	1537.26
1900.0077	1	377080150	1566.36
1544.7975	1	243748360	1919.11
1544.7974	1	89675267	2039.34
2601.3568	2	260706560	1538.28
2819.4812	3	307796840	1657.12
1998.0545	2	140933830	1799.56
2300.1829	2	227802690	1662.21
2259.1518	2	206535650	1539.05
2757.4302	3	339820030	1156.88
2757.43	3	264169270	1195.97
1926.9715	2	309172590	1537.52
1076.5205	1	224734840	1414.94
552.31227	1	150578710	1157.92
1961.0111	2	343346920	1397.01
1613.8555	2	196167460	1502.83
1967.0125	1	226007510	2039.34
3016.55	3	290823010	1719.19
1846.1848	2	152303150	1474.79
1967.0132	2	158853000	1916.58
2165.1133	2	254411800	1538.54
2451.2677	2	277135790	1768.05
2446.2379	2	496008460	1565.34
1803.9402	2	156736010	1604.49
1016.5147	1	103083150	1124.13
1258.6427	1	90331742	1540.83
1258.6435	1	127471500	1564.06
530.33035	1	136723640	1157.4
1798.9113	1	103252860	1666.28
723.46171	1	138153550	1168.53
506.23371	1	56726301	1263.55
506.23384	1	234730780	1319.43
894.45511	1	352293650	1254.44
2206.137	3	290101810	1432.7
2655.3691	2	299888640	1767.5
2308.2085	3	129692370	1590.39
2074.096	3	212676110	1631.86
2860.4946	3	214011170	1766.41
1280.6254	1	116983940	1564.06
895.50248	1	170641430	1547.2
506.23384	1	171547980	1424.1
1866.9457	2	183330690	1514.44
878.47571	1	77151065	1669.34
1606.8232	1	289520370	1565.85
1606.8234	1	104207480	1634.93
756.07236	1	126348420	1242.49
1303.7004	1	162189940	2097.75
1361.6958	2	199987390	1476.59
1483.7441	1	103304220	1665.77
808.06523	1	163877870	1244.84
808.06569	1	44383603	1307.77
3857.9713	4	212180150	1833.47
3220.6525	3	115767240	1617.81
2427.2618	2	68174905	1390.44
2427.2633	2	181695810	1451.97
2427.2652	2	166126110	1484.54
2126.0909	2	160871270	1589.37
1082.5734	1	100833870	1886.16
2981.5018	3	190463170	1736.19
1866.9173	2	169939930	1475.82
596.33844	1	121284340	1160.77
900.45637	1	140855340	1546.69
1308.6546	1	148140330	2097.44
711.4325	1	102948940	1128.72
2601.356	3	184538820	1535.99
668.32262	1	128437540	1197.01
2033.0705	3	201837700	1513.41
1666.8437	2	226332470	1527.82
2606.3125	3	185693330	1534.72
574.35629	1	110638840	1160.25
675.36737	1	157833020	1188.72
675.36762	1	104545960	1234.68
675.36683	1	86495491	1259.64
2931.488	2	167030320	1544.65
2380.2268	2	160019770	1533.7
2353.2177	2	174461840	1722.68
1217.6155	2	251525430	1386.75
777.57282	1	146706260	1179.92
3380.7167	3	184714200	1616.02
2396.2209	3	319153540	1337.24
2396.2214	3	363281600	1406.25
1834.982	2	125935700	1578.89
1565.7971	2	208134920	1513.41
1699.8908	2	145525360	1501.8
3204.6476	2	257096160	1865.26
746.06475	1	16133713	1329.79
746.06511	1	114612300	1366.01
502.29943	1	76528673	1111.64
546.3251	1	79203684	1113.46
1967.0124	1	169934300	1920.23
2223.1542	2	189433140	1363.07
2223.1589	2	175832280	1432.44
2865.4514	3	184925310	1763.67
1409.7542	2	18167560	1311.21
1409.7521	2	182255290	1370.28
1409.7519	2	40996520	1427.49
691.40039	1	122292330	1480.69
691.39964	1	155514980	1405.98
2067.1235	2	128880540	1512.12
1237.4895	1	94640750	1152.47
1354.7109	1	67562089	1785.71
1848.9249	2	105477360	1475.05
1872.934	2	204403820	1475.82
2406.2556	2	101842140	2038.74
1748.897	1	133374270	2038.45
696.04471	1	95192732	1237.29
607.37792	1	41011986	1125.15
1324.5208	2	81862914	1134.88
1800.9366	2	72037259	1262.51
1800.9378	2	184878550	1316.79
1800.9381	2	52605154	1381.72
1800.9375	2	83104597	1463.2
1061.5299	1	137476200	1537.77
3567.801	4	133179720	1606.28
1772.9426	2	74006507	1127.19
2410.2715	2	101259820	1144.94
2570.3113	2	72777354	1385.42
2570.3138	2	150910930	1537.26
2570.3142	2	146734320	1611.15
2172.0979	2	133552650	1707.93
1611.8495	2	84941416	1536.5
2410.2732	3	98329690	1144.68
640.36446	1	89925773	1163.61
810.39964	1	78858737	1443.9
810.4005	1	155884270	1538.8
651.40321	1	42977763	1125.66
758.0516	1	71909446	1188.98
1613.8522	2	117901380	1396.75
776.03828	1	103945670	1250.03
776.03818	1	11415178	1283.4
3204.6472	4	209511730	1867.64
1324.5204	1	79529458	1134.88
1676.861	2	178227360	1403.87
767.4882	1	86078215	1171.11
618.38248	1	86324113	1163.1
563.35188	1	23786562	1114.24
563.35166	1	35230616	1124.89
2815.4366	2	124427830	1617.3
2815.4336	2	58149954	1646.67
782.05177	1	86538608	1222.74
782.05187	1	27931597	1253.42
1662.8453	2	138358570	1478.12
2049.0626	2	128226180	1304.87
853.45335	1	111993090	1414.68
780.07275	1	72944299	1296.22
2039.0817	2	58377377	1605
1615.6556	2	49495099	1092.98
2375.2129	2	117804430	2335.44
695.4286	1	34888182	1125.66
2380.228	3	118986100	1528.59
1237.4886	2	73658874	1152.21
3786.9466	4	140368310	1818.37
2499.3225	2	79278548	1663.22
2060.1159	2	144200360	1155.84
1770.9286	2	141919200	1423.58
1565.795	1	115307800	1435.31
1800.9756	2	74619739	1128.72
878.47425	1	57222281	1885.25
635.3123	1	91192431	1250.03
2779.3806	2	274472680	1495.89
1810.9242	2	82619019	1587.33
590.35087	1	58753361	1115.8
2743.3783	2	166412070	1434.52
858.45868	1	166294950	1220.65
1843.9828	2	98707149	1135.39
756.41637	1	53253287	1109.04
663.36761	1	80379978	1197.27
1109.6198	1	49155127	1126.42
3033.5525	3	80834751	1750.79
1340.6953	1	80255214	1915.73
2046.0636	2	45544020	1606.03
526.27854	1	58944370	1195.19
701.41953	1	43883765	1108
658.32886	1	122778310	1201.68
2715.3482	3	156633410	1277.12
836.42448	1	103078960	1415.21
3190.6298	2	90102566	1754.29
849.53655	1	91992142	1163.61
1371.7387	1	86049164	1538.28
1787.912	2	121055620	1293.35
806.08636	1	67984949	1424.1
735.56264	1	65274200	1148.56
511.29933	1	67270888	1190.79
680.32292	1	97563660	1188.46
680.32286	1	87874649	1233.64
680.32267	1	67724468	1258.08
1836.933	2	47065841	1344.41
1836.9317	2	19095135	1383.04
1836.9338	2	127410260	1431.66
1068.5574	1	95359503	2307.59
1068.5576	1	46923346	2509.16
1544.6147	2	52076270	1098.29
2729.3977	3	213854950	1148.82
2729.4	3	35570684	1219.61
2611.3413	3	102732930	1608.85
652.17574	1	52267223	1191.31
646.34122	1	112183220	1286.8
724.04585	1	44037523	1231.83
864.4577	1	105738180	2098.93
864.45772	1	64370926	2308.22
864.45813	1	51485473	2509.16
1984.039	2	66934544	1916.29
517.30998	1	58049991	1169.3
1347.6796	1	109368410	1509.03
1347.6801	1	149376560	1566.87
2382.2084	2	141345310	1424.62
684.39093	1	61777072	1166.46
642.42861	1	73517079	1495.12
1880.9612	2	91553345	1435.05
510.31702	1	50606262	1124.13
1626.8511	2	27182184	1347.34
1626.8496	2	26864835	1383.57
1626.848	2	115035740	1430.62
2264.2138	2	98837021	1166.46
802.0545	1	54894992	1296.49
636.3488	1	132829320	1202.45
4032.0623	4	210007170	1949
687.40301	1	45123971	1126.68
739.45603	1	28017179	1125.91
810.04467	1	30300121	1191.31
810.04393	1	52165662	1212.85
662.40869	1	55623983	1165.68
2237.1698	2	62134118	1838.88
1836.9693	2	53516168	1129.24
625.34634	1	74161708	1273.46
625.34619	1	46491168	1297.79
1340.7303	1	81440998	1133.6
2090.1273	2	66971426	1145.72
1395.7364	1	88661783	1402.28
1395.7354	1	88022722	1431.66
633.29723	1	61458080	1230.01
633.29719	1	85967632	1255.75
2135.1004	2	97447952	1450.41
2135.1014	2	105821150	1493.31
1259.4707	1	56165773	1152.47
1085.5847	1	57229819	2307.59
2432.213	2	23923368	1391.49
2432.2185	2	80256310	1451.97
2432.2211	2	73663413	1485.06
786.08215	1	51298204	1243.28
2570.3169	3	136585150	1385.42
2570.3146	3	132400460	1477.87
2584.3612	3	121717340	1166.2
818.46897	1	26382033	3015.56
2005.0365	2	106262210	1272.68
2005.0383	2	111872030	1346.27
2005.037	2	54072180	1421.75
1361.6942	2	105453160	1404.4
2188.1399	2	73483497	2038.15
3683.8849	4	87643621	1764.52
1795.9096	2	85445594	1514.7
548.24484	1	61032213	1448.33
2223.1869	2	81610292	1138.48
2035.0503	2	101039450	1388.33
533.28114	1	53817987	1191.57
533.28138	1	45142953	1208.69
812.06224	1	54373704	1256
1876.958	2	25863995	1703.34
641.32624	1	43051669	1123.36
1116.5681	1	103107750	1371.61
1116.5679	1	76935397	1437.13
634.37669	1	62434014	1119.44
1871.9738	2	103094980	1422.01
796.5439	1	34027147	1125.66
519.32461	1	27607842	1111.64
519.32537	1	22873873	1124.13
1551.7792	1	114618060	1538.8
1232.7339	2	83179256	1254.44
764.03983	1	51236034	1234.42
2005.039	2	43861824	1496.4
1340.694	1	70690801	1427.23
1150.6102	1	60307173	1368.41
1150.6095	1	72851237	1396.22
1144.6813	2	75150430	1251.07
636.37961	1	43175956	1225.86
561.33608	1	46799008	1172.67
853.45367	1	46266108	1212.85
1641.6971	2	39506586	1475.56
3133.6088	3	46128655	1792.81
3133.6067	3	39122278	1877.49
1640.8652	1	167502700	1567.89
2593.3275	2	62367501	2333.76
1507.8015	1	46102783	2307.28
813.51346	1	22856593	3015.56
2396.2545	2	58097116	1140.8
2396.2554	2	76312392	1158.43
858.40452	1	67283141	1414.68
2757.4275	2	117535780	1157.4
1640.9002	2	27527647	1125.66
1399.6617	2	33566891	1095.64
810.56	1	34647466	1126.68
824.41618	1	65012892	1313.86
2003.0129	2	24369106	1800.4
715.39915	1	59731855	1272.94
2034.0478	2	92691559	1422.8
754.05631	1	46853466	1249.51
1975.0292	3	56176625	1517.53
1787.9474	2	120654200	1470.95
1040.5267	1	47110752	1732.15
1276.7607	2	71474465	1256
1347.6785	1	24468509	1344.94
1347.6781	1	16862668	1383.84
1347.6785	1	81077555	1435.05
951.6734	1	27891070	1126.17
543.28928	1	50770053	1449.11
1346.5026	1	37684053	1135.65
879.47463	1	54987506	1280
1827.5556	1	36780850	1475.3
838.07587	1	42454009	1244.31
838.07619	1	30454071	1275.03
838.07607	1	61139843	1311.75
1030.6125	2	36723795	1128.21
1529.7884	2	59271201	2308.22
1310.6849	1	54669994	1473.51
1310.6854	1	101853000	1518.05
581.41561	1	38911081	1123.1
1967.0133	2	58774469	2038.74
1967.0121	2	17965963	2082.64
678.40387	1	40511539	1123.87
1524.8267	2	58080148	2307.9
1100.6546	2	66553393	1248.73
2989.5268	3	69821734	1756.98
1786.9195	2	91733760	1294.91
1249.7603	2	57717640	1255.22
627.34683	1	136762710	1347.61
1320.6703	1	63407943	1504.38
881.48628	1	36457629	1885.25
2264.1785	2	115594380	1427.49
724.52086	1	39786846	1156.62
1830.3901	1	37868927	1475.3
1338.5367	2	33783230	1145.2
1293.7864	2	55127835	1256.78
724.08294	1	41157778	1328.74
724.08327	1	28938660	1364.95
811.51461	1	48157755	1173.96
760.0449	1	39130512	1293.61
2584.3597	2	101065780	1163.87
547.32044	1	42467737	1135.65
905.5181	1	43572717	1118.93
1912.9523	2	101992020	1432.44
864.45814	1	27951798	1884.99
878.4158	1	89918162	1324.21
2005.0693	2	53457988	1133.6
1626.8809	2	31512074	1128.21
1251.5048	1	21069976	1169.56
1251.5044	1	46092786	1195.19
806.04931	1	57995060	1251.59
728.41707	1	40028029	1169.04
1056.629	2	66575410	1246.92
2207.1068	2	33416854	1918.28
2945.5342	3	64506726	1202.45
2280.7542	2	90940502	1478.12
1395.872	2	23720549	1106.95
557.37774	1	32914131	1103.03
1506.6957	2	33852017	1083.64
4219.1496	3	120870190	1932.93
1320.7869	2	59408427	1257.56
3568.8171	3	46718504	1885.57
613.32961	1	53146213	1254.96
604.3196	1	83124648	1200.38
2296.2633	3	29811434	1096.17
2771.4122	2	83049363	1737.8
548.2448	1	51005770	1351.87
2280.1767	2	54542033	1436.09
2396.2548	3	47344124	1135.65
1337.813	2	51551256	1258.34
1254.515	1	28779630	1152.73
740.01464	1	47741723	1236.77
1364.8146	2	55509532	1260.16
1558.812	1	60499892	2082.95
1558.8119	1	17050901	2212.37
2413.2458	2	120165140	1322.09
1157.7431	2	25071314	1094.58
1340.6948	1	29260116	1800.11
1762.9094	2	37384505	1916.29
1310.8142	2	7094220.4	1227.68
1310.814	2	38679707	1257.3
2222.1692	2	58416950	1160.25
2222.1321	2	53000948	1226.38
1266.7872	2	21272188	1224.56
1266.7869	2	42154544	1256.52
1057.5518	1	46308053	1301.45
792.0342	1	37713789	1218.57
1681.8413	2	26062629	1526.28
1512.7554	1	35142025	2307.28
1126.5369	2	25094914	1885.25
510.07846	1	57862189	1416.52
2090.0895	2	113936240	1376.67
738.02537	1	28757164	1221.69
1191.5697	2	23260959	1104.34
1857.9564	2	69416009	1382.52
1354.8366	2	37731811	1258.08
572.33107	1	41630426	1178.62
1338.5371	1	27743864	1144.94
1748.897	1	45370391	1917.98
1558.6302	2	31179755	1101.2
1205.7346	2	46920039	1253.92
1324.6986	1	65461986	1436.61
1836.9388	2	62532772	1504.9
2873.4807	3	46926044	1806.38
2076.0752	2	79962678	1427.49
2178.1065	2	75054055	1395.43
2468.2797	3	41999751	1436.09
2737.3704	2	95923583	1857.85
1244.6282	1	9870951.8	1877.16
1244.6271	1	25500019	1909.18
2310.2803	3	28347650	1098.56
706.43516	1	33733360	1168.53
3476.7344	3	28203233	1823.03
1565.7953	2	41566641	1435.31
543.28956	1	40988784	1351.6
591.3461	1	33089950	1138.22
758.02801	1	34060755	1293.87
862.20501	1	27255996	1214.67
644.37296	1	104158970	1329.79
1222.7631	2	10065501	1225.34
1222.761	2	36095962	1255.48
1992.0557	2	18857295	1513.15
1558.8366	2	25255936	1133.08
1572.6457	2	29994704	1101.2
1161.7081	2	37135435	1252.37
605.36237	1	44766171	1176.03
1642.5761	2	32478533	1475.56
1872.0089	2	49835831	1137.97
1087.5531	1	62756929	1374.28
1826.1465	1	31045807	1475.3
503.27109	1	61419168	1175.25
2829.4896	3	33643780	1208.17
646.34108	1	36061275	1197.27
1078.7351	2	29501655	1100.14
1040.5249	1	34508448	1301.98
1463.6305	2	22561119	1109.82
1381.8396	2	47169165	1260.42
1977.0054	2	46609323	1170.34
1977.0065	2	14556842	1200.38
574.308	1	66145297	1173.44
2080.1088	2	38338275	1459.03
1408.8405	2	44227087	1262.77
580.10269	1	32848142	1217.27
580.10249	1	57768068	1262.25
2787.4157	3	96384416	1314.93
794.05027	1	49804519	1238.33
1325.6868	2	36224772	2097.75
849.60624	1	27722729	1123.62
726.41538	1	27793431	1207.65
726.41434	1	28949637	1230.27
1773.9277	2	44323469	1319.96
622.33247	1	32320044	1148.3
2294.1897	2	50941635	1383.57
1178.7352	2	17436192	1223.78
1178.7348	2	34017905	1255.22
1425.8651	2	33820639	1262.25
2250.1644	2	45437927	1385.95
2250.1636	2	56906902	1433.48
1733.8885	2	29343047	2508.52
1320.6684	1	34320157	1397.28
863.47043	1	32286988	1126.94
1074.6399	2	24505978	1128.72
1238.4749	1	38851260	1184.58
752.1608	1	39179902	1371.34
1305.6677	2	83447062	1378
1654.8803	1	49429364	1402.02
1464.652	2	23139130	1081.25
880.4345	1	17275934	1187.69
880.4321	1	38073390	1222.48
2137.1208	2	25957670	2878.74
1398.8648	2	29689957	1259.64
2206.1725	2	31469049	1139.25
1978.037	2	132362610	1402.81
1520.7156	2	20874659	1091.91
1012.6019	2	51375598	1242.24
1289.6846	1	31402392	2307.59
1289.6851	1	27470551	2509.47
1203.5998	2	57131661	1271.89
1961.0101	3	36752452	1396.48
1117.6822	2	31961957	1250.55
881.48472	1	33295290	2098.04
1330.6364	2	40019852	2098.04
2392.2384	2	25629682	2333.43
540.07063	1	56553612	1204.01
2610.3532	2	20607332	2333.09
543.36307	1	22600579	1097.5
1575.8741	2	24088588	1130.26
1586.6612	2	23556581	1102.51
1932.9821	2	107105040	1416.26
716.01779	1	29663593	1286.28
1203.5991	1	48746804	1259.64
855.54121	1	35477997	1176.55
1251.5043	2	19285434	1169.82
1251.5035	2	27142927	1198.56
784.06701	1	32242235	1253.67
772.44354	1	25303515	1171.63
938.00284	1	41951077	1434.79
674.37338	1	48762720	1406.51
2041.0699	2	22178677	1133.6
1272.6579	1	12778206	2307.9
1272.663	1	3378258.7	2453.88
1272.6586	1	34121499	2509.47
809.49948	1	27422458	1227.94
1251.6142	2	21532571	1078.62
1980.2758	3	17045772	1085.23
1346.5024	2	21509413	1134.88
628.41159	1	32340459	1259.9
1040.5272	1	9022078.2	1878.33
1040.5273	1	18249632	1909.18
886.43986	1	19699362	1884.99
674.37354	1	18687342	1884.99
853.51832	1	33463768	1231.57
884.42216	1	27108478	1280.79
564.10705	1	61530938	1284.19
653.3712	1	22280498	1130.77
1779.9733	2	41690447	1147.79
1629.6668	2	20421493	1096.44
1068.5565	1	33349986	2098.04
2122.1753	3	17078393	1095.11
1961.0452	2	18632706	1134.88
1534.7358	2	29663036	2307.9
842.07303	1	23279260	1258.08
566.08728	1	25435232	1209.21
1442.8919	2	23119777	1259.9
790.05516	1	27626980	1297.79
1014.6857	2	23956299	1134.62
649.38787	1	33006977	1179.14
596.31917	1	33194770	1251.07
1558.8474	1	23600290	1133.34
1058.6463	2	19204868	1188.98
2136.1922	3	19484502	1099.09
1085.5732	1	34991503	1302.51
1259.4695	2	27048646	1151.95
2228.1175	2	37252859	1437.13
1575.8372	2	31155489	1427.23
2406.2551	2	17561685	2212.7
1395.5583	2	18994119	1136.42
2103.0366	2	68214069	1337.5
2103.0357	2	25386728	1403.34
667.38981	1	30988328	1144.68
1004.6463	2	23093422	1181.99
3075.5725	3	42418951	1899.99
836.42464	1	20966376	1211.81
639.3619	1	23415310	1389.12
1469.892	2	25215529	1264.07
1313.7185	1	21753395	1137.47
1064.721	2	17691000	1095.64
2151.3487	4	39053862	1189.76
895.61105	1	28391866	1173.7
2468.3161	2	23964807	1172.4
897.55162	1	42474356	1232.6
2049.0659	2	11599938	1843.9
1452.8672	2	25895212	1264.59
1551.7805	1	34213911	1463.2
1544.8317	1	53639267	1151.69
1486.917	2	17355907	1261.46
1092.4887	2	31041719	1414.68
853.43015	1	26150272	1304.61
853.42903	1	30837294	1373.75
501.27861	1	29863194	1316.79
1947.0226	2	25210424	1142.09
581.3052	1	86167526	1331.65
1967.0115	1	26630538	2212.37
583.39233	1	18985296	1111.64
2076.1143	2	18561463	1164.65
677.42043	1	29960442	1223
1143.7642	2	21901377	1135.39
1507.7997	2	16127969	2307.28
513.35265	1	22392386	1092.71
3016.546	2	20660414	1859.31
1014.618	2	20066281	1185.88
2192.1202	3	56664072	1329.79
2192.1217	3	25152126	1377.47
1048.6736	2	15101632	1185.1
1982.991	2	26892869	1391.23
1233.6467	2	49888352	1431.14
1475.7738	2	17366531	2307.28
1341.5471	1	21079155	1135.91
1092.7	2	23839733	1187.94
2202.1547	2	19336333	2081.71
1624.8723	2	21017365	1446.25
2034.0309	2	20045144	1207.91
629.32414	1	22615334	1335.65
941.57704	1	33875214	1234.42
594.11875	1	45965243	1319.17
1073.6564	2	32647893	1247.44
1219.5976	2	11858833	1090.57
1478.6616	2	16601620	1086.02
1090.5396	1	20920327	2098.34
1098.5033	2	27858464	1416
878.95694	1	69896733	1336.98
1031.6462	2	18002039	1184.85
2829.4861	2	30939754	1217.27
1496.8933	2	29831509	1267.46
660.35747	1	14364498	1884.69
1555.8081	1	40348949	1429.84
1083.5679	1	17945065	1295.7
1083.5681	1	22648272	1328.47
1409.7529	1	19721516	1367.08
680.3235	1	35181445	1369.75
1711.9015	2	13158242	2508.52
1599.8374	1	29319450	1460.34
567.39874	1	15090172	1111.64
822.08114	1	23136978	1370.01
985.60312	1	29517428	1235.99
723.48978	1	12462921	1114.5
1540.9175	3	23192078	1268.76
1393.7217	2	26177641	1375.07
2214.1008	2	24261492	1448.59
844.36422	1	16467587	1387.8
1325.5074	2	25355205	1157.66
634.2804	1	24904080	1335.38
2165.1494	2	17691872	1157.66
1186.637	2	15160183	1073.88
1136.7254	2	21546898	1191.57
1396.5416	2	21620134	1161.54
1260.4568	1	31132366	1183.03
1667.8272	2	24335305	1396.75
1667.829	2	17724359	1441.55
1779.0036	3	13058446	1092.18
2411.2126	2	21337438	2038.15
1062.4928	1	21326066	1302.51
774.42742	1	15886212	1098.29
900.30208	1	16949832	1305.13
776.07618	1	26322312	1365.48
1076.578	1	19001183	1372.15
1261.6328	2	12080318	1080.72
1273.4848	1	15072361	1170.34
1273.4848	1	15488326	1194.68
1244.6268	1	7151726	2050.11
1244.6263	1	22270968	2088.18
531.37732	1	8934615.6	3007.18
531.3774	1	1224122.8	3038.71
1046.5072	2	12122512	1073.62
1090.5394	1	14300884	2306.96
643.48731	1	13918011	3036.74
1513.9192	2	26415825	1265.37
2203.6151	2	22320531	1938.08
661.31081	1	15853112	2715.53
1121.5796	2	11880872	1884.99
1988.9962	2	15731114	1916.29
1271.7437	2	21336242	1254.96
1569.8257	2	13562955	1288.37
1569.8266	2	23991375	1336.44
1569.8258	2	17457330	1391.49
791.92082	1	45164066	1384.63
1628.9688	3	18161509	1272.15
1102.6698	2	15458689	1191.05
2135.1031	2	30693699	2671.41
1119.6992	2	15462618	1190.79
1952.9977	1	19666353	2038.45
594.28944	1	16595751	1915.46
1711.9022	1	12726966	2508.52
1085.5851	1	12764113	2508.52
1247.6142	2	13280020	1078.09
1315.7692	2	18974195	1256
612.29994	1	13839133	2307.28
1379.7411	2	31032819	1361.73
2787.4061	2	30892394	1299.1
518.13134	1	28834067	901.414
518.13128	1	19723064	1020.83
2172.0688	3	10450638	1084.69
878.4739	1	15820417	2098.04
675.36815	1	23080306	1370.28
1244.625	1	21906636	1422.54
1100.7458	2	8836111.6	1098.29
1207.7506	2	20363282	1195.97
1952.9969	1	16563388	2333.76
1492.6743	2	13411981	1090.3
1180.753	2	18702700	1194.94
1967.0112	1	16645716	2333.76
1359.7966	2	15296071	1257.3
1530.9461	2	19088871	1261.72
1716.8566	1	8629194.6	2508.52
1984.039	2	16344924	2038.74
1984.0382	2	7572799.9	2082.02
1814.9537	1	24073270	1431.4
1029.6289	1	22289906	1238.59
1289.6849	1	12388812	2698.65
1289.6837	1	5918209	2876.19
1748.8959	1	15628696	2333.76
1183.6911	2	20964563	1253.15
1060.542	1	21262825	1352.4
1060.5416	1	19959998	1388.06
1569.8261	1	12897469	1345.21
2120.0998	2	11755695	2879.85
2120.0996	2	1458646.7	2929.19
2120.0986	2	1922138.3	3001.55
710.33409	1	21050905	1338.03
2245.1314	2	11360235	1358
575.40371	1	6924789.1	3000.73
575.40351	1	1200372.6	3033.45
1490.7749	1	11503128	2307.28
1209.6358	2	9911435.5	1073.88
2071.044	2	10284688	1304.08
886.43961	1	13171780	2097.75
1748.8962	1	15033575	2212.7
1225.5368	2	9362950.1	1074.41
548.20545	1	21401494	2717.22
548.20554	1	3414619.6	2881.65
1326.6784	1	14130122	1350.54
1239.5973	2	19679600	1387.8
2219.1806	2	10183358	1918.28
881.48445	1	9182918.9	2307.28
1679.8747	2	9204967	2508.19
1738.8367	2	11903140	2508.52
1007.7478	2	11142386	1096.44
776.40556	1	13771711	1088.43
1241.6278	1	8562463	2554.26
1271.6735	2	11212032	2098.04
617.3208	1	23517764	2556.94
2664.2843	3	25420393	2501.4
1358.7203	2	7293420.1	1073.62
541.41924	1	11841795	3040.67
1369.728	2	7287354.3	1079.41
1493.7853	1	10298918	2699.62
1493.7853	1	7550879	2877.63
1493.7851	1	3062623.2	2999.96
612.29995	1	12566166	2097.44
536.24112	1	4902315.6	2462.66
536.2415	1	20117389	2555.92
536.24121	1	5100425.3	2638.88
1431.7343	2	19006623	1369.48
790.42308	1	11513286	1090.84
1544.7969	1	11959042	2212.7
519.33301	1	8173280.6	2624.43
1271.6645	2	5699823.5	1075.99
1450.7812	2	14732086	1379.07
1512.7457	2	6819786.2	2306.96
1540.9165	2	13043295	1269.02
1616.845	3	6967286.1	1078.62
2188.139	2	7834948.4	2333.43
1779.9391	2	8699149.2	1915.73
1040.5269	1	3352745.4	2049.51
1040.5267	1	8766086.6	2087.26
612.29996	1	8067791.8	2508.52
1883.9759	2	5928721.2	2698.97
1476.7593	1	11271918	2701.59
1476.7589	1	8697435.4	2877.63
670.25498	1	5152641.7	2879.85
585.44526	1	788008.32	2783.34
585.44558	1	6388510.5	2846.67
585.4454	1	10257696	3028.27
1286.6739	1	7147857.2	2307.28
1303.7001	2	7936035.4	2098.04
527.40378	1	2744325.8	2551.57
527.40388	1	2823314.7	2616.12
527.40393	1	7256743	2674.05
523.36466	1	3019833.3	3182.17
619.43006	1	3984362.5	2994.32
619.42982	1	1022118.4	3027.82
1967.0122	2	7889446.4	2212.37
3163.617	3	14845740	2224.1
1244.6267	1	4412409.6	2227.15
1244.6265	1	7179794.2	2263.11
1308.6487	2	6607467.3	2098.34
1877.9285	1	7685603.5	2039.04
2889.4606	3	15970403	1974.89
1544.7966	1	7642817.5	2333.76
622.27619	1	11500315	2551.9
1294.6396	1	3899970.1	2507.87
571.43038	1	1995799.7	2607.45
571.43041	1	7594207.3	2665.49
571.43034	1	6589692	2700.28
521.59018	1	754503.01	3041.47
521.59059	1	2898029.6	3115.59
521.59066	1	4453253.9	3340.78
548.24719	1	7235535.4	2097.44
1716.8467	2	4133084.8	2508.19
2970.5594	3	4126848.7	2959.34
2970.5583	3	752780.2	3007.59
816.40024	1	5663851.2	2307.59
580.2314	1	9065085.7	2717.22
666.2662	1	5792382.6	2715.86
2802.447	3	19427887	1968.36
615.4567	1	1696167.5	2600.06
615.45652	1	5828395.1	2657.27
615.45643	1	5196818.2	2692.14
1114.7011	2	4905735.9	2012.19
816.40041	1	5135366.3	2508.52
592.44361	1	2055882.7	2547.9
549.62181	1	2655063.9	3148.59
549.62177	1	1626453.2	3340.01
2346.1818	2	3446213.4	2998.77
1453.597	1	4853826.5	2097.44
548.24725	1	5614282	2307.28
2324.2005	2	3080604.8	2997.96
1530.7823	1	5696225.5	2038.74
502.1001	1	10535443	901.414
1916.001	1	3282907.8	2698.97
2545.3219	2	2940536.7	3047.36
527.40374	1	3450913.8	2903.09
629.4716	1	6248801.1	3017.15
1920.9493	2	3032172.8	2699.29
1448.7665	1	2851259.8	2095.06
646.45245	1	3511964.1	2778.27
610.29725	1	4998673.3	2133.41
985.62276	1	4284074	2012.49
1023.5115	1	4506325.4	2082.02
1294.6393	1	3859467.3	2307.28
521.34876	1	2920398.1	2976.4
521.3481	1	1803837.4	3022.42
554.40379	1	2137563.9	2607.11
554.40378	1	7771244.3	2665.49
1090.5402	1	2942347.3	2508.19
2223.1565	2	7083432.1	1984.14
1340.6955	1	4676363	2212.37
701.52965	1	2340986.8	3103.87
2627.3796	3	3570661.2	2332.76
1942.9356	2	3499196.1	2698.97
2125.051	2	3069018.6	2878
663.45462	1	2333968.6	2987.35
663.4556	1	893481.82	3022.42
521.37304	1	1944575.5	3051.7
510.37725	1	2338312.9	2613.45
510.37728	1	7337861.6	2674.05
598.4301	1	2057826.8	2599.05
598.43016	1	7096616.5	2656.61
602.33124	1	2999079.8	2304.76
890.3584	1	12080174	2668.77
612.29977	1	3891330.5	2698.65
1669.7697	2	3671073.1	2307.28
594.24713	1	4302039.1	2635.91
571.4302	1	2825660.4	2892.04
1082.5737	1	3184672.6	2306.96
633.44585	1	1618705.8	3104.48
659.48296	1	1249042.8	2591.95
659.48299	1	4572481.7	2649.39
624.31312	1	3459499.8	2304.76
752.34766	1	3797877.3	2307.28
506.32271	1	1397618.1	3117.45
592.15017	1	7488952.9	903.668
592.15008	1	3702007.9	1035.71
2088.0737	2	2894490.3	2878
606.451	1	2803036.8	3336.05
504.21536	1	6785489.2	2558.27
646.33469	1	7709246.4	2642.15
619.35769	1	3093255.4	2305.08
759.57206	1	2014367.7	3161.3
673.49831	1	4407674.1	3006.39
673.49866	1	1148170.2	3061.46
886.43966	1	2902220.4	2306.96
617.32075	1	3495074.5	2461.99
677.472	1	1328819.8	3100.24
841.4257	1	3760533.7	3031.77
1224.6005	1	3288452.1	2308.53
642.4562	1	1600998.8	2591.95
642.45623	1	5902358.6	2648.4
665.29947	1	1924213.8	2879.85
548.24728	1	3223946.3	2508.19
1652.8285	1	1686215.6	2228.16
1652.8287	1	3140157.7	2263.11
1877.9278	1	3580747.2	2333.76
1054.5418	1	1463727	2107.38
1054.5424	1	2365049	2140.66
1054.5419	1	4214884.3	2190.54
2829.4582	2	8560632.4	2225.46
1183.5859	1	2356425.4	2305.08
923.26399	1	308265.38	3274.59
923.26365	1	1424126.5	3336.05
706.48518	1	1797108.4	3104.48
626.46052	1	2186736.4	3035.61
816.40006	1	3171792.1	2698.65
545.39347	1	1566296.6	3114.09
574.33597	1	3700953.1	2197.31
1909.9555	2	2365269.4	2086.64
1272.6563	1	3051040.2	2158.28
2193.0968	2	2487432.4	2212.7
634.24033	1	2752166.5	2546.87
1480.7282	2	2390871.5	2307.28
1984.0367	2	2182908.3	2212.04
588.31532	1	3019128.8	2133.74
817.6145	1	1918874	3220.47
529.2792	1	3035517.7	2292.99
1916.0016	2	2242908.5	2877.63
1040.5262	1	1586029	2226.81
1040.5265	1	2690577.2	2262.77
1287.6681	1	2174977.1	2879.1
615.4563	1	2016632	2880.56
752.34764	1	2945323.4	2508.52
1326.681	1	3787021.6	2038.45
764.52728	1	1550244.7	3161.3
1840.9076	2	1617084.3	3010.78
527.40384	1	2034948.3	2793.34
535.15778	1	5276657.6	895.418
535.15765	1	2553858.3	1034.31
501.36698	1	1009658.8	3117.45
710.34216	1	2796283.3	2104.94
710.34185	1	1883165.8	2147.94
1465.6669	2	2956776.6	2097.75
596.31844	1	3434223.4	2197.64
624.46105	1	1657736.2	3335.15
505.20888	1	1520120.7	3336.92
605.34203	1	2600537.7	2133.41
550.34891	1	1136218.8	3114.09
1244.6279	1	1522143.2	2396
1244.6275	1	2353146.5	2432.54
686.4824	1	1128050.3	2585.58
686.48222	1	4097750.7	2640.19
1276.6292	2	2874324.3	2098.04
682.33526	1	4732117.4	2093.28
682.33227	1	3053693.4	2147.27
682.33232	1	4125189.6	2251.19
648.42208	1	1958191.5	2254.6
580.23144	1	2140407	2546.53
510.37719	1	1676678	2903.09
594.37488	1	942830.31	3109.57
988.47111	1	2150736.7	2157.61
1652.8293	1	1229838.2	2393.92
1652.8289	1	2269586.7	2432.54
1289.6828	1	2284551.4	2158.62
1458.5496	1	2651263.7	2097.75
518.32234	1	2089376.6	3050.9
518.32242	1	512876.87	3104.48
594.28942	1	2568873.3	2212.37
