2785.4293	3	7.1504418e+10	1646.81
1828.9723	2	4.3284951e+10	1472.43
2033.0705	2	2.5018857e+10	1506.02
2785.4316	2	1.7385139e+10	1646.05
2237.171	2	8109383900	1535.95
2424.2563	3	1.2929835e+10	1565.29
2074.0985	2	1.2870494e+10	1635.41
2598.3455	2	1.2812666e+10	1637.69
1572.8277	2	4855430500	1535.44
1354.7109	1	33378723	1488.82
1354.7116	1	5349087700	1535.69
2278.1991	2	5923827800	1650.35
2424.2558	2	8439767500	1562.22
2019.0553	2	984028370	1458.59
2019.0559	2	4510669900	1536.2
2757.3975	3	4006155400	1441.16
2757.3976	3	4438544800	1484.19
1817.9551	2	3370573000	1573.46
1858.9792	2	3265374200	1431.54
2492.2458	2	4083030900	1647.06
1589.8547	2	2344080000	1534.93
1572.8283	1	2508760000	1534.93
2802.4557	2	3345941200	1644.78
2802.4572	2	96482586	1690.54
1900.0085	2	4021852100	1562.48
2482.299	2	2064333400	1652.12
1354.712	1	1705969700	1659.72
2104.1094	2	3038727900	1582.92
1654.8792	2	2671838000	1402.07
1776.9299	2	1333092300	1657.43
2206.1408	2	3473799000	1564.27
2206.1408	2	1843252000	1644.02
1776.9286	1	828869560	1654.9
2843.4741	2	3710719100	1759.41
1361.6954	1	653312150	1403.65
1361.6976	1	2415934900	1472.17
1828.9712	1	1736740600	1472.43
2049.07	2	1833825900	1540.54
1640.8663	2	2127822600	1473.96
1640.8666	2	27413898	1519.11
1558.8129	1	1125362300	1658.95
2639.3753	3	1650519900	1751.59
1961.0136	2	2063665100	1566.82
1961.0131	2	2218434100	1645.54
1762.914	1	1728082200	1910.95
1762.9124	1	160720860	2030.52
1793.9557	2	682960720	1655.41
1850.9509	2	1967353000	1472.17
2669.3857	3	1504295500	1707.75
1825.9677	2	1057692300	1471.41
2788.4413	3	1347489600	1565.54
2022.0538	2	1249278200	1599.8
2185.1292	2	1725032700	1914.14
1773.9295	2	2596230200	1510.89
2394.2412	2	1650933500	1601.84
2380.2305	2	3202389100	1629.83
696.05142	1	875775180	1234.3
1558.813	1	1038104800	1791.08
1992.0451	2	183308850	1606.43
1992.0451	2	1137563200	1651.36
1992.0456	2	12430186	1687.68
2394.2465	3	1313475000	1601.07
2757.4	2	981712440	1477.02
2131.0716	2	2018712100	1566.31
3190.6323	3	1151416100	1737.03
3190.6309	3	1371753800	1809.3
2294.1965	2	1113920600	1653.38
2389.2279	2	754621870	2030.23
2771.448	3	1744906400	1204.34
2149.1182	2	2018797700	1576.52
2264.1809	2	564651090	1604.14
2264.182	2	1153713700	1649.34
2959.522	2	925177060	1731.04
2615.3712	2	1471750900	1631.1
2584.33	2	1412210600	1532.9
503.33094	1	698675280	1152.04
2179.1301	2	1397822900	1643.01
1787.945	2	871040160	1581.9
3030.5587	3	1201380300	1800.56
2050.0958	2	893812790	1507.04
547.35714	1	622796420	1155.16
1589.8547	1	788821490	1534.42
718.03321	1	687029020	1234.56
2223.1568	2	1208698300	1637.69
2976.5469	3	834533720	1731.56
1594.8094	1	682103380	1533.92
2254.1969	2	716863150	1535.69
2063.0812	2	1029692100	1459.63
1594.808	2	669490180	1534.42
2308.2079	2	818982850	1584.96
2482.2987	3	597579290	1652.12
2793.3957	3	2342960400	1569.63
3221.6661	3	1546194200	1851.63
2468.2836	2	1739031000	1754.45
2396.2237	2	1094867600	1438.82
2396.2261	2	858077470	1535.95
2931.4889	3	898872970	1538.76
3944.015	4	1005328300	1885.05
1975.0288	2	1037573000	1501.4
2441.2823	2	1280626600	1564.01
2220.1552	2	849497120	1534.68
2060.0814	2	965278620	1585.47
2060.0814	2	846666030	1648.07
824.41725	1	994455600	1645.79
3394.7309	3	919802410	1814.11
2055.0522	2	1035806600	1505.25
614.39631	1	586027570	1221.23
1558.8134	1	636095950	1908.83
1558.8125	1	120551270	2074.91
2135.1024	2	1812102100	1632.88
2135.1044	2	381088790	1729.21
2202.1503	2	743153500	1910.42
591.38333	1	471502370	1157.76
3047.5737	3	717996110	1735.99
3047.5747	3	1007689700	1870.36
2278.1975	3	490297870	1651.11
752.04116	1	437154820	1216.79
2788.4401	2	588579470	1565.54
2478.23	2	2188221500	1558.9
2468.2826	2	1461724500	1626.79
1583.8425	2	779176860	1434.41
2829.4554	2	765641740	1639.72
1762.9128	1	380284030	1793.72
2382.2295	2	370240220	1719.79
1569.8271	1	666213550	1471.66
2615.3733	3	1236460500	1625.77
1104.5552	1	264823820	1878.12
3017.562	3	1023048600	1850.52
2584.3318	2	741627240	1725.55
3234.6538	3	295721510	1649.59
3234.6588	3	627818590	1741.18
649.32875	1	1748085400	1320.05
1565.7958	1	324575250	1433.12
1565.7976	1	857349300	1505.76
1544.7982	1	516058100	1910.69
1544.7974	1	125099160	2031.08
1803.941	2	394335030	1599.03
2639.372	2	521807080	1749.25
2220.1555	3	574071900	1534.93
1793.9563	1	317556000	1657.94
635.40929	1	337513040	1160.35
2873.4817	3	680389200	1643.01
1998.0559	2	376098880	1792.39
2655.3648	3	124280560	1711.69
1834.9823	2	366483880	1572.69
2620.3278	3	1032035000	1624.25
3220.6445	3	477253380	1745.86
3220.6499	3	273795080	1821.63
1016.5153	1	190441910	1120.79
850.44139	1	607313840	1283.51
1967.0142	2	352289850	1908.29
1099.6005	1	233686260	1877.82
1798.9101	2	148119500	1655.66
1967.0125	1	379648150	2031.08
1279.6436	1	346835710	1534.93
1845.9977	1	426764020	1471.41
3204.6487	2	685799050	1851.08
2446.2369	3	822844410	1565.03
1054.5416	1	619627790	1407.59
2945.5078	2	392338870	1644.02
1569.8284	2	494685110	1470.38
2815.4379	3	436151080	1600.06
2815.4363	3	237811540	1645.03
2815.4443	3	114068240	1708.8
2620.3293	2	944487620	1630.09
2819.4797	3	241482170	1647.31
2019.0888	2	355406420	1138.02
554.32752	1	172824790	1189.06
2465.2844	3	253164120	1659.21
2465.2855	3	310216540	1703.58
2669.3826	2	292626970	1707.49
2383.2314	3	473576490	1717.97
1850.9511	1	371232470	1470.38
2165.1143	2	464274470	1716.65
2774.4234	2	236955220	1445.33
2774.4275	2	277691800	1475.74
3786.9492	4	363289840	1815.47
578.28539	1	67729805	3071.67
856.44228	1	218543730	1247.19
856.44217	1	341947980	1286.94
856.44284	1	628044680	1327.58
895.50498	1	330522800	1670.44
867.46776	1	419619160	1284.31
2446.2386	2	627599990	1563.76
506.23409	1	419685210	1315.74
2779.4248	3	493222780	1676.33
2259.153	2	326325960	1535.2
1599.8397	2	382943410	1576.01
679.43567	1	216810050	1162.68
3016.5451	3	216719460	1730.52
3016.5543	3	192445610	1822.98
2441.2825	3	560369030	1564.78
1071.5686	1	321129020	1409.95
696.35508	1	347425100	1403.91
1613.8531	2	184373410	1395.99
1613.8554	2	404611290	1500.89
900.45827	1	309791800	1670.96
1967.0133	1	404795870	1911.76
2192.1229	2	295236380	1444.03
2192.1239	2	260206400	1484.45
2223.1546	2	164005580	1359.58
2223.1556	2	91333849	1419.32
2223.1555	2	386617020	1501.66
2655.3701	2	707979020	1760.19
2860.4964	2	79121513	1771.16
2406.2552	2	190259920	2030.23
2962.5302	3	186142510	1604.9
2981.5032	3	341972250	1731.82
1946.9958	2	293227310	1441.94
1946.9979	2	219955130	1480.34
1946.9984	2	278527880	1536.71
1772.9424	2	210678340	1126.43
548.24451	1	212765990	1187.52
508.28614	1	186393260	1151.78
506.23405	1	225510980	1419.58
2771.4457	2	524939350	1207.45
1798.9126	1	176515120	1660.74
1275.6698	1	84249014	1536.97
1275.67	1	173565870	1560.18
894.45573	1	676470530	1258.71
2625.3565	2	584711980	1759.15
1217.6155	2	393924330	1380.92
2308.2088	3	191495250	1585.22
675.36774	1	248046450	1185.71
675.36797	1	127701300	1229.31
2465.281	2	142917960	1656.17
2465.2825	2	137998220	1704.88
530.3306	1	173434000	1154.38
1748.8969	1	211867210	2031.35
2464.2132	2	264735100	1443.24
2464.2145	2	297143490	1484.45
2049.0634	2	80319534	1303.38
2049.0641	2	222600110	1442.47
2104.1085	3	277245260	1585.47
2149.1191	3	417008180	1582.15
1839.9358	2	232900810	1572.69
1258.6434	1	95637910	1536.71
1258.6439	1	152644910	1559.67
2033.071	3	318036750	1508.84
1565.7978	2	334304740	1508.33
552.31254	1	155618920	1155.16
2366.2132	2	419939600	1528.32
2366.2128	2	288424610	1593.66
2039.0811	2	161329820	1598.52
1361.6961	2	258221910	1472.68
1961.0114	2	585448090	1387.01
2931.4895	2	213854210	1537.73
2063.0821	2	171529940	1740.14
748.04409	1	185236460	1237.71
2601.3576	2	353053720	1532.9
3204.6485	4	404171310	1854.42
1340.6965	1	173635000	1907.76
726.06206	1	140647940	1237.19
546.32501	1	108043340	1110.91
1303.701	1	103234510	2089.37
723.46187	1	160007010	1165
1770.9347	2	331817610	1415.69
1354.7117	1	131287190	1778.23
645.26451	1	452490710	2361.93
645.26454	1	314239300	2777.76
502.299	1	108298690	1108.56
1809.3567	2	157716090	1471.66
2729.3672	3	352450980	1338.62
2769.4022	3	113581150	1601.07
1666.8442	2	285774260	1525.51
696.35582	1	180174260	1478.81
2294.1928	2	269624110	1557.12
1755.8827	2	411313260	1561.46
1848.9248	2	202323650	1471.66
574.35664	1	132498510	1157.5
1076.5175	1	194093150	1410.47
4032.0575	3	297547390	1939.94
607.37816	1	48879629	1120.54
1880.9615	2	167915310	1431.81
1308.6552	1	90094753	2089.09
2655.3675	2	266786070	1576.78
1866.9168	2	189760280	1471.66
4032.0633	4	279491910	1945.2
1280.627	1	154121610	1559.42
3567.8004	4	202485040	1596.47
1409.7521	2	232088280	1367.09
1409.7527	2	43647261	1422.7
651.40363	1	46628271	1120.79
746.06484	1	13773499	1325.7
746.06518	1	140974300	1363.07
1926.9723	2	264079240	1534.68
1926.9733	2	118282810	1599.03
641.3263	1	75812744	1120.03
1773.9271	1	181624370	1535.69
2989.5293	3	145440710	1745.34
563.35211	1	42033468	1120.03
596.3388	1	117598660	1158.27
2427.2622	2	53504722	1389.38
2427.2641	2	137844780	1445.08
2743.4122	3	364710200	1175.11
1061.5307	1	167466450	1534.17
2188.1396	2	111254230	2029.96
2067.1235	2	175348180	1507.04
2096.0787	2	243362350	1627.81
3133.611	3	187589500	1793.2
3133.6121	3	142685600	1865.6
2584.3615	3	335803180	1191.13
2584.3614	3	35948434	1257.92
1984.0394	2	139097110	1908.29
750.02304	1	90515050	1185.19
1524.7711	1	133142130	1573.46
1544.6163	2	81980144	1095.08
1082.5739	1	74077735	1878.92
1676.8612	2	207453580	1402.33
2005.038	2	95072433	1270.84
2005.0393	2	150894850	1342.93
2005.0388	2	68527950	1414.91
2005.0403	2	150281080	1490.88
1395.7367	1	132992690	1400.49
1395.7359	1	162024780	1428.43
2570.3109	3	142823700	1381.45
2570.3117	3	152247450	1444.55
695.42784	1	35893093	1120.79
728.04135	1	77255106	1185.71
1699.8912	2	158250680	1498.06
590.3514	1	112331820	1113.52
618.38277	1	103128770	1160.09
1876.0049	2	117275410	1431.81
2873.4822	3	133657380	1802.68
711.43224	1	132297550	1131.57
1565.7963	2	127786030	1432.34
1347.68	1	156898700	1502.94
2771.4173	2	175412780	1735.73
2206.1349	2	253874400	1421.93
581.41537	1	65844039	1120.54
778.05447	1	118750750	1239.03
2744.3009	3	164365370	1471.15
548.24494	1	24505611	1289.59
548.24501	1	98802756	1350.44
548.24494	1	109069990	1447.95
1872.9326	2	164440600	1472.17
1615.6552	2	84066648	1089.69
1459.5504	2	48260876	1121.31
691.40078	1	119593250	1476.77
1827.5565	1	92398929	1471.92
1830.3891	1	94222341	1471.66
1787.9467	2	216388470	1468.34
2815.4366	2	159383140	1600.56
680.32303	1	122010090	1184.42
680.32321	1	129602550	1232.46
680.32327	1	47635176	1368.69
1558.8129	1	101631960	1571.67
1558.8126	1	110070540	1592.64
2003.0145	2	48633274	1792.39
1361.6944	2	168923240	1401.54
1800.9343	2	37716529	1250.06
1800.9389	2	192467270	1313.86
1800.9387	2	71965619	1378.26
1800.9398	2	149484810	1458.08
2046.0613	2	97831839	1599.29
543.28958	1	83578899	1445.6
1599.8382	2	131271040	1429.98
2396.2218	3	322438430	1326.24
2396.2235	3	267199950	1402.07
1817.9549	1	129339200	1571.93
2121.085	2	105547410	1517.82
1102.5541	1	169869060	1471.15
1606.8968	2	71230984	1535.44
2570.3118	2	67963449	1381.18
2570.3134	2	79966438	1445.86
2570.3151	2	102620480	1524.49
2570.3148	2	116934210	1597.75
1551.7815	1	134123450	1536.2
2593.3298	2	92568873	2324.32
2451.2702	2	125969220	1753.93
1967.0132	2	88874422	2030.52
1967.0129	2	35815125	2075.26
2410.2737	3	172251580	1165.78
2228.1217	2	207762740	1568.1
2380.2242	2	133467600	1489.59
2584.3598	2	179092960	1186.48
1371.738	1	113206960	1534.68
640.36491	1	82098292	1160.86
634.37679	1	71631912	1116.91
767.48875	1	79937376	1167.85
519.32513	1	32863522	1108.82
519.32544	1	30297951	1119.77
510.31705	1	52686314	1120.03
3612.8613	4	92566722	1747.69
668.32298	1	87584115	1193.46
3568.8277	3	154122190	1880.03
3568.8244	3	40783134	1992.26
739.4575	1	30940257	1121.31
2788.4658	2	102399970	1211.6
1762.9118	2	86120251	1908.29
2793.4283	3	106231360	1202.79
879.46844	1	88780003	1203.56
2737.3715	2	232254680	1845.01
2389.2254	2	3076029.1	2144.13
2389.2285	2	101701340	2204.9
1016.5144	2	53189295	1120.03
810.40035	1	120114270	1436.75
1340.6957	1	129368260	1594.94
1826.1472	1	67832500	1471.92
853.45395	1	88738816	1410.73
511.29939	1	80329704	1186.74
2353.2196	2	111333480	1716.4
1324.6992	1	160428130	1436.75
796.54359	1	63939409	1123.61
1347.6789	1	31221673	1342.39
1347.6792	1	122949570	1430.76
1641.6997	2	80883540	1472.68
2237.1706	2	61870607	1832.15
1769.8973	1	132897530	1535.44
1662.8439	2	127665530	1476.26
1626.8493	2	35482600	1345.07
1626.8489	2	29867219	1377.73
1626.8486	2	128937510	1425.3
1572.6472	2	63333422	1097.75
653.37479	1	59355162	1127.46
824.41637	1	124346690	1381.18
1310.6852	1	69826713	1469.62
1310.6858	1	116695730	1510.12
517.31026	1	60630798	1166.04
1116.5681	1	124338560	1368.16
1116.5685	1	135506130	1435.45
2453.2683	2	190348750	1747.42
662.40912	1	65984782	1162.68
836.42382	1	82621346	1410.47
1340.6949	1	113142790	1424.26
1340.6954	1	80370214	1478.81
646.34141	1	102090130	1284.31
1642.5744	2	66041468	1472.43
2757.4212	2	163285600	1174.07
1748.8978	1	93621344	1909.89
526.27876	1	49385318	1191.13
850.44158	1	85000506	1409.16
678.40365	1	45068690	1119.77
1975.0289	3	56899697	1512.95
1640.8677	2	145171410	1564.78
636.3476	1	151178070	1200.2
1459.5503	1	32814771	1122.33
878.47477	1	47840765	1878.67
1320.6708	1	109951170	1500.89
1836.933	2	23442739	1341.58
1836.9304	2	14641284	1379.59
1836.9347	2	123028500	1428.43
777.57313	1	85576100	1211.6
668.48506	1	41971486	1120.28
2606.311	3	115700310	1519.62
1551.7814	2	104829030	1543.84
849.53651	1	88620757	1190.1
658.32918	1	86630870	1197.34
2223.1885	2	70782796	1147.09
1681.8441	2	122136700	1507.04
1320.6713	1	85243679	1583.17
2945.5359	3	82041559	1222
2945.5342	3	94591726	1252.67
663.36813	1	64013413	1193.72
642.42874	1	72953899	1491.91
1237.4905	1	52520502	1147.35
1085.5856	1	52060970	2089.69
555.39958	1	39345016	1121.56
2206.1377	3	70135560	1379.06
2206.1383	3	147587630	1420.1
1340.6962	1	49072274	1792.92
1640.9004	2	48447080	1123.61
724.51912	1	84346939	1183.38
1150.6103	1	82526324	1366.02
1150.61	1	83077377	1392.55
1109.6203	1	42002251	1124.38
2714.3972	3	84810571	1800.29
756.0729	1	54573621	1238.76
746.02825	1	36309135	1228.79
684.39126	1	53959909	1163.45
533.2813	1	51363680	1186.74
543.2896	1	54060664	1187
1992.0554	2	103126780	1501.66
1586.6626	2	49192623	1099.61
905.51764	1	32185223	1115.86
2080.1081	2	80983299	1456.52
2380.2292	3	80414748	1489.07
1237.4891	2	43736713	1147.09
1340.731	1	75935138	1139.05
2264.2138	2	107790440	1191.91
636.37982	1	50760386	1222.53
1217.6159	1	144469200	1383.83
1286.6718	1	812444.82	2048.12
1286.673	1	45632273	2089.37
878.47641	1	75929069	1669.68
858.45985	1	85698895	1213.93
725.50587	1	53239478	1127.46
1795.9094	2	85755741	1510.37
2052.5213	2	59307721	1472.68
608.31709	1	44012219	1128.74
774.02331	1	48956300	1217.57
1068.5577	1	53030112	2297.87
2432.2199	2	36827539	1444.55
2945.5075	2	65111208	1818.69
2053.7125	2	57306782	1472.68
2202.1551	2	46162732	2074.63
1399.663	2	34168626	1092.13
1232.734	2	73307583	1251.89
1558.6314	2	43472403	1097.75
561.33641	1	47844089	1169.66
2051.3197	2	53830351	1472.68
1276.7611	2	66085448	1252.94
2035.0485	2	59340326	1310.63
2035.0518	2	93496788	1381.45
2035.0507	2	73474327	1410.99
1654.8807	1	72507475	1399.96
1803.9748	2	96980955	1143.19
1324.5212	2	38613099	1131.05
2406.2552	2	44646960	2204.59
818.46891	1	20806062	3013.75
2008.0411	2	61353794	1715.87
1320.7869	2	54942295	1254.51
631.2491	1	59305616	2199.31
631.24936	1	22370787	2454.99
631.24897	1	48085350	2513.28
631.24899	1	69204643	2549.62
631.24892	1	43531143	2602.62
2542.3129	3	35924572	1139.83
2542.3153	3	79574647	1172.25
543.28975	1	58166721	1349.37
522.26526	1	33699131	1292.23
1836.9711	2	50371855	1130.54
1030.6127	2	37068227	1124.89
1779.9733	2	78794770	1174.84
1085.585	1	34886150	2298.2
1188.708	2	64502447	1250.32
1144.682	2	13386987	1219.66
1144.682	2	63625237	1249.28
811.51445	1	48409279	1171.22
2280.1775	2	41998422	1433.12
726.41557	1	45050625	1205.12
726.41492	1	39316258	1226.44
1843.9944	2	44876890	1138.02
1324.5209	1	35096529	1131.57
808.06565	1	44534713	1240.08
808.06533	1	16829153	1271.89
808.0659	1	19491055	1305.25
1836.9365	2	77994221	1501.91
706.43545	1	37065194	1165.27
2392.24	2	36031619	2324.32
737.50674	1	44657902	1117.69
1364.8139	2	57673423	1256.08
1858.9799	1	47532272	1431.81
810.56039	1	36813414	1125.66
1233.6473	2	52677949	1420.1
2196.1464	2	45672086	1676.33
1082.5741	1	31319520	2089.69
667.39037	1	38496097	1140.86
1306.6531	2	51668538	1431.02
2610.3553	2	29125151	2324.32
1626.8822	2	37511736	1128.48
813.51353	1	17976799	3014.11
3047.5728	2	49871554	1870.06
633.29726	1	45597684	1227.74
633.29736	1	47813327	1251.89
728.41731	1	35986965	1166.3
547.276	1	29731225	1097.48
1251.5057	1	16398271	1165
1251.5039	1	33427004	1189.06
558.3157	1	35933355	2572.07
1238.4748	1	32887021	1174.33
622.33308	1	32524307	1143.19
1068.5554	1	41508158	2088.79
853.45347	1	37570676	1210.05
2219.1821	2	34418806	1909.36
1599.8394	1	50615506	1455.22
574.30806	1	36354167	1177.18
1629.6682	2	28634270	1093.48
1551.7812	1	53375767	1459.63
864.45797	1	41635296	2298.2
1118.6659	2	25638831	1126.43
1544.8311	1	103256760	1181.06
2468.2807	3	43825130	1432.6
1388.5136	1	26600367	1140.09
1408.8402	2	43927254	1257.66
1501.5986	2	21026661	1121.56
543.36332	1	24770507	1094.82
891.5077	1	15687839	1125.41
891.50638	1	32693231	1143.19
1558.8426	2	40258250	1137.76
3042.4865	3	68002123	2572.4
594.28992	1	40080542	1907.5
572.33082	1	42464611	1176.66
1388.5138	2	25347071	1139.57
723.48938	1	35133468	1111.69
569.37768	1	29616701	1103.31
1769.897	1	46011992	1458.85
1076.5767	1	50743803	1371.09
627.34711	1	106597790	1345.34
1100.6552	2	50226251	1247.19
998.50445	1	18171267	1121.05
503.27128	1	67247997	1173.55
1320.6687	1	41837771	1394.67
2802.4484	3	68882496	1958.02
605.36254	1	47462232	1173.55
879.47011	1	44505894	1414.39
691.40003	1	57255674	1402.86
1728.9211	2	28873358	2497.28
1074.6403	2	26628019	1125.66
1259.4711	1	23386648	1147.61
858.40326	1	43755534	1410.47
1191.5706	2	25536103	1101.46
881.48814	1	25566215	1878.37
1584.9451	3	44795762	1266.35
549.62157	1	12749551	3147.94
549.62159	1	1748740.7	3337.19
710.33546	1	21513138	1284.57
710.33446	1	44530158	1337.01
710.33413	1	18293706	1381.45
646.34095	1	43267951	1193.2
884.42283	1	42759433	1279.82
2601.3829	2	62786401	1183.12
1338.5373	2	23012374	1141.12
2224.1356	2	30758614	1909.36
603.36412	1	21980767	1107.77
603.3613	1	21212028	1126.17
701.42031	1	22992464	1105.67
2188.1388	2	31777805	2204.9
1229.702	2	19977934	1106.46
1540.9178	3	44079709	1266.08
715.39944	1	40716741	1270.04
740.01553	1	28647065	1233.51
1583.8415	1	51827634	1439.08
2171.1137	2	29770798	2324.32
895.61193	1	35364456	1206.42
2085.0595	2	34010279	1458.08
1251.6144	2	22074719	1075.32
1984.0384	2	23077223	2030.23
1984.0383	2	13412658	2074.63
881.48617	1	21897973	2089.96
1068.5572	1	28508874	2497.28
1056.6296	2	49394695	1247.71
1886.0242	2	7579334.1	1120.28
1886.0268	2	52322925	1155.68
2396.2527	3	33287503	1136.98
2396.2554	3	34687289	1176.4
1558.8475	1	32236951	1141.38
724.08348	1	19738416	1325.7
724.08336	1	25650569	1362
1748.8962	1	34455324	2204.9
2264.1788	2	74046857	1419.84
1952.9979	1	27714904	2030.23
2165.1465	2	61953529	1182.09
1773.9279	2	38404093	1316.28
1293.7866	2	6336723.7	1226.7
1293.787	2	22173322	1250.84
921.63219	1	9647213.7	1119.52
2041.0709	2	26252041	1139.57
1507.8019	1	22156794	2297.87
1031.6461	2	21803966	1182.86
520.24957	1	20334486	1298.32
828.45139	1	29328292	1246.4
772.44431	1	22811794	1169.4
1759.9416	2	39624336	1132.34
840.56989	1	36627588	1129.51
2048.0899	2	23092735	1141.38
2919.4877	3	18051603	1381.18
1330.6371	2	22832389	2089.69
521.58972	1	596287.69	3046.36
521.59034	1	8889138.1	3113.15
521.59055	1	4434200.7	3339.18
855.54133	1	35554989	1174.33
1337.8137	2	20315783	1251.63
1628.9686	3	39550867	1269.25
1569.8265	2	12264168	1286.42
1569.8272	2	22505338	1334.86
1569.8267	2	40722193	1388.33
1325.6879	2	19710377	2089.69
1014.6183	2	24646311	1182.86
1014.6191	2	6924937	1200.71
946.51211	1	23372983	1321.12
946.51167	1	41150396	1366.02
946.51132	1	37720226	1425.3
1205.735	2	9111192.5	1224.09
1205.7356	2	23489196	1248.49
1185.5901	2	18545227	1335.13
1185.5899	2	76539881	1409.16
1393.7215	2	37580047	1372.15
1524.8271	2	22049482	2298.2
1249.7607	2	7301250.4	1224.35
1249.7613	2	23936063	1249.8
1952.9984	1	25172851	2324.32
1087.5524	1	38092883	1367.62
872.53699	1	11697648	1120.28
791.92071	1	42042559	1379.86
1575.8382	2	33381019	1422.44
2090.1314	2	25519847	1164.75
536.24124	1	8417108.7	2456.76
536.24145	1	36243488	2548.28
536.24105	1	11800295	2630.07
1479.6263	2	16303191	1094.82
1347.7124	2	21108405	1129.25
1157.7438	2	17507131	1091.59
864.46084	1	27265658	1413.87
1978.0388	2	33481895	1387.01
583.39382	1	17265491	1109.08
1238.4767	2	20807810	1174.59
1786.9218	2	38455075	1291.17
1786.9225	2	18984403	1340.77
1748.8974	1	24098018	2324.32
1305.6617	2	50981876	1372.95
1814.9886	1	17869511	1130.79
1083.5691	1	25401519	1221.48
1289.6848	1	20168680	2497.95
1289.6847	1	554642.82	2542.66
537.35308	1	19216920	1100.41
2193.0949	2	18185080	2029.96
1991.0224	2	37113733	1318.16
1991.0218	2	40193198	1366.29
541.41922	1	25461971	3039.4
1057.5506	1	20806224	1298.32
548.20543	1	40094531	2707.65
548.20571	1	5849873	2876.12
1251.5042	2	18107049	1164.75
1251.5038	2	28594091	1190.87
998.50668	1	26130231	2046.91
1762.9494	2	39741975	1172.25
819.59515	1	14873152	1109.08
1075.6723	2	20697576	1185.45
1497.8944	3	24105862	1263.71
1338.5382	1	16303786	1141.12
1600.6776	2	15467307	1102.78
506.30704	1	11471823	3044.9
628.41151	1	24918130	1256.08
661.31072	1	22011655	2708.35
1575.8721	2	25482068	1136.98
1473.5656	2	20532071	1123.61
1289.685	1	15499447	2298.52
2945.5349	2	29690953	1232.46
1963.0013	2	28167038	1173.03
1477.7434	2	26168504	1419.58
1381.84	2	15776659	1252.67
2294.1896	2	25128554	1378.8
1004.6464	2	22606548	1181.06
1191.7825	2	14907345	1101.46
1984.0765	2	16298782	1204.34
1430.5603	2	20816388	1164.49
1409.7531	1	20150868	1364.41
1244.6263	1	7307885.6	2043.92
1244.6266	1	14611828	2079.16
1512.7559	1	15342576	2297.87
1119.6984	2	25230746	1188.03
735.56273	1	29037465	1167.07
2209.1359	2	6167452.3	1253.2
2209.1376	2	32572542	1292.23
2103.0383	2	75907632	1324.36
1379.7412	2	36056269	1358.78
1748.9313	1	21743270	1251.63
1748.9307	1	13449937	1285.89
1672.9957	3	24515971	1272.95
1779.0047	3	13534945	1088.6
865.45997	1	19909313	1220.18
865.45867	1	9159987.4	1253.2
1085.5728	1	29851745	1295.93
1012.6023	2	40993339	1242.45
675.36831	1	32441188	1367.62
666.30726	1	27135823	1274.54
1529.7911	2	18491124	2298.2
1161.7087	2	17553064	1247.98
531.37727	1	9998077.9	3005.19
531.37718	1	1361806.1	3037.28
1239.5972	2	24237992	1380.92
878.95702	1	64903074	1327.58
1496.8932	2	20496651	1261.34
1555.8449	2	21770352	1131.31
617.32079	1	34546693	2547.27
1756.9162	2	14431677	1373.22
1416.5448	2	18661154	1152.56
1671.8513	3	12112125	1093.48
1425.8658	2	16288667	1252.67
1254.5163	1	18869403	1147.87
1260.4549	1	21684690	1174.07
2240.1917	2	24735837	1358.24
930.47978	1	15898420	1371.89
501.27903	1	22851690	1313.86
581.30626	1	46320728	1332.7
1134.5799	1	30546694	1372.68
1158.6559	2	25325734	1269.51
2413.2464	2	19263893	1299.38
2223.1548	2	17560717	1976.37
1219.5994	2	12221322	1087.79
1779.9367	2	16212982	1907.22
2310.2828	3	10348518	1094.82
1070.6066	2	27387005	1264.24
1090.5404	1	11665180	2090.29
2115.0518	2	21258384	1274.01
1967.0126	2	17353207	2204.28
1692.8262	2	21175460	1402.07
776.0759	1	22965826	1363.87
644.3721	1	32260605	1330
1506.6955	2	9508317.6	1080.16
1667.827	2	23932459	1387.28
659.27972	1	42411468	2981.53
693.44324	1	10099237	1072.1
1313.7166	1	24068710	1146.05
2090.0871	2	14001688	1375.08
878.4744	1	11642442	2089.37
2450.197	2	22699454	1385.42
1475.7741	2	10959969	2298.2
1671.718	2	9650951.4	1095.62
1507.7999	2	9655815.7	2298.2
676.45272	1	8943302.4	2986.22
1698.8428	2	23552878	1401.01
1569.8265	1	15777748	1342.65
2382.2107	3	23833730	1270.04
2382.214	3	16020251	1324.89
2382.2102	3	19446453	1375.88
518.13139	1	27006152	895.468
518.13133	1	15707607	1006.45
1326.6793	1	17662120	1345.34
1203.6011	2	22161297	1258.97
1711.9013	2	9438446	2497.28
526.33595	1	18629591	1312.52
823.5848	1	7618215.3	3057.19
539.36867	1	17069922	1097.48
585.44523	1	18220250	3026.85
1046.5081	2	10001464	1069.95
1982.9924	2	32397797	1382.51
2664.2839	3	26091095	2409.83
519.33299	1	11325488	2615.21
1761.046	3	18337351	1275.33
641.45018	1	13536982	1093.21
1203.6001	1	11503430	1247.19
1530.7825	1	11475437	2030.23
1114.6309	2	29261930	1266.08
1026.5801	2	21452746	1262.13
831.44826	1	32125792	1381.71
838.07627	1	16898658	1307.67
2188.1412	2	10896946	2324.32
548.31689	1	19477967	1311.17
1085.585	1	9178386.4	2496.95
1151.7926	2	10012736	1096.95
1840.9853	3	9330792.5	1083.69
870.51104	1	7481852.1	2986.22
3163.6181	3	34985936	2214.59
629.32416	1	15415615	1331.62
2543.334	4	11251714	1088.06
697.13416	1	10840388	2164.9
1786.9632	3	7897917.3	1088.88
597.30126	1	34474470	1331.62
1174.6973	2	24354505	1264.77
1209.636	2	9635309.6	1070.22
575.40359	1	7286551.8	2998.41
575.40327	1	1418066.1	3031.65
1262.7474	2	17465028	1265.29
1246.7123	2	19023395	1274.27
612.3002	1	9799351.6	2089.37
1306.7694	2	16655351	1266.88
1534.7365	2	12332705	2297.87
570.36174	1	14904206	1317.89
2137.1189	2	7906765.3	2865.84
612.30007	1	10642076	2297.87
1643.7847	2	7602121	1091.59
1544.7978	1	11720079	2323.98
1225.5383	2	8252182.5	1070.49
1733.8926	2	9501094	2496.95
580.29802	1	9941251.2	2572.07
1116.5712	2	18919470	1364.14
689.34889	1	10331122	1271.1
1068.5563	1	11085454	2684.28
1520.7162	2	7476614.3	1089.15
1090.5398	1	7465272.7	2298.2
558.31589	1	8964648.5	2432.1
580.23149	1	18766324	2708.69
580.23159	1	4451302.2	2878.34
1557.9436	3	12730430	1263.97
1540.9198	2	20128370	1264.24
1431.7346	2	15930543	1367.62
1616.8424	3	7076290	1075.32
1271.6743	2	6827818.3	2089.69
1933.0292	2	8364009.6	2685.3
670.25549	1	5910332	2875.42
1513.9187	3	10505017	1261.87
1393.6737	2	6946736.5	1076.39
2341.2267	2	7101061.6	2994.81
1643.6669	2	8904256.3	1094.28
643.48731	1	11221964	3033.52
1340.6957	1	11066167	2204.59
1751.9495	3	6499267.9	1080.7
1679.8745	2	7141547.7	2496.95
1558.815	2	15594919	1374.55
1290.7317	2	15271779	1277.44
610.35854	1	8532188.7	2705.93
666.26629	1	9239706.9	2708
1916.0023	2	5548550.9	2685.3
629.47167	1	11949768	3014.81
1271.6643	2	5088406.5	1072.63
1271.664	2	5867389	1087.26
881.48485	1	5593137.3	2298.2
1369.7264	2	5681861	1075.85
633.24731	1	4136970.7	2447.56
633.24729	1	13009084	2547.94
633.24714	1	7069550.4	2603.27
1023.512	1	6917680.5	2076.48
1490.7752	1	8271819.2	2298.2
886.44021	1	6998310.1	2089.69
704.40962	1	1691319.9	3039.75
704.40981	1	2321079.9	3073.83
3370.5462	4	5593053.1	1068.6
659.28006	1	15657557	2543.31
659.27965	1	12855869	2618.19
1305.6631	1	13015504	1372.15
594.24693	1	14709108	2628.73
523.36434	1	2971563.3	3182.08
2101.9854	3	5261473.8	1069.68
841.42566	1	9149213.3	3029.8
1303.7001	2	5837433.2	2089.37
612.29969	1	6400532.8	2496.61
1289.6833	1	5543121.1	2684.96
1840.9084	2	1235499.8	2916.58
1840.9077	2	5856498.9	3010.91
1840.9063	2	767201.48	3065.75
504.21536	1	12179423	2550.98
1877.9291	1	9167153.8	2030.79
619.43003	1	4048789.7	2991.58
619.42988	1	1269014.1	3026.12
529.27936	1	6477588.3	2288.64
622.27617	1	6511369.2	2544.29
518.13246	1	11561342	2301.77
518.13227	1	9625686.3	2529.28
518.13217	1	18070005	2643.4
1241.6276	1	5729480.7	2541.36
673.4982	1	7613221	3003.42
673.49895	1	1432460.6	3055.04
890.35838	1	15487715	2571.41
1633.8318	1	6447312.4	2040.38
1013.6534	2	4947795.1	2535.52
1272.6593	1	5781578.7	2297.87
1448.7274	1	3548706.1	2218.41
1448.7268	1	6321927.4	2253.37
1286.6741	1	5117327.1	2298.2
1512.7459	2	3515221.8	2298.2
2120.102	2	4153720.7	2865.84
1476.76	1	5961369.8	2684.96
617.32091	1	5334978.1	2456.4
511.37224	1	3105225.4	3020.61
511.37315	1	1699334.3	3059.69
634.24117	1	6731697.3	2541.36
1984.0359	2	5691409.4	2204.59
1493.7862	1	4317900.4	2685.3
3025.4619	2	15898536	2569.13
1877.9293	1	5703182.1	2324.32
675.32654	1	9788032.7	2627.74
1244.6264	1	3440609	2219.06
1244.6263	1	5301744.9	2253.37
580.23132	1	4147655.3	2540.71
518.32213	1	4743321.6	3052.54
502.10015	1	9820859.5	896.217
1308.6487	2	3923185.9	2089.69
1738.8371	2	4559847.2	2496.95
2627.382	3	3626984.4	2324.32
594.28954	1	5457813.4	2204.59
2000.9795	2	1857561.9	3010.19
2000.9809	2	3212114.8	3050.05
885.41421	1	3593117	3055.76
1937.9869	2	4221829.5	2684.96
1711.9018	1	3662166.1	2496.95
617.23319	1	5480311.7	2351.34
617.23314	1	3216677	2423.53
658.35892	1	4445932.7	2288.64
548.24725	1	4264556.7	2297.87
516.17907	1	3982526.9	2709.04
1952.9969	1	4610209.7	2204.9
1493.7868	1	2541499.3	2865.49
1870.9147	2	2329162.3	3011.27
2476.1819	2	10239518	2407.69
1716.8461	2	2873280.9	2496.95
646.33365	1	3708682.3	2252.71
646.33391	1	8012603.6	2638.38
575.3426	1	3860047	2572.07
816.40041	1	3847101.2	2297.87
2324.2012	2	2481005.4	2993.37
562.3484	1	3023516.8	3043.41
816.4003	1	3886911.8	2496.95
1680.8346	2	4331793.6	2906.76
1680.8355	2	2032418.8	2977.21
1680.8327	2	2736767.8	3044.15
502.34861	1	5033792.9	3053.26
864.45818	1	3610944.1	2684.62
527.40403	1	2823055.8	2896.27
643.2491	1	3237909.7	2175.26
701.52951	1	1855960.6	3101.84
592.15024	1	7174603.3	893.962
562.22043	1	2970318.4	2540.71
1898.9032	2	2310117.6	3017.36
524.39264	1	3843842.7	3037.98
633.44552	1	1132389.3	3104.39
1738.8396	2	3767381.5	2944.1
1493.7856	1	2436593.3	2496.95
1183.586	1	2511997.5	2298.52
1294.6388	1	2608466.2	2496.61
566.24998	1	4181181.3	2743.14
566.25135	1	1609178.4	2801.69
2558.1859	2	10276394	2570.11
2545.3244	2	2013097.8	3045.26
2490.199	3	7605042.3	2231.09
592.23095	1	1997548.6	2485.63
592.23119	1	6800953.7	2531.61
568.41891	1	3476206.5	3025.38
1289.6854	1	1727473.4	2865.84
612.25808	1	2396497.3	2445.42
752.34792	1	2757294.6	2297.87
2664.287	2	6669574.6	2409.48
706.48455	1	1300252.7	3102.46
696.29304	1	4016523.7	3030.16
577.29824	1	2545676.9	2365.91
1090.5396	1	2059697	2496.95
612.29956	1	2749217.3	2684.96
594.2899	1	3121086	2324.32
2346.181	2	1846151.7	2993.37
1716.8565	1	2031139.9	2496.95
562.22047	1	4390316.5	2622.14
562.22083	1	5418400.7	2676.47
534.22532	1	3025178.3	2634.39
571.43055	1	2015915.8	2884.17
580.2313	1	2186630.3	2234.37
580.23127	1	2484018.5	2255.99
580.23156	1	2087671.2	2445.76
890.36085	1	6271506.5	2405.18
1967.0139	2	2487926.1	2323.98
2610.3587	3	2107174.9	2323.32
824.41712	1	4856757.5	2400.15
824.41704	1	5994939.2	2570.43
1082.5737	1	2489457.1	2297.87
629.28512	1	923384.99	2859.51
629.28502	1	1881485.6	2881.64
568.26763	1	4323779	2555.32
629.28506	1	2267912.2	2754.19
629.28509	1	1247561.6	2783.45
759.57219	1	1419525.7	3159.67
555.43233	1	2508717.2	3026.12
589.41924	1	1167210.8	3108.95
2851.373	2	6502275.2	2400.15
2819.4825	3	3787697.6	2953.68
535.15778	1	4748103.6	887.949
535.15767	1	2091724.5	1024.15
660.35204	1	3376414.9	2859.12
660.35062	1	2618374.9	2912.74
568.23062	1	1472964.2	2697.96
568.23048	1	1964519.6	2729.31
1013.6542	2	1954898.2	2341.32
612.44616	1	3214343.5	3012.7
535.1586	1	2477635	3352.36
1652.8298	1	1107847.5	2218.74
1652.8284	1	1958866.8	2253.7
622.276	1	2000764.4	2456.04
3869.9063	3	2175151.4	2945.88
