789.756	1	1.41606E9	1186.66
984.793	1	2.02547E9	2016.7
714.26	1	1.93156E9	2026.11
688.74	1	9.63987E8	1127.01
766.75	1	8.39808E8	1427.6
884.108	1	1.62389E9	2075.51
628.893	1	1.6613E9	1664.15
897.44	1	1.56687E9	1993.46
923.745	1	1.81187E9	2098.26
944.836	1	1.41744E9	1898.69
492.173	1	1.39575E9	857.594
888.482	1	6.45107E8	1329.57
724.601	1	9.69898E8	1508.29
672.807	1	1.05005E9	1347.9
958.1	1	8.43523E8	1908.14
565.628	1	1.05404E9	1139.93
1127.97	1	1.30972E9	2489.02
734.262	1	9.51648E8	2849.26
693.099	1	8.45147E8	1996.09
804.695	1	1.43011E9	1697.51
573.434	1	1.864E9	1298.84
960.342	1	1.15189E9	2474.27
577.614	1	1.1927E9	1419.33
473.725	1	9.56719E8	1091.42
424.499	1	1.13108E9	858.861
690.389	1	9.47643E8	1284.96
1042.0	1	9.15717E8	2274.05
1129.2	1	1.18836E9	2799.3
1108.64	1	9.92295E8	2315.54
584.673	1	1.03553E9	1148.76
721.534	1	1.3929E9	2402.63
734.478	1	9.43877E8	2949.19
778.355	1	1.20945E9	1969.07
484.696	1	1.38007E9	1173.65
824.538	1	7.67015E8	1514.27
461.417	1	1.06016E9	1179.37
527.963	1	1.18618E9	1328.44
442.336	1	1.00824E9	1068.15
624.062	1	1.45648E9	1291.79
509.845	1	8.55934E8	695.787
547.174	1	1.32802E9	1217.2
1135.38	1	1.3267E9	4011.54
641.648	1	7.66291E8	2188.23
1112.02	1	9.27984E8	2036.6
894.042	1	5.93193E8	1980.86
924.989	1	1.07465E9	2192.02
556.035	1	8.86347E8	1142.07
501.994	1	5.62389E8	807.422
948.322	1	1.17892E9	2725.46
574.458	1	8.30466E8	1526.14
635.846	1	1.11661E9	2136.2
735.06	1	6.35313E8	1312.87
626.907	1	7.98545E8	1937.71
894.013	1	1.39314E9	2299.15
564.615	1	4.66941E8	1055.26
1081.87	1	1.12574E9	2232.37
677.365	1	9.51107E8	1481.32
591.681	1	1.09545E9	1464.54
812.759	1	9.9544E8	1488.55
550.865	1	4.20721E8	1157.51
405.291	1	4.22035E8	1547.92
525.137	1	9.95651E8	1445.55
537.761	1	1.34792E9	1292.02
1184.57	1	3.22701E8	1186.55
986.195	1	8.90397E8	2110.25
392.333	1	4.66382E8	1557.34
723.96	1	1.16211E9	2058.31
783.089	1	9.07534E8	2527.63
676.808	1	4.953E8	1089.6
914.833	1	8.51939E8	1786.34
712.237	1	9.87351E8	2063.28
760.57	1	8.89821E8	1420.67
981.929	1	1.53699E9	2474.23
506.545	1	8.56457E8	1657.96
757.454	1	1.14407E9	2143.31
529.803	1	7.09524E8	1889.45
669.956	1	9.80818E8	1690.0
1295.23	1	1.02252E9	4231.15
648.18	1	7.88048E8	1845.96
570.539	1	1.22432E9	1762.73
1416.83	1	5.28503E8	1903.78
1405.75	1	3.3198E8	1159.61
443.142	1	5.99423E8	757.51
524.012	1	6.69176E8	1577.12
832.711	1	9.55463E8	2030.52
494.784	1	1.3611E9	966.774
750.305	1	1.30296E9	2174.02
904.014	1	6.46841E8	1615.12
735.355	1	1.08302E9	2730.55
1137.25	1	1.0036E9	4216.74
1260.4	1	1.07877E9	4230.19
551.527	1	5.71643E8	989.384
954.47	1	1.0443E9	2585.03
804.501	1	7.39445E8	1615.2
507.358	1	8.51764E8	1069.36
1273.7	1	9.11125E8	4224.06
1134.94	1	7.59685E8	2174.7
513.686	1	9.02623E8	1333.24
650.561	1	5.58036E8	1209.96
947.53	1	5.43907E8	1560.21
925.017	1	6.60517E8	2021.41
1029.22	1	1.42819E9	2596.42
1058.77	1	8.29045E8	3967.9
1134.97	1	5.85844E8	4109.96
485.112	1	9.91189E8	1058.84
1369.56	1	5.60775E8	1937.2
1484.83	1	7.42435E8	2578.4
1177.67	1	1.21603E9	4226.97
762.676	1	1.08582E9	1696.09
1210.01	1	8.68081E8	4229.19
1385.28	1	5.99434E8	2094.79
678.705	1	6.60987E8	2045.23
722.573	1	7.95876E8	2522.79
1122.31	1	1.10396E9	2524.98
785.165	1	2.57464E8	799.33
501.387	1	6.0855E8	1773.7
1204.92	1	7.81924E8	3632.02
366.631	1	5.87347E8	939.399
797.427	1	7.82413E8	2412.64
701.81	1	3.53789E8	884.875
1441.34	1	8.64887E8	2531.31
610.884	1	5.82986E8	2344.46
760.1	1	7.67071E8	2070.84
721.746	1	2.10465E8	2465.55
402.613	1	5.70663E8	1115.48
563.273	1	5.66777E8	962.748
446.847	1	1.04954E9	1179.13
468.267	1	8.59613E8	1131.46
957.306	1	1.14915E9	2270.66
1104.84	1	8.0088E8	4234.98
1149.82	1	8.48529E8	4227.64
772.772	1	8.90807E8	1519.93
464.116	1	7.92724E8	888.146
596.791	1	8.87823E8	1331.72
1141.12	1	8.77799E8	2349.34
572.187	1	5.10221E8	1436.78
660.313	1	9.89391E8	1731.93
543.557	1	4.65243E8	997.174
439.662	1	6.76297E8	1327.0
748.785	1	7.01294E8	1557.22
660.167	1	8.82583E8	1905.31
551.013	1	6.90424E8	1758.71
654.251	1	8.6886E8	1308.2
577.743	1	6.65787E8	1695.43
726.6	1	3.8618E8	1016.09
392.122	1	9.99204E8	894.437
661.399	1	7.8595E8	1568.37
829.297	1	9.53042E8	2800.44
1080.74	1	1.31899E9	2511.46
783.231	1	1.12176E9	1746.28
635.145	1	8.77035E8	1752.82
666.282	1	7.24388E8	1281.57
944.811	1	6.28741E8	1781.06
795.137	1	5.5786E8	1446.93
586.412	1	1.37939E9	1260.56
483.431	1	1.14394E9	1458.39
769.383	1	1.01202E9	1861.2
1054.55	1	8.28472E8	3048.71
791.353	1	6.94488E8	1287.6
417.166	1	6.99419E8	798.836
542.527	1	7.17383E8	1727.83
1151.88	1	9.57468E8	2098.64
318.214	1	3.79228E8	1030.38
830.303	1	8.23753E8	1620.83
708.98	1	3.39363E8	963.436
484.086	1	5.82083E8	970.606
918.079	1	6.30162E8	2100.14
763.234	1	3.97122E8	986.602
378.785	1	6.89744E8	996.806
925.011	1	6.75807E8	1764.85
1197.85	1	7.93827E8	4224.82
596.694	1	5.84001E8	1005.81
1439.65	1	1.18544E9	4228.44
1286.12	1	3.83185E8	4225.77
1339.81	1	1.0383E9	4229.43
977.133	1	6.55234E8	4237.61
587.881	1	4.55344E8	910.228
1147.37	1	5.92683E8	4008.8
906.532	1	1.06455E9	2239.49
737.115	1	8.77275E8	2629.71
445.486	1	5.54769E8	1569.61
777.184	1	4.91221E8	1145.31
438.44	1	8.12008E8	1216.95
1496.52	1	3.87021E8	2618.46
1411.75	1	9.64353E8	4227.15
743.869	1	1.25348E9	2015.73
1131.84	1	1.01002E9	2891.91
750.265	1	3.77746E8	2088.4
736.465	1	1.32395E9	2442.57
1324.04	1	2.88015E8	1413.23
831.636	1	3.70749E8	1147.71
705.896	1	2.34413E8	833.872
1060.92	1	8.84687E8	4224.99
1475.4	1	7.858E8	3228.96
727.517	1	1.20745E9	1648.72
757.166	1	7.60439E8	2309.4
533.714	1	7.10339E8	983.856
1031.02	1	8.47429E8	2336.14
652.32	1	5.79271E8	1095.26
719.057	1	5.94058E8	958.995
817.773	1	9.85501E8	1715.2
1046.57	1	8.70736E8	1952.64
794.853	1	3.60916E8	1184.11
754.909	1	5.3069E8	1684.38
888.294	1	5.40229E8	1982.97
831.661	1	9.25324E8	2503.09
1497.28	1	4.0563E8	4224.39
408.542	1	7.3833E8	985.696
760.113	1	9.85147E8	1919.49
1456.09	1	4.51999E8	1921.19
555.888	1	8.64854E8	1485.17
735.233	1	8.27935E8	3065.88
963.758	1	2.45589E8	1000.56
1497.71	1	3.15598E8	2164.62
425.283	1	7.28965E8	1115.68
1404.93	1	2.55319E8	4229.7
762.526	1	8.94244E8	1521.35
906.151	1	7.1743E8	2152.69
462.895	1	3.41532E8	1816.48
511.636	1	1.412E8	648.091
985.274	1	6.39892E8	2392.77
719.705	1	8.41734E8	1701.94
802.454	1	1.34247E9	1884.95
1026.12	1	7.91478E8	2939.26
1477.83	1	4.80765E8	2016.2
1316.5	1	8.79707E8	4228.96
1273.58	1	7.64022E8	3977.43
1492.88	1	3.45936E8	4239.85
627.097	1	5.41713E8	2078.69
537.853	1	5.81045E8	1753.7
572.338	1	1.5984E8	1373.67
1021.32	1	8.89995E8	1822.81
975.97	1	5.48325E8	3578.33
1139.3	1	7.12119E8	1872.8
735.168	1	5.76366E8	3205.4
890.267	1	5.77737E8	1654.46
671.995	1	8.56653E8	1544.97
623.181	1	6.68081E8	2006.47
1309.89	1	1.04032E9	2856.76
1255.24	1	6.72007E8	2167.44
947.027	1	1.10014E9	2012.32
1048.87	1	2.7958E8	1334.92
1022.91	1	9.14875E8	2394.18
925.52	1	5.94208E8	1890.44
831.085	1	6.89588E8	2711.35
1363.71	1	1.10647E9	4231.89
1178.62	1	9.85699E8	2876.74
1243.55	1	1.10934E9	4232.03
1177.82	1	9.84537E8	2239.34
618.516	1	7.2514E8	1895.05
1308.77	1	3.27555E8	4218.15
1460.42	1	1.0256E9	4228.98
584.159	1	2.06863E8	892.937
715.588	1	4.02077E8	1672.96
1303.35	1	5.56609E8	2804.56
1082.75	1	7.21594E8	2434.08
737.041	1	7.7166E8	2554.71
1012.33	1	7.72762E8	4238.89
1450.25	1	7.48068E8	3016.18
610.84	1	5.77413E8	977.595
1490.86	1	3.57109E8	2118.72
1031.04	1	6.63813E8	2256.76
906.002	1	4.34522E8	1774.96
485.637	1	5.36767E8	1387.11
389.903	1	7.93598E8	956.362
960.206	1	7.78701E8	4239.45
867.118	1	1.03334E9	1873.31
518.427	1	6.82691E8	1991.09
743.775	1	6.74016E8	1600.43
467.912	1	1.10087E9	1427.83
813.077	1	3.14758E8	1193.89
728.986	1	9.91795E8	1404.26
1329.09	1	8.84995E8	3180.25
925.108	1	8.89245E8	2793.62
1292.9	1	8.17773E8	2739.18
913.547	1	1.95935E8	879.777
642.337	1	3.28187E8	3027.81
474.715	1	5.31398E8	1380.81
868.338	1	7.80477E8	2696.32
1478.9	1	8.44517E8	4227.28
1260.18	1	1.02029E9	2522.41
1078.22	1	9.30815E8	2903.08
940.904	1	8.64473E8	2073.82
550.688	1	4.22877E8	810.292
505.94	1	4.23575E8	1299.81
986.136	1	5.62675E8	3217.36
478.892	1	1.09581E9	1299.42
734.991	1	5.70477E8	3314.92
1004.81	1	8.21135E8	2853.02
923.956	1	7.38364E8	3087.8
843.412	1	1.01806E9	1664.21
1253.26	1	9.22282E8	2884.11
1058.56	1	9.57583E8	2826.9
1050.46	1	1.19669E9	2599.16
890.234	1	8.06681E8	2397.75
1055.42	1	9.73812E8	2088.4
1125.11	1	8.46421E8	2385.62
412.042	1	4.12381E8	1505.8
693.946	1	5.42871E8	2104.52
831.977	1	7.16998E8	2377.05
1189.53	1	4.04976E8	4237.24
1011.22	1	9.10573E8	2034.34
624.35	1	9.25867E8	1459.6
1293.27	1	6.41698E8	2664.22
631.636	1	7.76972E8	2328.73
1120.1	1	4.21958E8	2444.64
1099.56	1	9.89789E8	3381.57
987.32	1	6.83026E8	1951.11
855.091	1	6.75598E8	1805.09
756.927	1	1.1939E9	1814.47
725.105	1	5.81861E8	2312.46
1136.04	1	1.17299E9	2712.2
790.292	1	1.07708E9	1936.26
897.83	1	7.78145E8	2076.7
1397.29	1	7.5817E8	4229.41
554.88	1	5.1054E8	1076.04
1259.37	1	1.08362E9	2623.01
1314.67	1	8.135E8	3271.29
496.794	1	5.64139E8	1209.01
820.401	1	5.56224E8	1395.73
394.482	1	6.59936E8	1208.12
1273.47	1	6.54008E8	3636.02
658.341	1	3.54455E8	944.658
916.585	1	6.70378E8	2176.09
680.486	1	4.13163E8	865.699
1212.69	1	7.86824E8	2758.49
490.411	1	7.55566E8	1305.06
763.232	1	5.52513E8	1274.64
927.09	1	9.68163E8	2324.36
1320.86	1	4.68099E8	3129.43
902.374	1	8.76958E8	2599.05
1329.35	1	5.04198E8	4225.52
1126.31	1	8.7584E8	2135.02
459.148	1	4.19975E8	845.128
990.243	1	7.46289E8	2936.67
716.62	1	5.06691E8	1395.89
1237.7	1	1.06185E9	2683.76
1111.48	1	9.01158E8	2476.7
464.991	1	4.80507E8	1697.44
1018.2	1	6.58814E8	2586.58
550.474	1	8.39278E8	1656.49
1272.51	1	3.13867E8	4064.09
1242.18	1	6.99281E8	3128.94
857.677	1	3.62027E8	1348.11
810.143	1	1.05523E9	1997.36
975.472	1	5.58094E8	3696.53
1476.48	1	6.37938E8	2567.24
1059.65	1	4.21886E8	3887.17
1294.03	1	8.70914E8	3010.7
728.56	1	4.30773E8	1286.48
415.941	1	5.5785E8	1282.27
674.43	1	3.32628E8	1419.05
714.262	1	1.01506E9	2257.45
1247.29	1	9.07111E8	2525.42
453.181	1	3.64875E8	840.705
1077.11	1	6.56498E8	2252.95
561.72	1	1.2457E9	1592.69
734.324	1	1.90364E8	2506.79
951.195	1	6.03642E8	2640.7
916.633	1	4.35695E8	1299.7
477.597	1	7.27647E8	1522.4
419.658	1	7.97467E8	971.713
1287.76	1	5.81239E8	1983.23
1146.01	1	1.83111E8	4170.73
1287.6	1	8.12516E8	2788.9
1414.49	1	7.38571E8	2620.64
642.579	1	8.51974E8	1679.57
753.976	1	3.42504E8	1473.22
1310.91	1	1.05508E9	2703.68
1021.19	1	7.98976E8	1919.19
1430.91	1	2.77224E8	4226.8
1063.11	1	8.27852E8	2301.47
574.379	1	5.64479E8	1639.24
446.209	1	5.27149E8	1444.51
1209.39	1	7.71708E8	3128.05
480.425	1	4.2682E8	775.091
1233.86	1	2.61208E8	4230.06
1077.83	1	1.02582E9	2059.54
1473.66	1	7.35035E8	3329.19
1493.48	1	5.89387E8	2336.37
1478.57	1	8.28175E8	2715.69
610.633	1	1.22546E9	1574.88
1424.55	1	5.71451E8	4229.72
1204.28	1	1.20147E9	2553.83
1141.33	1	8.6842E8	3106.17
679.979	1	8.34214E8	2232.51
958.413	1	4.03361E8	2521.55
1199.25	1	1.02159E9	2255.35
987.508	1	8.1614E8	2246.92
1243.61	1	9.59019E8	2930.83
923.801	1	4.59255E8	3004.1
679.234	1	5.94645E8	1196.8
480.088	1	6.14029E8	1203.83
387.812	1	8.3455E8	1267.85
1025.22	1	3.70472E8	1739.81
925.654	1	4.8166E8	4240.05
1083.82	1	7.67422E8	2630.8
1117.37	1	6.10746E8	1979.76
461.43	1	2.33588E8	1116.5
924.771	1	5.28796E8	3256.05
811.914	1	2.61038E8	1413.44
745.788	1	4.43536E8	1475.1
735.27	1	1.05807E9	1906.26
1470.86	1	2.95117E8	4219.46
831.7	1	7.12798E8	2615.26
893.616	1	4.42869E8	1581.86
666.857	1	4.34629E8	1430.45
812.067	1	9.13529E8	2391.58
743.297	1	5.38349E8	2134.05
975.656	1	4.60937E8	3811.57
540.411	1	6.42185E8	1118.15
776.867	1	5.71658E8	1285.12
1021.36	1	7.0315E8	2243.0
864.273	1	2.81538E8	2647.38
712.384	1	1.09027E9	1782.16
792.363	1	9.12606E8	2127.64
642.396	1	7.72107E8	2297.45
1384.69	1	9.49329E8	4226.1
881.466	1	9.38158E8	1884.92
1106.07	1	5.85775E8	1943.93
550.675	1	6.02236E8	1396.63
1138.35	1	9.85862E8	2083.66
1109.87	1	6.92685E8	3295.36
1139.34	1	7.58036E8	3208.66
970.935	1	6.87406E8	3066.58
625.503	1	5.99512E8	1389.67
924.302	1	8.97857E8	2609.2
831.126	1	4.23329E8	3211.63
975.138	1	1.57649E8	3640.22
790.032	1	8.92138E8	1864.42
1140.53	1	6.80151E8	3026.41
763.236	1	8.53841E8	2244.15
1478.74	1	6.52239E8	3089.07
1051.62	1	7.58614E8	2517.82
1253.08	1	7.60803E8	2776.59
1198.79	1	1.17734E9	2364.59
396.539	1	7.03474E8	837.903
1132.26	1	2.58263E8	4239.73
563.993	1	1.00571E9	1281.57
1044.43	1	6.39386E8	2057.94
848.293	1	4.17502E8	1579.46
1035.51	1	7.48994E8	4234.4
1010.43	1	5.8072E8	2538.34
1447.2	1	7.09683E8	2616.85
586.099	1	2.80756E8	575.379
806.476	1	5.8706E8	1300.93
748.86	1	8.18738E8	1886.07
763.93	1	1.95304E8	706.86
596.154	1	7.90744E8	1559.97
1111.47	1	1.0427E9	2945.64
531.976	1	5.57859E8	1159.32
1036.8	1	6.21923E8	1981.17
1021.93	1	6.03029E8	2154.75
978.5	1	6.67646E8	3416.6
1122.45	1	1.02614E9	2617.09
785.635	1	7.0172E8	2189.47
1273.44	1	7.70303E8	3313.47
868.257	1	8.07813E8	2239.62
867.876	1	6.61665E8	2140.76
635.237	1	5.91835E8	2236.76
1236.59	1	8.66803E8	3576.26
521.392	1	4.77161E8	1266.1
840.847	1	8.11609E8	1751.28
349.668	1	2.98819E8	1286.33
802.072	1	8.00262E8	2019.14
700.392	1	7.90403E8	2234.43
930.431	1	5.78894E8	2259.58
820.135	1	8.06883E8	2552.44
872.183	1	5.05497E8	1502.1
1191.9	1	7.62297E8	3696.43
632.774	1	5.3791E8	1015.29
763.393	1	6.65595E8	1768.4
1336.24	1	5.7754E8	2380.66
1015.52	1	6.77151E8	2289.0
477.771	1	2.69454E8	2140.97
1108.95	1	5.48504E8	3214.91
641.637	1	3.01026E8	3120.75
747.003	1	7.18437E8	1760.79
623.917	1	7.71786E8	1563.75
835.597	1	5.90142E8	1446.43
849.19	1	2.38729E8	1078.42
1210.45	1	7.75528E8	2941.7
976.538	1	4.5183E8	3941.56
712.501	1	6.28087E8	1315.02
1047.8	1	3.71297E8	3038.4
1333.01	1	8.28349E8	3657.04
1065.66	1	9.12564E8	2597.33
1317.47	1	7.5479E8	3362.74
599.622	1	7.87215E8	1118.1
883.463	1	5.51419E8	2333.56
1375.06	1	4.70796E8	4228.82
1110.49	1	9.1537E8	2128.92
1308.57	1	3.66495E8	3322.62
1305.27	1	2.1621E8	4239.86
1266.85	1	8.26962E8	2756.75
1441.32	1	8.94994E8	3467.27
543.435	1	6.91428E8	1872.76
1103.68	1	9.47024E8	3532.84
1314.15	1	6.24798E8	2783.64
1016.49	1	1.09652E8	1850.87
1082.55	1	7.69827E8	3019.77
1050.57	1	5.99448E8	2442.72
927.437	1	8.96364E8	2421.56
860.832	1	6.05849E8	1924.66
1050.04	1	5.58217E8	4231.07
644.98	1	6.83673E8	1318.37
969.067	1	9.00616E8	2699.46
619.486	1	1.0816E9	1679.45
1244.8	1	9.52838E8	2420.12
762.606	1	5.41311E8	1611.87
1488.09	1	8.61942E8	3328.22
811.007	1	1.21359E9	1832.65
736.788	1	3.69787E8	4247.23
1256.2	1	3.91019E8	1660.54
976.005	1	5.05633E8	2353.31
1228.61	1	4.15439E8	2622.78
340.613	1	4.01193E8	970.327
875.222	1	5.17624E8	2949.89
1128.92	1	1.63261E8	2732.39
730.318	1	2.64946E8	2465.37
971.313	1	6.53809E8	2936.85
441.183	1	6.93308E8	841.533
628.564	1	6.06764E8	1789.37
1218.13	1	8.1692E8	2855.94
938.136	1	7.70783E8	2686.16
1410.3	1	9.06848E8	3962.44
1238.75	1	7.81333E8	3489.26
726.426	1	6.22965E8	1180.48
1126.31	1	5.70852E8	3545.79
1124.33	1	6.76141E8	4237.39
579.49	1	4.17467E8	854.128
830.065	1	1.60855E8	2435.0
588.252	1	3.3486E8	1549.54
1348.19	1	5.61517E8	2040.52
786.498	1	8.79754E8	2289.84
924.231	1	6.97457E8	2523.31
434.025	1	1.6402E8	1968.75
1046.62	1	3.27893E8	2403.05
832.134	1	4.40995E8	4255.31
391.95	1	1.97087E8	1861.9
975.808	1	1.20795E8	3756.52
735.258	1	4.24573E8	3597.34
819.422	1	8.93236E8	2092.1
795.513	1	4.08892E8	2870.64
1310.55	1	5.37077E8	3217.99
661.267	1	1.35924E8	1280.58
886.084	1	9.17325E8	2181.19
889.082	1	4.99654E8	4239.8
767.478	1	1.04199E9	2010.48
1357.71	1	9.06972E8	2486.63
724.521	1	8.35197E8	2195.75
1103.13	1	5.17514E8	2905.96
1259.94	1	7.29545E8	3625.32
1293.4	1	8.64944E8	2926.45
1269.16	1	1.64965E8	4243.33
994.887	1	7.04715E8	2187.7
1121.92	1	4.526E8	2845.25
1253.81	1	2.66564E8	4229.86
1496.15	1	4.56532E8	3227.7
505.625	1	6.49945E8	902.499
442.896	1	6.81609E8	934.923
1442.22	1	6.1947E8	2676.79
1175.09	1	7.25962E8	3286.51
1324.78	1	7.38623E8	3249.72
1293.41	1	8.13863E8	3307.14
1104.26	1	8.98326E8	2542.85
628.655	1	3.98229E8	2258.52
1489.44	1	2.24283E8	4229.38
922.232	1	1.93648E8	2467.84
1099.8	1	2.56631E8	3461.68
565.076	1	6.2354E8	1403.67
832.26	1	5.0665E8	3328.43
1186.04	1	4.40864E8	3752.93
1168.49	1	1.18193E9	2714.29
837.948	1	9.41731E8	1890.46
688.613	1	7.63636E8	1710.09
557.939	1	5.57954E8	894.802
1391.59	1	7.14853E8	3225.53
1236.11	1	7.18794E8	2271.4
831.771	1	8.52529E8	2131.24
757.745	1	2.267E8	1994.52
788.09	1	5.4358E8	2061.45
1255.53	1	9.29898E8	2358.9
1465.97	1	8.11148E8	3391.95
1415.69	1	7.91404E8	2716.86
780.215	1	8.42736E8	2076.24
970.794	1	2.87573E8	4242.86
1113.18	1	6.79067E8	3646.65
735.082	1	3.40616E8	3507.02
535.909	1	4.16962E8	900.022
704.166	1	8.46559E8	1948.17
949.913	1	9.26057E8	2837.82
757.411	1	7.95672E8	2408.04
714.829	1	4.48891E8	2172.58
617.589	1	3.00389E8	1448.14
998.507	1	1.35165E8	985.898
1136.94	1	6.47023E8	2413.49
1128.41	1	5.25948E8	2315.31
869.43	1	4.14035E8	4240.14
748.986	1	3.36686E8	1701.5
824.286	1	3.50799E8	1605.61
745.765	1	1.99266E8	1821.64
661.992	1	3.07735E8	1501.18
983.077	1	1.01662E9	2600.42
430.989	1	4.84053E8	793.152
1274.14	1	6.71669E8	3746.0
1497.52	1	3.05431E8	2871.1
1157.63	1	9.78902E8	2879.15
1261.22	1	9.06897E8	3281.3
820.188	1	8.93479E8	2229.61
763.336	1	5.40607E7	649.008
838.457	1	6.7112E8	2310.42
1300.25	1	6.86066E8	3228.14
1395.73	1	5.45503E8	3155.73
1382.43	1	4.7385E8	2151.11
1349.07	1	7.01776E8	3439.73
975.482	1	9.60363E8	2260.21
1334.47	1	6.27396E8	3999.84
839.442	1	7.13365E8	1976.07
1429.27	1	8.25021E8	2673.07
944.964	1	4.28036E8	2877.59
762.816	1	3.25132E8	1349.82
1438.12	1	1.40493E8	2599.26
1011.45	1	7.05215E8	2124.59
844.383	1	3.89692E8	4233.19
1493.98	1	5.34642E8	2738.27
1208.28	1	8.16347E8	3563.17
422.833	1	2.03429E8	1805.5
790.362	1	6.24627E8	1525.83
446.898	1	5.22437E8	1664.84
529.108	1	8.27511E8	1063.48
1033.33	1	1.11212E9	2502.1
645.856	1	1.22492E8	4035.1
791.391	1	4.99962E8	2015.62
1140.8	1	6.94181E8	3938.09
551.16	1	4.29467E8	1584.64
575.109	1	1.82617E8	831.983
918.436	1	4.29003E8	1136.6
722.584	1	6.3007E8	1910.37
1196.1	1	9.44593E8	2696.65
719.502	1	3.30077E8	1485.48
1073.41	1	3.18627E8	2452.01
740.723	1	7.52009E8	1710.56
1032.27	1	7.57073E8	2065.4
498.017	1	1.05625E8	902.253
408.576	1	4.21605E8	1054.17
477.96	1	2.41085E8	622.152
829.689	1	3.18567E8	2302.27
921.993	1	3.3267E8	1980.57
1078.95	1	4.95113E8	1740.46
1006.69	1	5.4136E8	2499.03
604.198	1	8.27742E8	1432.39
735.354	1	4.73005E8	3712.66
732.514	1	7.88778E7	2791.97
1209.27	1	7.98979E8	2468.52
1206.73	1	4.68862E8	1698.89
1092.36	1	6.55092E8	2588.21
618.001	1	4.28887E8	1267.72
806.503	1	1.00542E9	2220.72
1299.22	1	3.34666E8	2849.74
466.365	1	9.6828E8	1297.33
793.604	1	3.51873E8	2368.25
1076.54	1	3.00202E8	2586.13
1253.92	1	7.26628E8	3330.32
832.096	1	4.84E8	1738.93
1362.05	1	7.07559E8	2413.03
689.098	1	7.18302E8	2427.37
1056.03	1	3.30547E8	2300.04
793.57	1	6.03381E8	2696.15
933.808	1	7.6756E8	2112.45
1267.66	1	4.08612E8	2690.39
375.902	1	2.91932E8	725.143
887.846	1	7.88883E8	2708.84
720.875	1	4.48711E8	1605.13
359.626	1	4.52032E8	1015.84
1020.85	1	5.29497E8	2002.4
1410.6	1	5.97293E8	3751.36
946.426	1	9.67397E7	2662.87
559.77	1	3.04387E8	1360.14
945.061	1	1.79277E8	2614.44
1123.68	1	6.41524E8	3141.97
785.808	1	6.76494E8	2399.41
591.346	1	6.65591E8	1785.99
1159.52	1	8.40954E8	2570.14
1256.33	1	8.41699E8	3477.98
1119.93	1	1.75817E8	2330.15
1122.12	1	8.68839E8	2729.89
1323.21	1	5.67862E8	2086.85
658.175	1	6.5224E8	1417.98
1127.41	1	2.6432E8	1139.22
1289.98	1	3.66879E8	3221.74
1209.65	1	6.36749E8	1965.03
980.946	1	2.64358E8	2186.91
1241.56	1	9.16715E8	3220.88
1144.25	1	7.01587E8	2958.55
481.617	1	5.24522E8	894.788
753.552	1	4.17911E8	1987.41
809.504	1	4.47239E8	2550.41
1250.17	1	2.96993E8	2160.26
872.832	1	7.22583E8	2461.46
930.676	1	4.55044E8	2718.13
1067.52	1	6.55768E8	2518.76
393.732	1	3.15368E8	1446.37
1159.79	1	3.34754E8	2647.87
735.348	1	2.05251E8	3140.73
650.171	1	8.64532E8	1562.22
1372.35	1	8.94399E8	2959.98
793.907	1	4.41998E8	2786.9
1282.26	1	1.22768E8	4242.15
717.347	1	4.00532E8	1868.98
637.951	1	4.04456E8	1298.37
1034.3	1	7.795E8	3442.62
1387.86	1	7.61802E8	2741.54
1182.07	1	8.3053E8	3516.96
1432.84	1	8.85972E8	3747.08
634.599	1	8.48572E8	1135.28
1128.33	1	8.22156E8	3035.44
1080.94	1	9.38527E8	1962.21
1405.3	1	7.31457E8	2946.62
1059.25	1	2.86892E8	4061.1
831.988	1	3.72536E8	3127.89
818.489	1	3.68175E8	2162.6
1278.86	1	3.9922E8	2739.52
1372.69	1	6.63234E8	2719.88
922.953	1	5.38873E8	2704.68
712.227	1	5.44607E8	1903.84
1450.71	1	7.98188E8	3316.67
741.22	1	1.91262E8	2084.34
1321.11	1	7.69414E8	2628.78
1106.47	1	9.3048E8	3097.6
632.792	1	6.03035E8	1235.35
780.896	1	4.69623E8	1833.21
940.994	1	5.25259E8	2928.59
1099.79	1	6.48234E8	3262.69
614.12	1	2.30927E8	1434.37
1130.97	1	5.92798E8	2240.39
1312.08	1	3.73482E8	2604.09
1384.95	1	8.05098E8	3520.63
741.523	1	1.09143E9	2256.62
1228.84	1	3.66763E8	4231.18
981.361	1	2.33931E8	2089.06
807.94	1	4.30678E8	1760.41
1384.65	1	5.52853E8	2243.88
1236.26	1	7.87978E8	3690.21
735.296	1	2.60331E8	3926.91
500.295	1	6.37105E8	1440.2
788.977	1	5.92478E8	1677.53
809.108	1	5.48481E8	1537.27
592.389	1	4.42396E8	2093.97
652.694	1	7.58455E8	1944.14
1002.48	1	4.89746E8	2564.6
392.274	1	1.3567E8	1769.66
656.594	1	2.41804E8	1503.75
709.961	1	2.23881E8	1850.06
1241.72	1	3.69925E8	2858.34
1003.84	1	2.16128E8	2120.08
993.679	1	6.11737E8	2478.67
1256.15	1	3.60335E8	2711.74
733.074	1	9.28861E7	4263.31
1098.23	1	2.67434E8	4228.26
903.734	1	9.6348E8	1874.73
1105.82	1	5.24719E8	2386.67
1260.76	1	7.11182E8	3765.12
924.846	1	5.71666E8	1584.33
1095.21	1	5.08242E8	2498.5
1122.84	1	3.10135E8	2245.97
961.078	1	7.81589E8	2378.1
587.16	1	6.04999E8	1365.18
829.528	1	1.04092E8	2557.52
1244.7	1	2.86641E8	2332.26
689.053	1	4.99823E8	2673.39
1476.25	1	2.49457E8	3159.64
652.566	1	5.85612E8	2134.69
622.955	1	3.92565E8	1790.8
405.778	1	4.75536E8	1317.61
772.185	1	2.53861E8	1939.97
1108.17	1	2.80805E8	3166.08
1481.44	1	6.67694E8	3462.47
1289.9	1	8.49445E8	3700.31
1352.56	1	3.44226E8	4232.14
1415.75	1	8.34489E8	2513.92
466.976	1	2.87659E8	1046.27
1118.39	1	3.77945E8	2870.53
826.36	1	3.16E8	1700.32
1087.9	1	9.47917E8	2768.17
1011.69	1	2.76608E8	1961.55
932.449	1	2.94252E8	1147.08
1013.57	1	2.3722E8	1758.82
1045.41	1	1.17693E9	2186.97
800.561	1	7.68097E8	2511.0
1101.29	1	2.37332E8	3185.52
868.082	1	7.55925E8	2786.38
617.58	1	2.16888E8	1527.38
832.474	1	6.63445E8	2232.57
1003.99	1	2.10625E8	2015.42
1152.01	1	5.47902E8	1878.37
714.994	1	5.81824E8	2359.03
609.675	1	7.1228E8	1254.44
1047.73	1	7.27622E8	2787.77
896.078	1	5.5833E8	2650.44
1325.01	1	8.92377E8	2885.87
875.396	1	9.70315E8	1988.15
1191.44	1	8.36978E8	3123.27
972.025	1	6.20833E8	2850.07
1459.59	1	2.73977E8	1857.33
433.497	1	3.10053E8	1319.6
830.554	1	7.60355E8	2904.89
1115.39	1	3.8777E8	2722.0
1151.98	1	3.0472E8	2559.22
1086.25	1	7.64181E8	2359.15
1096.54	1	2.30603E8	3195.68
735.177	1	3.48173E8	3433.9
1024.49	1	6.95313E8	3033.24
1150.16	1	3.75103E8	2010.92
940.389	1	9.37402E8	2222.56
1374.01	1	7.90028E8	3195.98
702.677	1	5.81316E8	2058.33
1187.67	1	1.00093E9	2418.69
859.363	1	8.57361E8	2369.67
799.459	1	3.16694E8	1668.94
1052.41	1	8.61721E8	2959.01
1106.41	1	6.52554E8	2243.56
1179.73	1	8.3547E8	2077.58
1185.87	1	6.19646E8	2319.72
555.317	1	2.34917E8	1318.24
1028.47	1	2.39934E8	4233.6
392.396	1	2.84866E8	649.908
1146.81	1	3.05615E8	4097.68
829.944	1	6.65053E8	2999.44
1196.48	1	5.26714E8	3568.14
1347.08	1	6.23555E8	2249.86
1276.86	1	7.92118E8	3077.28
831.831	1	3.25728E8	3969.36
1053.14	1	6.63743E8	3319.86
924.04	1	3.95817E8	3179.02
951.695	1	1.71337E8	4235.61
953.481	1	3.58798E8	2368.49
1450.85	1	3.4406E8	4216.72
734.399	1	8.18898E8	2308.95
1432.24	1	5.3883E8	2495.61
1093.19	1	7.84853E8	2068.38
1322.78	1	7.40414E8	2506.01
1119.2	1	1.77559E8	4226.32
650.624	1	5.68506E8	1423.78
1433.82	1	9.58268E8	2795.11
623.148	1	6.00438E8	1193.04
785.038	1	4.26434E8	2657.13
476.933	1	1.21558E8	1445.19
1421.81	1	5.72641E8	2438.03
1047.26	1	4.67243E8	3097.85
1075.87	1	2.83656E8	3019.96
925.082	1	5.86492E8	2935.31
1076.84	1	9.94191E8	2698.37
1107.78	1	7.53126E8	2758.23
724.164	1	5.0119E8	2730.62
975.076	1	2.09856E8	3879.64
1040.69	1	3.58722E8	1881.04
1287.15	1	8.86611E8	2496.16
1367.57	1	4.9253E8	3256.04
1120.69	1	4.37733E8	3064.63
1114.22	1	2.23001E8	4240.2
718.245	1	2.04007E8	1563.34
708.268	1	5.49917E8	1136.65
980.0	1	3.26102E8	1980.65
1065.58	1	7.36058E8	2006.9
1202.16	1	6.66013E8	2887.92
744.856	1	6.07864E8	2393.06
1194.92	1	3.7214E8	2868.62
703.605	1	4.9091E8	1857.53
638.21	1	4.67659E8	2531.35
951.209	1	3.53266E8	1307.18
1301.36	1	6.60897E8	3982.41
772.197	1	3.42228E8	1174.0
1209.41	1	7.12981E8	3719.74
1359.79	1	6.38459E8	3299.09
1169.91	1	3.43197E8	4255.39
1101.41	1	5.32751E8	3657.6
1214.96	1	6.49781E8	2115.61
1123.65	1	8.3055E8	3310.1
1013.24	1	4.48705E8	3981.46
1454.49	1	7.61997E8	3606.85
633.411	1	4.07817E8	1336.25
1110.68	1	6.93727E8	3395.11
986.981	1	7.61205E8	3026.89
636.152	1	7.13501E8	2429.41
893.394	1	5.02939E8	1862.36
1365.43	1	5.40423E8	2744.95
1428.72	1	5.53898E8	2587.96
1414.43	1	7.44826E8	3043.28
521.344	1	4.68986E8	1511.05
918.895	1	1.74568E8	2659.44
456.155	1	2.56163E8	1146.98
1233.92	1	5.80976E8	3098.17
411.226	1	7.34835E8	862.205
1116.18	1	3.16339E8	2386.28
801.119	1	3.39685E8	1778.97
1372.35	1	5.87253E8	2881.28
1431.42	1	5.01004E8	2257.94
1387.8	1	7.84219E8	2839.18
697.23	1	2.92466E8	1865.28
1294.79	1	9.71965E8	2434.27
960.167	1	9.27772E8	2166.93
723.218	1	6.56201E8	2630.08
853.731	1	4.04545E8	1245.53
1208.92	1	8.08468E8	2652.5
516.417	1	4.29094E8	1434.53
1177.07	1	6.62198E8	2796.49
1408.16	1	2.60084E8	2581.74
984.162	1	4.95144E8	1748.68
546.093	1	4.03095E8	1460.87
736.32	1	3.21912E8	2044.9
1309.28	1	8.7739E8	2941.82
1454.81	1	7.52203E8	2893.29
609.851	1	6.08307E8	1352.25
1002.48	1	5.5973E8	1727.86
623.296	1	7.93814E7	1351.35
510.857	1	8.14436E8	1223.76
818.237	1	1.97612E8	1647.4
773.962	1	6.99249E8	2130.22
774.657	1	5.49208E8	2875.09
986.973	1	7.7184E8	2756.16
1383.19	1	5.09178E8	3119.55
917.929	1	2.31473E8	4232.3
778.572	1	4.93387E8	1637.9
1056.92	1	8.35626E8	2715.19
853.043	1	3.46383E8	1895.54
672.855	1	5.60543E8	1625.39
1101.96	1	3.65028E8	2161.7
736.662	1	1.40402E8	3388.25
393.486	1	3.18837E8	746.142
1022.42	1	3.56281E8	2513.59
1247.58	1	8.78538E8	2624.53
1078.44	1	1.85911E8	2354.1
1145.81	1	1.623E8	4274.25
1096.46	1	4.01071E8	2182.75
1479.1	1	5.33946E8	3006.58
1003.08	1	2.73879E8	4231.97
392.659	1	2.52422E8	1655.93
1107.38	1	9.34679E8	2649.42
1238.45	1	8.42597E8	3035.62
393.448	1	4.60108E8	1105.62
1129.44	1	3.53348E8	2962.54
1100.18	1	6.2395E8	1997.68
641.133	1	4.44003E8	1612.96
1292.34	1	2.42909E8	2864.4
668.442	1	3.74868E8	1105.21
1444.28	1	6.53097E8	2770.46
1047.56	1	7.55562E8	2691.64
1215.23	1	8.74205E8	2346.71
735.907	1	4.41983E8	1575.73
953.961	1	4.19812E8	1875.53
493.375	1	7.88714E8	1124.93
1283.87	1	5.73972E8	2878.43
996.254	1	6.06843E8	3473.59
634.507	1	2.29194E8	1637.33
1144.33	1	7.45457E8	2567.24
497.695	1	4.83148E8	1602.7
1415.13	1	7.14893E8	3576.0
1166.42	1	8.3496E8	3210.16
807.856	1	7.25934E8	2124.2
1001.67	1	7.83902E8	3099.77
1352.61	1	8.30744E8	2901.81
861.229	1	1.98081E8	4233.44
319.644	1	2.43133E8	1113.93
1178.01	1	4.7435E8	3734.05
1307.8	1	1.32218E8	2634.8
997.071	1	2.95691E8	4232.16
536.499	1	8.39224E8	1532.33
1480.16	1	3.72499E8	2106.24
600.649	1	6.09546E8	1700.38
1348.86	1	1.57598E8	4237.23
556.579	1	5.81959E8	1853.27
738.252	1	6.47661E8	1797.14
1014.32	1	5.91507E8	2446.12
768.033	1	2.79018E8	2116.05
1315.22	1	4.24211E8	2531.95
1294.11	1	7.96916E8	3539.79
975.79	1	3.04837E8	2172.09
925.111	1	4.93836E8	3654.87
674.442	1	4.09365E8	2160.67
757.682	1	6.50632E8	2563.24
1498.63	1	1.46876E8	3498.85
1169.89	1	2.97151E8	2261.03
886.774	1	6.2008E8	2570.04
1323.78	1	1.38187E8	4211.93
1051.67	1	7.79016E8	3193.39
1206.16	1	2.0828E8	2322.45
1154.25	1	7.83277E8	2427.52
1011.63	1	6.19834E8	3015.67
1038.44	1	7.20131E8	2420.88
825.296	1	7.00999E8	1808.68
1314.93	1	8.18789E8	3467.0
545.22	1	1.83149E8	1365.19
1226.56	1	3.68342E8	3070.68
466.46	1	5.96642E8	1540.24
1431.16	1	7.79176E8	2899.29
1225.94	1	9.49198E8	2446.07
1270.98	1	8.00519E8	3550.03
525.702	1	2.79525E8	990.2
1085.2	1	6.55571E8	4235.71
921.225	1	1.61986E8	1924.42
1480.19	1	7.00172E8	3986.13
1311.66	1	7.7303E8	3102.97
1235.27	1	7.16362E8	3945.8
1021.82	1	3.74135E8	2088.52
946.104	1	3.06746E8	1853.11
689.321	1	5.95045E8	2529.52
1275.65	1	7.72783E8	3442.19
1175.38	1	6.47962E8	2386.69
439.673	1	3.15893E8	1417.95
467.436	1	6.36342E8	991.249
1337.46	1	7.69276E8	2830.89
1007.87	1	9.71398E8	2681.41
1245.31	1	1.78507E8	2786.26
1312.42	1	8.27895E8	3571.05
724.05	1	5.57764E8	2821.64
593.63	1	1.02436E8	1314.47
1269.4	1	5.25258E8	3119.24
920.077	1	2.52836E8	2339.45
1305.01	1	4.09705E8	3125.31
1097.95	1	6.36661E8	2951.87
1349.14	1	3.31362E8	2446.74
762.937	1	2.68723E8	1201.69
1372.97	1	7.34336E8	3590.7
612.251	1	4.1401E8	2453.94
1000.06	1	2.67652E8	2811.37
801.27	1	1.41837E8	2146.18
878.817	1	3.96666E8	2136.65
1403.28	1	4.93352E8	2611.6
1267.93	1	1.01389E9	2885.83
881.201	1	5.68741E8	1768.76
497.447	1	5.03132E8	1056.77
395.013	1	2.97296E8	1040.37
1273.68	1	4.36969E8	3842.05
1223.87	1	2.24219E8	4239.29
1161.46	1	5.74875E8	2261.51
1280.21	1	5.63661E8	3005.47
1300.14	1	1.99115E8	3099.04
1126.79	1	6.98949E8	3461.29
1260.61	1	7.56714E8	3880.79
1251.44	1	6.0232E8	2072.64
1359.21	1	7.91722E8	3598.74
427.918	1	5.65356E8	1407.83
1115.34	1	3.43432E8	2588.17
1270.0	1	2.24076E8	3386.89
810.368	1	5.27633E8	2468.09
545.029	1	3.16982E8	2230.63
917.208	1	1.53498E8	2038.36
1162.25	1	4.35059E8	4232.49
1307.42	1	8.25003E8	2356.43
621.476	1	8.21381E7	1757.1
865.697	1	6.86961E8	2595.45
1463.63	1	6.51398E8	2843.33
1038.96	1	1.15364E8	2244.43
1100.6	1	2.83819E8	1897.54
1369.39	1	8.71555E8	3057.96
1325.72	1	6.8513E8	3560.33
1460.75	1	7.80125E8	2725.42
1142.67	1	6.07143E8	3506.52
1203.69	1	7.6721E8	3376.57
1301.58	1	7.03209E8	2114.31
777.326	1	3.71869E8	2237.85
830.988	1	1.38869E8	1945.62
518.795	1	5.21579E8	1658.3
832.12	1	4.32043E8	3714.33
698.312	1	9.88984E8	1577.02
1051.53	1	5.77184E8	3669.47
1358.92	1	6.28675E8	2834.89
1202.29	1	7.92515E8	2798.94
1237.99	1	4.2062E8	2486.44
638.983	1	7.41136E8	1525.73
1248.25	1	7.2708E8	3948.96
545.383	1	1.81336E8	796.538
1289.65	1	7.33538E8	2298.41
897.749	1	6.27984E8	2180.16
1103.33	1	6.4387E8	2828.26
1009.96	1	5.27319E8	2334.45
1433.99	1	4.92004E8	1970.26
1364.93	1	5.90459E8	2340.71
1391.16	1	7.13817E8	3972.63
1200.27	1	1.92399E8	3657.99
1066.24	1	6.08131E8	2397.54
1137.68	1	6.06948E8	2000.4
1125.33	1	4.31274E8	3824.03
1326.01	1	6.59365E8	2429.87
1356.7	1	2.26932E8	1404.84
1203.11	1	1.62166E8	2639.29
661.346	1	5.75456E8	1644.85
884.071	1	4.23118E8	2264.26
827.298	1	2.27082E8	1958.53
1292.46	1	7.91323E8	3411.7
406.322	1	3.4611E8	667.674
1478.62	1	4.95924E8	2309.67
1198.72	1	5.66967E8	3300.84
1219.82	1	5.89778E8	3653.94
1279.85	1	4.66884E8	2538.57
829.537	1	2.74472E8	3768.59
998.629	1	3.1734E8	2017.02
966.701	1	2.44655E8	3012.38
1181.15	1	5.38295E8	3049.4
1461.81	1	7.15318E8	3208.33
1230.06	1	7.43991E8	2355.27
1221.72	1	8.58633E8	2227.11
1045.84	1	6.78973E8	2897.55
1033.43	1	3.69228E8	2179.82
1059.05	1	1.30121E8	2558.78
1365.68	1	3.57004E8	3136.4
894.514	1	5.95587E8	2505.45
672.191	1	6.51943E8	1983.12
737.436	1	3.17202E8	2185.3
539.597	1	2.7496E8	1668.19
900.54	1	4.61406E8	1513.91
1075.25	1	3.31055E8	4234.02
1119.8	1	2.32543E8	2231.73
1142.64	1	2.12489E8	4037.07
1342.72	1	6.8589E8	3097.7
1099.23	1	5.43729E8	2708.1
870.572	1	5.24101E8	1776.98
493.16	1	3.5161E8	1748.74
1466.31	1	7.53584E8	2642.27
1484.1	1	5.04652E8	2492.56
919.447	1	2.15866E8	2426.27
690.004	1	5.56172E8	1909.08
1178.8	1	6.20651E8	1998.04
1046.05	1	4.60688E8	3252.56
1061.54	1	5.60719E8	3128.59
479.889	1	1.65537E8	1056.51
1231.75	1	6.21192E8	2551.94
967.773	1	9.29269E8	2066.71
1173.75	1	7.03603E8	2953.42
693.491	1	5.45381E8	1213.18
805.962	1	6.22349E8	2324.56
1334.75	1	7.66736E8	3013.61
1292.81	1	7.95691E8	2194.07
524.152	1	3.2246E8	1147.12
1323.59	1	6.49678E8	2984.82
1257.82	1	5.49759E8	2445.03
732.839	1	4.36575E7	2212.68
1059.73	1	8.45592E8	1900.09
1167.96	1	4.7257E8	2181.76
1041.57	1	4.17407E8	2632.03
1024.49	1	1.93268E8	4235.27
514.56	1	9.1858E7	1286.18
391.806	1	1.26113E8	3558.65
594.896	1	4.29068E8	1641.88
1260.01	1	3.19856E8	3697.37
1308.47	1	3.09026E8	3421.1
1476.75	1	7.43592E8	3575.69
1178.89	1	7.92068E8	3162.33
1181.38	1	9.56889E8	2556.98
895.083	1	6.42071E7	2569.52
665.284	1	3.36219E7	1696.14
1012.87	1	5.07521E8	3575.88
574.875	1	2.69248E8	1591.55
1334.57	1	7.01283E8	3397.13
1236.42	1	6.45792E8	2190.86
1204.78	1	6.25192E8	3232.21
1144.2	1	7.96946E8	2804.75
802.487	1	5.34378E8	1375.08
791.191	1	2.59295E8	2488.27
1321.23	1	3.8009E8	3058.07
1208.42	1	8.07577E8	2167.09
1335.78	1	5.1929E8	2761.96
975.763	1	2.55617E8	2524.35
890.318	1	3.91453E8	1514.36
1428.81	1	4.92664E8	2055.47
1064.75	1	8.50731E8	2186.35
1242.06	1	3.93826E8	2093.57
1081.44	1	5.37682E8	2825.96
665.64	1	4.17046E8	1176.41
1282.8	1	3.10228E8	2239.42
1125.98	1	5.72594E8	3637.55
828.342	1	2.30839E8	1475.7
969.264	1	2.92504E8	3736.22
592.488	1	2.68887E8	1087.13
648.129	1	3.65725E8	982.771
965.619	1	2.68755E8	2917.46
1447.47	1	3.84743E8	2855.03
1476.5	1	3.46968E8	2448.97
1047.24	1	5.99097E8	3377.34
1009.96	1	4.041E8	2216.06
1205.5	1	5.65254E8	2033.39
830.225	1	1.05003E8	4210.17
780.384	1	1.36779E8	2340.37
1206.26	1	4.91167E8	3794.46
1271.96	1	1.47906E8	3492.65
1047.72	1	1.12687E8	2847.12
489.859	1	2.83646E8	1244.94
1392.76	1	5.81986E8	3654.54
1143.64	1	8.55076E8	3415.92
1190.96	1	4.60253E8	2218.18
982.964	1	5.03187E8	1565.16
1013.54	1	7.46642E8	2785.11
532.74	1	3.67378E8	1678.01
942.629	1	2.25896E8	2772.47
1142.57	1	4.50129E8	2877.12
970.182	1	3.31509E8	2175.38
997.91	1	5.71388E8	3189.92
643.366	1	5.01506E8	2076.98
1065.66	1	4.19298E8	2681.42
830.902	1	3.33349E8	1362.91
938.79	1	3.48011E8	1877.89
855.733	1	8.42169E8	2210.87
1198.08	1	3.41455E8	2029.0
875.846	1	4.47322E8	2542.9
635.645	1	3.20255E8	946.752
1067.86	1	4.78293E8	3050.48
996.492	1	3.40676E8	2120.58
1227.21	1	7.26272E8	2729.32
672.533	1	8.08109E8	1779.47
518.042	1	5.13467E8	974.438
1021.5	1	7.86138E8	2687.56
1353.57	1	8.26901E8	2630.22
1121.73	1	2.55531E8	2979.25
618.866	1	3.57409E8	2045.26
945.619	1	7.35162E8	2334.76
1216.27	1	7.33358E8	3052.89
675.146	1	8.23364E8	1901.42
1428.19	1	7.94547E8	3376.13
1206.03	1	6.42527E8	3471.57
1073.05	1	3.95783E8	2809.56
710.678	1	7.86474E8	2558.48
1308.33	1	6.20298E8	3639.65
644.984	1	3.52854E8	1463.87
1325.4	1	6.73662E8	2722.67
1205.09	1	3.67915E8	3028.97
1419.45	1	2.2617E8	3380.87
764.862	1	5.7508E8	2665.27
635.443	1	2.10295E8	3070.51
1166.43	1	6.13823E8	2354.17
1138.58	1	4.38362E8	2503.19
1171.4	1	2.48831E8	1985.29
639.532	1	5.2569E8	1417.33
1192.53	1	7.06789E8	3425.47
720.157	1	4.27882E8	2124.16
1351.8	1	7.341E8	3210.85
1170.81	1	6.17214E8	3054.53
1409.09	1	5.62819E8	3637.2
1265.63	1	2.91303E8	3437.46
699.624	1	1.61967E8	755.638
396.84	1	2.67967E8	1336.71
892.919	1	5.55404E8	1755.04
1438.03	1	6.32069E8	4022.25
1405.18	1	3.86996E8	4009.47
703.79	1	6.04605E8	2490.96
1493.16	1	1.41318E8	2605.91
1266.65	1	6.07007E8	1865.15
809.912	1	4.61242E8	4242.8
1042.9	1	2.65936E8	2543.39
1498.13	1	7.57509E7	2801.31
852.911	1	4.5775E8	3166.33
1477.33	1	8.29569E8	2816.61
1420.21	1	7.01886E8	2927.82
1042.11	1	2.46565E8	2724.3
642.733	1	3.82692E8	2017.82
985.265	1	6.48273E8	2844.01
970.139	1	3.61955E8	2368.64
1182.99	1	5.9653E8	2157.63
636.631	1	1.9807E8	4265.68
623.288	1	3.40379E8	2283.85
969.79	1	7.08212E7	4213.44
1094.5	1	3.0749E8	2676.27
959.349	1	2.89437E8	2689.81
1400.81	1	7.08325E8	2445.18
812.183	1	5.30728E8	2907.69
1036.31	1	4.98622E8	3201.0
452.61	1	6.02173E8	1307.7
1134.02	1	7.89156E8	2597.81
929.134	1	3.69167E8	1837.44
732.215	1	2.42754E8	1735.27
1346.67	1	6.39391E8	2689.73
1329.91	1	8.02817E8	2234.16
1261.18	1	2.63888E8	3397.75
1234.59	1	6.52703E8	3278.71
1252.35	1	9.31863E8	3046.93
1293.62	1	4.48797E8	2366.99
1073.49	1	9.70021E7	2594.9
1094.07	1	5.37625E8	2243.69
1455.5	1	6.00948E8	3508.14
924.909	1	5.79161E8	3435.88
950.217	1	2.78471E8	2516.59
1105.12	1	5.76054E8	3026.89
519.075	1	3.97039E8	1119.41
614.584	1	6.03933E8	1753.09
1222.51	1	1.95964E8	2633.85
1404.44	1	7.23906E8	2716.11
586.207	1	4.36037E7	515.077
946.515	1	3.91123E8	2475.97
860.144	1	2.83181E8	2111.5
1291.03	1	1.73202E8	3474.08
1494.34	1	3.4945E8	2235.06
1198.88	1	4.04481E8	2472.54
504.069	1	2.09463E8	690.201
724.554	1	2.88432E8	4241.78
891.566	1	3.55099E8	1439.39
796.694	1	6.03862E8	2247.78
1241.71	1	2.30391E8	2785.63
1401.97	1	6.83459E8	2802.86
846.252	1	5.54328E8	2146.34
1301.46	1	2.72061E8	2299.98
1075.14	1	1.94589E8	2756.43
972.176	1	6.08308E8	3494.99
692.81	1	1.78638E8	2182.38
943.653	1	4.69434E8	4239.7
679.455	1	3.7408E8	2441.48
771.222	1	2.74486E8	2218.37
958.138	1	3.12701E8	2092.91
1389.97	1	6.97748E8	2615.46
1271.68	1	5.65328E8	3217.06
1350.17	1	7.8615E8	3357.95
920.501	1	1.79152E8	2265.99
833.112	1	3.33121E8	3636.69
1260.21	1	6.47975E8	3168.27
748.727	1	1.63063E8	2236.66
712.043	1	5.85935E8	2421.16
1053.91	1	3.31833E8	2164.11
646.295	1	1.27599E8	2160.65
635.441	1	1.54242E8	2997.51
1132.66	1	5.93157E7	2539.2
798.333	1	1.31738E8	2317.16
1292.97	1	6.35213E8	3120.15
825.934	1	1.21452E8	2049.12
455.372	1	5.53719E8	1020.08
702.2	1	5.24114E8	1773.13
868.565	1	5.39585E8	2051.25
1228.11	1	7.43053E7	2508.81
393.396	1	1.69396E8	575.571
1183.63	1	4.71242E8	2489.96
612.538	1	4.40313E8	1967.81
1317.66	1	2.06607E8	2977.87
1090.35	1	2.14508E8	2509.69
1369.82	1	6.46197E8	3885.71
1197.69	1	5.73555E8	3031.8
535.662	1	3.55268E8	808.234
1472.73	1	2.74763E8	2531.76
1276.95	1	9.11383E8	2615.96
1001.57	1	6.62439E8	3290.64
915.803	1	4.61036E8	1870.68
391.755	1	1.04634E8	3658.78
941.041	1	2.82734E8	2601.33
1283.57	1	4.05535E8	3211.49
1182.31	1	3.82206E8	3428.37
1344.14	1	5.16576E8	2486.7
866.401	1	3.52684E7	1988.68
666.559	1	4.9248E8	2127.55
945.642	1	6.04204E8	3496.73
591.568	1	5.76799E8	1899.71
1190.37	1	3.07768E8	2890.74
1172.93	1	6.96683E8	2616.6
991.847	1	1.64431E8	4239.62
946.406	1	1.2674E8	2551.72
652.407	1	3.69353E8	1698.22
1040.67	1	1.77678E8	2849.86
1122.63	1	1.40458E8	2930.63
622.748	1	5.59166E8	966.857
880.334	1	8.75843E7	2068.64
1349.12	1	5.55033E8	2159.18
1201.94	1	1.91381E8	2965.09
1066.7	1	1.74633E8	2461.95
707.825	1	6.365E8	1414.61
1114.38	1	2.12828E8	2842.41
1179.51	1	5.50895E8	1924.39
1036.43	1	5.09571E8	3106.86
391.474	1	7.97373E7	3473.78
1223.38	1	4.42388E8	4000.14
1115.66	1	1.67378E8	2238.89
647.441	1	1.26128E8	1374.42
1021.83	1	8.40402E7	4233.36
1269.42	1	2.60164E8	3002.26
976.83	1	2.38516E8	2035.07
1063.94	1	2.32575E8	3007.84
1007.92	1	1.88808E8	2412.8
914.168	1	5.48185E8	2573.97
1443.87	1	6.12947E8	2444.76
1018.51	1	1.58266E8	2950.76
539.077	1	1.52844E8	1053.45
1404.84	1	1.62926E8	2519.68
1011.55	1	2.17256E8	2614.99
688.172	1	5.39789E8	1639.09
1185.77	1	5.37964E8	2716.41
658.839	1	1.52406E8	1238.84
681.842	1	3.2413E8	2358.62
391.72	1	1.17253E8	4039.55
539.848	1	2.96689E8	1430.63
1274.66	1	4.19314E8	2828.57
913.734	1	5.08251E8	2791.59
1201.6	1	7.18291E8	4010.71
789.977	1	2.74238E8	1406.51
1361.82	1	2.34832E8	2945.31
1399.52	1	8.05998E8	3341.99
933.753	1	2.27973E8	2609.44
1102.33	1	2.1091E8	2454.63
1234.19	1	5.20425E8	2951.14
1015.32	1	2.70144E8	2928.49
1252.62	1	2.16494E8	3409.11
1124.48	1	4.91562E8	3742.56
1414.7	1	5.98299E8	2284.5
1073.94	1	7.55714E8	1836.29
1282.99	1	1.93586E8	2378.26
429.887	1	2.94717E8	1657.05
926.25	1	4.76063E8	3350.28
658.164	1	4.04795E8	2480.41
1371.89	1	7.82879E8	2518.45
975.878	1	2.65764E8	1944.78
1098.94	1	2.00377E8	2422.31
1094.89	1	6.72127E8	1822.75
915.337	1	3.3128E8	2495.47
1440.4	1	4.36653E8	3303.07
771.322	1	1.77087E8	1290.06
1261.83	1	1.7917E8	2819.33
971.35	1	2.84951E8	1980.36
1358.66	1	3.59351E8	2719.98
824.662	1	1.48022E8	2897.45
747.454	1	5.49177E8	2820.59
537.677	1	1.4022E8	741.771
1453.61	1	3.38463E8	2770.76
877.711	1	7.56968E8	1674.22
748.996	1	4.88367E8	2497.86
969.114	1	7.88467E8	3316.8
1276.81	1	4.35563E8	2159.86
1496.83	1	3.36877E8	3144.99
1420.27	1	7.18485E8	2832.63
1329.97	1	1.41097E8	2815.29
1376.53	1	7.18414E8	3995.73
847.937	1	6.62987E8	2549.15
1419.84	1	3.98493E8	2018.46
940.99	1	2.66909E8	2507.56
1199.66	1	6.06227E8	1905.34
1350.47	1	4.3298E8	3531.64
507.359	1	4.06045E8	1732.58
732.58	1	2.55624E8	2046.36
731.17	1	2.00073E8	2383.91
1033.38	1	4.42914E8	2850.86
906.934	1	5.76918E8	2461.28
1220.76	1	1.65805E8	4224.9
1497.78	1	2.92548E8	2990.35
1086.6	1	6.1734E8	3154.96
704.749	1	2.4096E8	2424.24
1264.62	1	1.49109E8	3351.5
1361.72	1	1.26387E8	3214.44
1115.23	1	3.17428E8	3026.33
1222.59	1	5.89463E8	3251.75
956.084	1	5.27759E8	3261.11
771.015	1	8.19064E8	2344.99
1498.58	1	1.06153E8	2076.99
1075.72	1	8.10562E7	2517.2
461.911	1	7.61831E7	1069.9
1205.46	1	1.42975E8	2736.62
1251.67	1	3.54378E8	3867.69
1110.67	1	8.80074E7	2861.39
1239.72	1	1.2878E8	2342.63
1142.62	1	6.73918E8	3645.6
1337.0	1	5.09317E8	2536.68
1362.85	1	5.85283E8	2134.55
495.763	1	2.56522E8	772.856
1024.74	1	1.69753E8	2322.88
765.14	1	2.20015E8	2167.88
784.547	1	2.73537E8	1442.71
950.128	1	1.59357E8	2261.39
1250.6	1	1.93581E8	2710.13
951.036	1	4.08928E8	2131.17
923.764	1	3.56587E8	2871.48
1278.69	1	2.76235E8	2692.99
824.164	1	2.73003E8	2387.08
1460.25	1	5.20411E8	3120.75
926.042	1	4.00707E8	1689.22
968.753	1	6.73263E8	3215.45
598.306	1	7.4389E8	1219.8
1252.51	1	7.35999E8	2252.02
818.938	1	6.44485E8	2653.64
1057.59	1	3.22274E8	2379.32
1394.04	1	5.13509E8	2358.78
1194.09	1	4.51387E8	2550.88
831.753	1	2.86547E8	3571.61
983.239	1	6.18993E8	1853.64
967.243	1	4.17309E8	3411.31
997.379	1	7.23633E8	3375.05
1390.91	1	5.82332E8	2473.56
1318.27	1	5.46407E7	2699.87
916.012	1	2.86825E8	2368.29
1088.37	1	4.76971E8	3256.26
508.781	1	1.52756E8	1986.57
1121.6	1	1.53053E8	1142.78
