1000	1	940.390041	1000.112476
1001	1	131.7273583	1000.921612
1002	1	650.7813323	1001.802818
1003	1	847.187005	1002.865312
1004	1	345.9035379	1004.051638
1005	1	68.1483234	1005.190488
1006	1	11.48040722	1006.154205
1007	1	6.790061784	1006.976146
1008	1	292.4747389	1007.820019
1009	1	217.6622972	1008.829365
1010	1	301.901982	1009.995593
1011	1	595.397297	1011.165872
1012	1	563.6929264	1012.183649
1013	1	217.9957727	1013.03258
1014	1	390.5842466	1013.851557
1015	1	338.1231523	1014.807012
1016	1	745.8726146	1015.939899
1017	1	368.9941325	1017.128043
1018	1	423.2204207	1018.198465
1019	1	571.4353148	1019.086419
1020	1	588.120235	1019.89492
1021	1	28.74578531	1020.800031
1022	1	91.13020322	1021.888992
1023	1	501.0212607	1023.080014
1024	1	918.2529246	1024.197471
1025	1	247.6160409	1025.133374
1026	1	652.9378974	1025.946654
1027	1	65.20322408	1026.80898
1028	1	16.33748303	1027.846929
1029	1	520.089402	1029.025611
1030	1	652.3483315	1030.180746
1031	1	394.1544964	1031.169704
1032	1	380.6357171	1032.002637
1033	1	369.6052627	1032.833145
1034	1	753.1300118	1033.817059
1035	1	611.8998935	1034.969168
1036	1	239.1513714	1036.149624
1037	1	925.2601414	1037.192516
1038	1	381.8862372	1038.05841
1039	1	373.4549338	1038.870602
1040	1	329.775631	1039.801762
1041	1	903.7842169	1040.915181
1042	1	466.116676	1042.106582
1043	1	508.2005165	1043.199992
1044	1	794.728994	1044.109531
1045	1	135.1003202	1044.918367
1046	1	204.9957554	1045.802256
1047	1	190.1761902	1046.86795
1048	1	1.891105288	1048.05505
1049	1	857.7750439	1049.191537
1050	1	10.0092691	1050.151926
1051	1	8.684550325	1050.972635
1052	1	840.4852546	1051.818503
1053	1	770.0431932	1052.831239
1054	1	857.1597638	1053.999133
1055	1	933.452098	1055.167824
1056	1	15.07309489	1056.182219
1057	1	189.844212	1057.029082
1058	1	694.1039179	1057.849208
1059	1	977.2975128	1058.807971
1060	1	575.2606704	1059.943285
1061	1	562.3701841	1061.130742
1062	1	941.774304	1062.197996
1063	1	686.355586	1063.083213
1064	1	331.1575008	1063.891924
1065	1	340.0564619	1064.8
1066	1	934.3714716	1065.891955
1067	1	307.4958577	1067.083246
1068	1	38.76261784	1068.198001
1069	1	567.7800727	1069.130715
1070	1	650.8493317	1069.94325
1071	1	738.6912429	1070.807961
1072	1	956.3732105	1071.849231
1073	1	306.0562617	1073.029118
1074	1	759.1038735	1074.182234
1075	1	281.3271497	1075.167804
1076	1	901.9094779	1075.999097
1077	1	670.588124	1076.83122
1078	1	291.5490291	1077.818518
1079	1	323.4848864	1078.97267
1080	1	716.7717705	1080.151949
1081	1	184.2288483	1081.191527
1082	1	440.3278038	1082.055015
1083	1	364.5166073	1082.867923
1084	1	213.5069296	1083.802262
1085	1	533.5466029	1084.9184
1086	1	832.2714522	1086.109561
1087	1	472.7949788	1087.199992
1088	1	632.3568112	1088.106551
1089	1	197.0010678	1088.915148
1090	1	997.5492683	1089.801757
1091	1	2.33758239	1090.87063
1092	1	615.3129072	1092.058445
1093	1	824.4685582	1093.192526
1094	1	414.06574	1094.1496
1095	1	896.3165307	1094.969132
1096	1	512.0128433	1095.817044
1097	1	961.6851017	1096.833165
1098	1	607.8691692	1098.002673
1099	1	666.0941744	1099.169724
1100	1	921.4545979	1100.180731
1101	1	448.6888988	1101.025575
1102	1	633.2980513	1101.846906
1103	1	211.5149218	1102.808991
1104	1	560.3433138	1103.946689
1105	1	103.6092415	1105.133401
1106	1	292.3288706	1106.197465
1107	1	544.0169839	1107.07998
1108	1	180.8716783	1107.888962
1109	1	276.0753059	1108.800032
1110	1	232.5969021	1109.894951
1111	1	548.8177834	1111.086452
1112	1	557.0487634	1112.198469
1113	1	620.5125403	1113.128015
1114	1	0.6569186283	1113.939864
1115	1	187.7836525	1114.807002
1116	1	476.2693168	1115.851581
1117	1	18.15682816	1117.032616
1118	1	474.9079096	1118.183664
1119	1	76.59069254	1119.165852
1120	1	250.6914318	1119.995557
1121	1	581.1816071	1120.829347
1122	1	151.0136712	1121.820035
1123	1	410.2105732	1122.976182
1124	1	893.0357909	1124.154228
1125	1	854.4337491	1125.190477
1126	1	542.7553521	1126.051603
1127	1	460.4582406	1126.865285
1128	1	149.394784	1127.802824
1129	1	488.9041918	1128.921645
1130	1	569.1207215	1130.112506
1131	1	341.4599692	1131.199929
1132	1	417.9227466	1132.103538
1133	1	176.772112	1132.911955
1134	1	834.7767379	1133.80132
1135	1	675.79478	1134.87335
1136	1	185.4430807	1136.061822
1137	1	611.1328476	1137.193455
1138	1	705.151517	1138.147226
1139	1	28.31899716	1138.965639
1140	1	520.8693224	1139.815643
1141	1	259.1204883	1140.835144
1142	1	508.2159986	1142.006213
1143	1	973.2410872	1143.17157
1144	1	818.2316535	1144.179186
1145	1	858.7614742	1145.022059
1146	1	896.6172808	1145.844651
1147	1	299.5045783	1146.81007
1148	1	880.0250958	1147.950109
1149	1	255.2132771	1149.136018
1150	1	192.1481131	1150.196872
1151	1	186.6184347	1151.076723
1152	1	861.1076991	1151.886035
1153	1	444.5989587	1152.800126
1154	1	386.6055957	1153.89798
1155	1	832.0059608	1155.089631
1156	1	206.4922892	1156.198875
1157	1	897.8028827	1157.125275
1158	1	459.5029364	1157.936497
1159	1	163.4499597	1158.806104
1160	1	268.7498457	1159.853978
1161	1	520.7008545	1161.036104
1162	1	772.3679219	1162.185036
1163	1	387.390901	1163.163847
1164	1	44.42517602	1163.992018
1165	1	986.8476857	1164.827527
1166	1	523.0236185	1165.821607
1167	1	843.683234	1166.979701
1168	1	891.8571403	1168.156457
1169	1	685.5891069	1169.189368
1170	1	517.844284	1170.048174
1171	1	441.9561605	1170.86269
1172	1	380.1410872	1171.803447
1173	1	31.84377882	1172.924915
1174	1	215.8821086	1174.115415
1175	1	85.3037606	1175.199803
1176	1	796.8765359	1176.100493
1177	1	401.8055404	1176.90879
1178	1	49.79383939	1177.800945
1179	1	316.4885251	1178.87611
1180	1	871.2198488	1180.065179
1181	1	931.4059011	1181.194323
1182	1	425.7342917	1182.144807
1183	1	866.1552843	1182.962156
1184	1	480.6430065	1183.814299
1185	1	908.3423793	1184.837174
1186	1	250.5340228	1186.009751
1187	1	526.6442112	1187.173362
1188	1	244.8311457	1188.177585
1189	1	838.4394666	1189.018537
1190	1	525.7234709	1189.842446
1191	1	349.8038315	1190.811209
1192	1	257.1315298	1191.953546
1193	1	168.8279579	1193.138592
1194	1	599.234894	1194.196218
1195	1	810.9917687	1195.073441
1196	1	848.9192872	1195.883144
1197	1	844.7724439	1196.800283
1198	1	235.0030354	1197.901041
1199	1	508.2853025	1199.092782
1200	1	669.3547406	1200.199219
1201	1	90.74132415	1201.122495
1202	1	542.9986911	1201.93315
1203	1	297.9913386	1202.805266
1204	1	381.8432055	1203.85642
1205	1	533.8865841	1205.03958
1206	1	426.5256713	1206.186351
1207	1	232.0361099	1207.161791
1208	1	28.41906496	1207.988481
1209	1	26.02823874	1208.825762
1210	1	274.3011171	1209.823236
1211	1	694.4805947	1210.983226
1212	1	329.9978397	1212.158638
1213	1	750.4890294	1213.188199
1214	1	795.6522128	1214.044731
1215	1	53.74182771	1214.860137
1216	1	9.223943745	1215.804133
1217	1	728.1245039	1216.928208
1218	1	664.3920098	1218.118289
1219	1	585.326614	1219.199615
1220	1	919.0377882	1220.097416
1221	1	167.3372218	1220.905654
1222	1	971.9639839	1221.800632
1223	1	219.6069782	1222.878909
1224	1	38.24853472	1224.068516
1225	1	228.9614065	1225.19513
1226	1	707.7657399	1226.142342
1227	1	352.6220543	1226.958686
1228	1	709.4878453	1227.813014
1229	1	588.692509	1228.839256
1230	1	108.7560967	1230.013285
1231	1	646.8233086	1231.175101
1232	1	731.1147809	1232.175929
1233	1	863.3801094	1233.015009
1234	1	22.64757968	1233.84029
1235	1	151.2012501	1234.812407
1236	1	525.1940837	1235.956997
1237	1	226.5645327	1237.141123
1238	1	841.6634699	1238.195502
1239	1	430.0330509	1239.070137
1240	1	299.3903631	1239.880289
1241	1	577.1689049	1240.800502
1242	1	344.7523473	1241.904133
1243	1	857.0111855	1243.095904
1244	1	286.5688915	1244.1995
1245	1	440.9535744	1245.119678
1246	1	766.3911449	1245.929824
1247	1	383.0144694	1246.80449
1248	1	238.8039056	1247.858907
1249	1	393.9122826	1249.043045
1250	1	195.8334157	1250.187607
1251	1	440.7014014	1251.159685
1252	1	618.4006945	1251.984949
1253	1	231.855336	1252.824051
1254	1	871.4332222	1253.82492
1255	1	731.4200289	1254.986757
1256	1	319.9488537	1256.160769
1257	1	811.7766309	1257.186972
1258	1	458.8557243	1258.041273
1259	1	675.9689561	1258.857628
1260	1	287.7850841	1259.804879
1261	1	730.5198172	1260.931524
1262	1	734.221481	1262.121125
1263	1	707.9291589	1263.199364
1264	1	209.4653048	1264.094309
1265	1	171.1585584	1264.902547
1266	1	533.7408474	1265.800382
1267	1	708.8620443	1266.881746
1268	1	1.012776591	1268.071831
1269	1	190.9830799	1269.195876
1270	1	736.013737	1270.139833
1271	1	995.5445027	1270.955228
1272	1	197.1293028	1271.811787
1273	1	232.8904319	1272.841387
1274	1	335.1907551	1274.016816
1275	1	139.0302135	1275.176784
1276	1	336.5181648	1276.174218
1277	1	566.1461242	1277.011476
1278	1	460.9933657	1277.838184
1279	1	891.5452028	1278.813664
1280	1	117.398673	1279.960461
1281	1	106.1800909	1281.14361
1282	1	391.8903718	1282.194724
1283	1	696.7431451	1283.06681
1284	1	888.5269647	1283.877471
1285	1	46.20393722	1284.800785
1286	1	292.1775717	1285.907256
1287	1	953.7484448	1287.098995
1288	1	760.9696584	1288.199719
1289	1	55.77053609	1289.116822
1290	1	28.42431291	1289.926519
1291	1	927.0709697	1290.803774
1292	1	370.5902807	1291.861438
1293	1	15.83373884	1293.046495
1294	1	503.6362431	1294.188805
1295	1	949.1540735	1295.157528
1296	1	932.4382734	1295.981421
1297	1	53.70666738	1296.822395
1298	1	914.5521192	1297.826659
1299	1	503.753512	1298.990291
1300	1	191.5400208	1300.16285
1301	1	618.8346394	1301.185685
1302	1	875.3227596	1302.037802
1303	1	419.8779011	1302.855164
1304	1	930.4320383	1303.805687
1305	1	530.3588526	1304.934861
1306	1	844.3974668	1306.123923
1307	1	760.5050413	1307.199051
1308	1	648.9480214	1308.091172
1309	1	929.2898978	1308.89947
1310	1	698.579522	1309.800195
1311	1	228.3087991	1310.884619
1312	1	703.4074531	1312.075124
1313	1	238.0324316	1313.19656
1314	1	540.3359793	1314.13728
1315	1	377.2612467	1314.951785
1316	1	632.8824018	1315.810619
1317	1	987.5986832	1316.843569
1318	1	776.930108	1318.020341
1319	1	716.8817133	1319.178412
1320	1	842.6202016	1320.172452
1321	1	261.9141165	1321.00794
1322	1	461.2833528	1321.836129
1323	1	362.9217455	1322.81498
1324	1	616.9943699	1323.963938
1325	1	309.4496656	1325.146051
1326	1	632.6565312	1326.193886
1327	1	779.0529712	1327.063463
1328	1	888.0381721	1327.874692
1329	1	678.8380479	1328.801129
1330	1	214.3951185	1329.910407
1331	1	196.7420179	1331.102056
1332	1	410.6078621	1332.199876
1333	1	766.9815663	1333.11393
1334	1	786.6994452	1333.923238
1335	1	599.5955891	1334.80312
1336	1	160.0610211	1335.864013
1337	1	187.6109295	1337.049931
1338	1	859.134723	1338.189943
1339	1	515.3023976	1339.155322
1340	1	468.9855316	1339.977899
1341	1	5.275855801	1340.820795
1342	1	757.6011821	1341.828452
1343	1	513.684931	1342.993829
1344	1	441.9041756	1344.16488
1345	1	974.4532586	1345.184341
1346	1	350.3251276	1346.03432
1347	1	197.6999992	1346.852745
1348	1	478.5929573	1347.806556
1349	1	888.8932839	1348.938218
1350	1	559.8263451	1350.126683
1351	1	249.1182879	1351.198675
1352	1	264.9649344	1352.088007
1353	1	563.3802994	1352.896425
1354	1	793.1561129	1353.80007
1355	1	21.17812143	1354.887529
1356	1	736.9154865	1356.078394
1357	1	401.1381314	1357.197183
1358	1	710.06572	1358.134684
1359	1	641.1009812	1358.948356
1360	1	647.7929443	1359.80951
1361	1	958.7259109	1360.845799
1362	1	515.6686355	1362.02386
1363	1	12.84613835	1363.179984
1364	1	828.5939316	1364.170631
1365	1	626.5351284	1365.004401
1366	1	608.3868873	1365.834125
1367	1	705.995399	1366.816353
1368	1	535.0601616	1367.967426
1369	1	61.14019983	1369.148447
1370	1	555.6217044	1370.192987
1371	1	66.89810172	1371.060096
1372	1	751.9889684	1371.871953
1373	1	35.3883295	1372.801536
1374	1	958.621908	1373.913586
1375	1	373.8133253	1375.105085
1376	1	996.7878324	1376.199969
1377	1	758.7311542	1377.111003
1378	1	83.35262387	1377.919981
1379	1	512.7399946	1378.802528
1380	1	866.9363387	1379.86663
1381	1	659.3355215	1381.053352
1382	1	68.85378203	1382.191022
1383	1	925.1414915	1383.153067
1384	1	39.35544163	1383.974383
1385	1	990.7209567	1384.819251
1386	1	699.633553	1385.830299
1387	1	861.9834406	1386.997369
1388	1	168.3591441	1388.166858
1389	1	690.5050308	1389.182939
1390	1	848.4806594	1390.030826
1391	1	229.5174934	1390.850372
1392	1	124.8963854	1391.807485
1393	1	51.18223171	1392.941595
1394	1	639.5163531	1394.129402
1395	1	78.21175888	1395.198237
1396	1	770.7040601	1396.084814
1397	1	557.1308053	1396.893413
1398	1	94.0641561	1397.800008
1399	1	728.4606799	1398.890474
1400	1	420.1081249	1400.081638
1401	1	670.8473959	1401.197745
1402	1	806.677375	1402.132045
1403	1	889.7832285	1402.944944
1404	1	668.2163282	1403.808461
1405	1	828.9565072	1404.848078
1406	1	968.008641	1406.027371
1407	1	749.5716065	1407.181499
1408	1	581.1478867	1408.168758
1409	1	952.4745711	1409.000861
1410	1	214.8312017	1409.832173
1411	1	205.9910138	1410.817784
1412	1	985.3704759	1411.970924
1413	1	516.4471823	1413.150796
1414	1	238.1912531	1414.192027
1415	1	386.2229518	1415.056709
1416	1	212.8282269	1415.869253
1417	1	298.3937199	1416.802005
1418	1	688.050503	1417.916793
1419	1	622.6230268	1419.108081
1420	1	103.5523738	1420.2
1421	1	286.0488933	1421.10804
1422	1	601.3570052	1421.916749
1423	1	868.4883112	1422.801998
1424	1	815.6851575	1423.86929
1425	1	374.9176031	1425.056756
1426	1	482.9724209	1426.192041
1427	1	777.8234269	1427.150765
1428	1	218.9905846	1427.970876
1429	1	155.1731825	1428.817764
1430	1	246.9028244	1429.832199
1431	1	977.1551714	1431.000909
1432	1	540.7590697	1432.168784
1433	1	664.646441	1433.181479
1434	1	673.076236	1434.027324
1435	1	613.6323436	1434.848047
1436	1	66.63667471	1435.808475
1437	1	460.9130597	1436.944991
1438	1	351.0070712	1438.132081
1439	1	605.2218053	1439.197737
1440	1	612.1587279	1440.081594
1441	1	304.2198875	1440.890434
1442	1	839.0836342	1441.800008
1443	1	172.8625512	1442.893454
1444	1	5.519781254	1444.084858
1445	1	216.9904257	1445.198244
1446	1	534.8932337	1446.129365
1447	1	342.4692364	1446.941549
1448	1	165.7430651	1447.807472
1449	1	611.8328301	1448.850404
1450	1	284.8725082	1450.030874
1451	1	302.3212608	1451.182958
1452	1	500.7182761	1452.166831
1453	1	528.6902324	1452.997321
1454	1	14.16145333	1453.830273
1455	1	118.0944045	1454.819272
1456	1	139.147689	1455.974431
1457	1	762.085236	1457.153098
1458	1	206.9689058	1458.191008
1459	1	503.5137965	1459.053305
1460	1	233.7549884	1459.866594
1461	1	662.1311149	1460.802536
1462	1	641.8121984	1461.920025
1463	1	849.6701169	1463.111043
1464	1	873.8990907	1464.199968
1465	1	946.8297607	1465.105044
1466	1	808.5638388	1465.913543
1467	1	76.70759887	1466.80153
1468	1	300.0106679	1467.87199
1469	1	105.2315984	1469.060142
1470	1	702.9051024	1470.193
1471	1	452.7017218	1471.148415
1472	1	349.6052246	1471.967378
1473	1	805.3500231	1472.816334
1474	1	57.27444045	1473.834152
1475	1	188.2768575	1475.004449
1476	1	279.5460147	1476.170657
1477	1	753.0523127	1477.179963
1478	1	406.6901406	1478.023812
1479	1	318.3880569	1478.845769
1480	1	438.5760867	1479.809525
1481	1	350.3583347	1480.948403
1482	1	460.8047942	1482.134719
1483	1	412.2041101	1483.197175
1484	1	947.1218272	1484.078349
1485	1	947.8901805	1484.887489
1486	1	460.4359748	1485.800071
1487	1	370.1839447	1486.896467
1488	1	336.7284185	1488.08805
1489	1	488.4364087	1489.198681
1490	1	851.5300718	1490.126645
1491	1	68.14622256	1490.938173
1492	1	526.23598	1491.806544
1493	1	328.804979	1492.852778
1494	1	342.1042152	1494.034367
1495	1	731.0134162	1495.18436
1496	1	833.1599576	1496.164853
1497	1	707.7586025	1496.993781
1498	1	158.1500931	1497.828427
1499	1	976.820418	1498.820817
1500	1	559.7975707	1499.977947
1501	1	472.1519593	1501.155352
1502	1	395.294053	1502.189928
1503	1	84.35609615	1503.049885
1504	1	276.3733587	1503.863978
1505	1	366.9725411	1504.803129
1506	1	797.1720093	1505.923283
1507	1	11.82504698	1507.11397
1508	1	229.6900963	1508.199874
1509	1	687.0732801	1509.102015
1510	1	36.6807936	1509.910364
1511	1	786.349952	1510.801124
1512	1	660.9815435	1511.87473
1513	1	755.098497	1513.063509
1514	1	517.6528928	1514.193898
1515	1	990.3340766	1515.146018
1516	1	177.9328515	1515.96389
1517	1	437.0265588	1516.814961
1518	1	630.5859925	1517.836156
1519	1	673.6149631	1519.007988
1520	1	917.4987119	1520.172476
1521	1	907.6022459	1521.17839
1522	1	63.82120595	1522.020293
1523	1	637.2311394	1522.843539
1524	1	481.0908309	1523.810634
1525	1	287.5090541	1524.951832
1526	1	721.5402336	1526.137315
1527	1	504.88754	1527.196551
1528	1	677.2957023	1528.07508
1529	1	802.3874345	1528.88458
1530	1	683.3297253	1529.800197
1531	1	115.4936527	1530.899512
1532	1	957.6386821	1532.091215
1533	1	335.5527112	1533.199056
1534	1	318.2915007	1534.123885
1535	1	668.3477427	1534.934815
1536	1	146.7853598	1535.805676
1537	1	278.0040487	1536.855197
1538	1	659.4157397	1538.03785
1539	1	542.226903	1539.185703
1540	1	284.0948618	1540.162822
1541	1	976.1955983	1540.990243
1542	1	574.5787533	1541.826635
1543	1	727.1971307	1542.822417
1544	1	879.3096171	1543.981469
1545	1	662.083465	1545.157558
1546	1	521.8010433	1546.188789
1547	1	254.7659545	1547.046448
1548	1	673.6797084	1547.861403
1549	1	859.1011684	1548.803784
1550	1	472.5307548	1549.926564
1551	1	912.5252752	1551.116861
1552	1	62.49620324	1552.199717
1553	1	487.5600952	1553.098953
1554	1	915.0681952	1553.907213
1555	1	489.8169307	1554.80078
1556	1	484.3018372	1555.877509
1557	1	274.1321455	1557.066856
1558	1	91.08848561	1558.194735
1559	1	665.9399105	1559.143576
1560	1	125.5561495	1559.960414
1561	1	108.8054842	1560.813647
1562	1	442.8958665	1561.838212
1563	1	553.112117	1563.011525
1564	1	962.5379269	1564.174241
1565	1	571.5103803	1565.176761
1566	1	75.88967194	1566.016768
1567	1	362.4720173	1566.841358
1568	1	19.48180693	1567.811803
1569	1	463.9065726	1568.955275
1570	1	955.89933	1570.139867
1571	1	977.5686216	1571.195866
1572	1	142.9748627	1572.071786
1573	1	272.7850317	1572.881707
1574	1	970.8766214	1573.800385
1575	1	771.9153798	1574.902589
1576	1	605.8540532	1576.094352
1577	1	842.3831943	1577.199368
1578	1	678.5942487	1578.121086
1579	1	923.5081971	1578.931478
1580	1	974.7274703	1579.804869
1581	1	58.07652795	1580.857662
1582	1	26.37872706	1582.04132
1583	1	709.7676213	1583.186989
1584	1	639.9676364	1584.160741
1585	1	467.9375365	1584.986709
1586	1	557.1661284	1585.824896
1587	1	94.3442484	1586.824074
1588	1	819.9046943	1587.984997
1589	1	374.7345092	1589.159714
1590	1	912.2306219	1590.187591
1591	1	839.3931024	1591.042998
1592	1	592.903836	1591.858873
1593	1	95.93323816	1592.8045
1594	1	238.321067	1593.929869
1595	1	23.29766455	1595.119716
1596	1	154.0332106	1596.199497
1597	1	880.4461071	1597.095861
1598	1	118.9607938	1597.904091
1599	1	859.9383927	1598.800499
1600	1	865.4890558	1599.880327
1601	1	895.4576946	1601.070182
1602	1	11.68872772	1602.195512
1603	1	796.0988055	1603.141089
1604	1	182.145709	1603.95695
1605	1	32.30547576	1604.812391
1606	1	163.1463716	1605.840319
1607	1	548.1757222	1607.015057
1608	1	768.3964459	1608.175952
1609	1	779.5120127	1609.175077
1610	1	349.0702667	1610.013237
1611	1	708.2533773	1610.839227
1612	1	330.6236048	1611.813031
1613	1	616.0604481	1612.958733
1614	1	458.8944876	1614.142376
1615	1	219.1195128	1615.195119
1616	1	432.0580519	1616.068471
1617	1	639.3671886	1616.87887
1618	1	831.1335141	1617.800636
1619	1	708.7259377	1618.905696
1620	1	179.7722778	1620.097459
1621	1	579.9043635	1621.199618
1622	1	777.8956598	1622.11825
1623	1	759.0451865	1622.928163
1624	1	250.622633	1623.804123
1625	1	343.7674636	1624.860171
1626	1	730.7311563	1626.044778
1627	1	287.2839787	1627.188215
1628	1	443.8936219	1628.158609
1629	1	839.8319708	1628.983178
1630	1	983.6560054	1629.823213
1631	1	614.5532096	1630.825785
1632	1	176.550036	1631.98853
1633	1	64.09569376	1633.16182
1634	1	685.6967099	1634.186334
1635	1	229.9346795	1635.039533
1636	1	664.5115708	1635.856386
1637	1	844.2246935	1636.805277
1638	1	735.0460101	1637.933195
1639	1	899.502222	1639.122533
1640	1	244.2363195	1640.199215
1641	1	883.6240083	1641.092739
1642	1	45.63027779	1641.900999
1643	1	492.8958153	1642.80028
1644	1	580.4332883	1643.883183
1645	1	948.9490883	1645.073486
1646	1	631.6533954	1646.196227
1647	1	472.5310837	1647.138557
1648	1	121.5856282	1647.953499
1649	1	279.7107045	1648.811193
1650	1	769.2133625	1649.842476
1651	1	750.7980393	1651.018585
1652	1	18.0845002	1652.177608
1653	1	848.4560706	1653.173338
1654	1	902.3466118	1654.009703
1655	1	676.0390135	1654.837146
1656	1	40.59825734	1655.814317
1657	1	495.4190595	1656.962204
1658	1	686.5806968	1658.14484
1659	1	36.87055609	1659.194311
1660	1	250.5731915	1660.065133
1661	1	316.4449395	1660.876072
1662	1	166.8095809	1661.80095
1663	1	459.6260518	1662.908833
1664	1	917.8402832	1664.100535
1665	1	49.0153434	1665.199805
1666	1	281.9284883	1666.115376
1667	1	815.1344902	1666.92487
1668	1	893.1126503	1667.803439
1669	1	790.2757582	1668.862725
1670	1	22.63945691	1670.048221
1671	1	79.22837795	1671.189383
1672	1	920.8697018	1672.156427
1673	1	514.1398377	1672.979653
1674	1	42.4667468	1673.821585
1675	1	790.6273652	1674.827551
1676	1	728.1132948	1675.992066
1677	1	95.39978668	1677.163875
1678	1	789.4856089	1678.185018
1679	1	707.1593015	1679.036056
1680	1	389.8144324	1679.853945
1681	1	906.13564	1680.806116
1682	1	127.3452025	1681.936543
1683	1	460.3417582	1683.125312
1684	1	527.2828773	1684.19887
1685	1	614.0498909	1685.089588
1686	1	51.78176411	1685.897939
1687	1	21.53292141	1686.800124
1688	1	111.4803368	1687.886075
1689	1	555.2998125	1689.076768
1690	1	605.0701516	1690.196881
1691	1	784.0433901	1691.135983
1692	1	954.7561381	1691.950063
1693	1	194.315238	1692.810055
1694	1	466.6769659	1693.844682
1695	1	911.1210886	1695.022107
1696	1	415.9585583	1696.179208
1697	1	298.0126867	1697.171545
1698	1	257.3595617	1698.006165
1699	1	831.9041743	1698.835117
1700	1	694.5356427	1699.815661
1701	1	6.178465293	1700.965686
1702	1	637.1521288	1702.147259
1703	1	815.0126267	1703.193442
1704	1	661.3194773	1704.061776
1705	1	334.9348363	1704.873313
1706	1	959.1590535	1705.801325
1707	1	535.34654	1706.911998
1708	1	566.6397998	1708.10358
1709	1	115.8627534	1709.19993
1710	1	508.9158353	1710.112466
1711	1	814.9732248	1710.921601
1712	1	632.2710913	1711.802816
1713	1	130.0921548	1712.865321
1714	1	533.2427626	1714.051649
1715	1	951.0827623	1715.190492
1716	1	77.99401788	1716.154197
1717	1	436.7314328	1716.976134
1718	1	781.6611752	1717.820013
1719	1	163.6399117	1718.829372
1720	1	692.8375352	1719.995605
1721	1	434.6804555	1721.165879
1722	1	819.9034622	1722.183645
1723	1	554.4114636	1723.032568
1724	1	788.1459503	1723.851549
1725	1	267.8980584	1724.807015
1726	1	529.2825582	1725.93991
1727	1	649.2126767	1727.128052
1728	1	180.9381297	1728.198463
1729	1	198.0957666	1729.086408
1730	1	155.6466732	1729.89491
1731	1	985.8579114	1730.800031
1732	1	250.5648443	1731.889002
1733	1	372.6247212	1733.080025
1734	1	479.3194244	1734.197473
1735	1	304.4180815	1735.133365
1736	1	711.4256289	1735.946642
1737	1	470.8774242	1736.808976
1738	1	626.7019223	1737.846937
1739	1	208.279213	1739.025623
1740	1	391.6082921	1740.180751
1741	1	171.0734548	1741.169698
1742	1	580.5335134	1742.002625
1743	1	276.7641931	1742.833139
1744	1	92.04445891	1743.817064
1745	1	260.6362488	1744.969179
1746	1	837.1985962	1746.149632
1747	1	752.960878	1747.192513
1748	1	364.5281691	1748.058399
1749	1	599.6436014	1748.870593
1750	1	342.7324915	1749.801763
1751	1	436.4797595	1750.915191
1752	1	258.2207493	1752.106592
1753	1	432.0732106	1753.199992
1754	1	35.58397687	1754.109521
1755	1	78.72852083	1754.918356
1756	1	339.4564164	1755.802255
1757	1	208.4385439	1756.867959
1758	1	743.2060061	1758.055062
1759	1	498.2135587	1759.191541
1760	1	68.51377946	1760.151918
1761	1	390.1591301	1760.972623
1762	1	258.8402376	1761.818498
1763	1	755.1752466	1762.831245
1764	1	879.0287605	1763.999145
1765	1	868.7621177	1765.167831
1766	1	212.4939461	1766.182214
1767	1	445.4767572	1767.02907
1768	1	22.41453012	1767.8492
1769	1	776.5498961	1768.807974
1770	1	400.7133676	1769.943296
1771	1	623.3291248	1771.130752
1772	1	973.5523916	1772.197994
1773	1	379.0211806	1773.083202
1774	1	696.8421841	1773.891914
1775	1	452.3092389	1774.8
1776	1	443.4847066	1775.891965
1777	1	243.7584687	1777.083257
1778	1	167.734734	1778.198003
1779	1	644.418448	1779.130706
1780	1	12.67518171	1779.943239
1781	1	10.86714815	1780.807958
1782	1	413.5182035	1781.849239
1783	1	323.4721326	1783.02913
1784	1	344.6149714	1784.182238
1785	1	244.178385	1785.167798
1786	1	409.8534747	1785.999085
1787	1	48.1016992	1786.831213
1788	1	948.1939144	1787.818523
1789	1	37.08576922	1788.972682
1790	1	533.9797828	1790.151957
1791	1	523.724592	1791.191523
1792	1	86.67120157	1792.055004
1793	1	231.7400558	1792.867914
1794	1	383.4863266	1793.802264
1795	1	424.7193652	1794.918411
1796	1	773.6176624	1796.109571
1797	1	852.9670255	1797.199992
1798	1	945.747307	1798.106541
1799	1	118.2331567	1798.915137
1800	1	187.719144	1799.801755
1801	1	109.1228236	1800.870639
1802	1	454.4690652	1802.058457
1803	1	202.1733026	1803.192529
1804	1	283.3203153	1804.149591
1805	1	340.1579589	1804.96912
1806	1	610.3756506	1805.817039
1807	1	656.6716553	1806.833172
1808	1	979.6746688	1808.002685
1809	1	423.7092498	1809.16973
1810	1	835.3630496	1810.180726
1811	1	189.4701244	1811.025563
1812	1	391.2336116	1811.846898
1813	1	562.1071457	1812.808994
1814	1	956.8393418	1813.9467
1815	1	44.21819786	1815.13341
1816	1	64.53395018	1816.197463
1817	1	908.3357333	1817.079969
1818	1	693.9681062	1817.888952
1819	1	854.2899491	1818.800032
1820	1	772.3675697	1819.894961
1821	1	958.0489144	1821.086463
1822	1	382.6512417	1822.198471
1823	1	421.0713212	1823.128006
1824	1	260.80654	1823.939853
1825	1	497.4868866	1824.806999
1826	1	9.571962604	1825.851589
1827	1	878.7686951	1827.032628
1828	1	329.9092564	1828.183668
1829	1	194.0100359	1829.165845
1830	1	282.095743	1829.995545
1831	1	950.0718768	1830.82934
1832	1	641.3865153	1831.82004
1833	1	279.0922909	1832.976194
1834	1	307.2295178	1834.154235
1835	1	442.8355007	1835.190473
1836	1	891.6021539	1836.051591
1837	1	325.3371119	1836.865276
1838	1	374.5416993	1837.802826
1839	1	775.4804997	1838.921656
1840	1	657.4286188	1840.112516
1841	1	6.010671479	1841.199929
1842	1	87.57135691	1842.103528
1843	1	249.7533041	1842.911944
1844	1	261.6132669	1843.801318
1845	1	112.4610724	1844.873359
1846	1	494.7837312	1846.061833
1847	1	471.228257	1847.193458
1848	1	536.1189095	1848.147218
1849	1	934.2526135	1848.965627
1850	1	62.09120408	1849.815638
1851	1	84.30811224	1850.835151
1852	1	801.9775788	1852.006225
1853	1	509.3266556	1853.171576
1854	1	389.7932915	1854.179181
1855	1	118.7174874	1855.022047
1856	1	655.2424934	1855.844644
1857	1	260.896221	1856.810074
1858	1	520.4468271	1857.950121
1859	1	34.05671705	1859.136027
1860	1	962.6560782	1860.19687
1861	1	932.3393054	1861.076712
1862	1	522.7534171	1861.886025
1863	1	627.4454993	1862.800126
1864	1	845.5811678	1863.897991
1865	1	875.4436562	1865.089642
1866	1	54.17198366	1866.198877
1867	1	71.26946468	1867.125265
1868	1	195.4050827	1867.936486
1869	1	541.6388524	1868.806101
1870	1	546.2931348	1869.853986
1871	1	261.8708879	1871.036116
1872	1	209.3757682	1872.185041
1873	1	736.2002248	1873.16384
1874	1	406.0972613	1873.992006
1875	1	515.4898362	1874.827521
1876	1	710.5791132	1875.821613
1877	1	991.470221	1876.979713
1878	1	155.9546587	1878.156465
1879	1	474.3878963	1879.189364
1880	1	479.2808626	1880.048163
1881	1	423.9145055	1880.862681
1882	1	487.3406974	1881.80345
1883	1	994.2795882	1882.924926
1884	1	81.36125387	1884.115425
1885	1	13.80713089	1885.199803
1886	1	986.5386563	1886.100483
1887	1	950.1805272	1886.908779
1888	1	784.2815375	1887.800944
1889	1	74.25824465	1888.87612
1890	1	417.5895572	1890.06519
1891	1	359.2370149	1891.194326
1892	1	986.6973668	1892.144799
1893	1	939.0451983	1892.962145
1894	1	15.43525796	1893.814295
1895	1	473.2613653	1894.837181
1896	1	898.161501	1896.009763
1897	1	143.6651837	1897.173368
1898	1	245.7252679	1898.17758
1899	1	131.4657945	1899.018525
1900	1	703.0798901	1899.842439
1901	1	330.0469657	1900.811213
1902	1	103.4760625	1901.953557
1903	1	221.3166351	1903.138601
1904	1	850.1681583	1904.196215
1905	1	788.1168325	1905.07343
1906	1	185.6708967	1905.883134
1907	1	394.8449688	1906.800284
1908	1	259.6309053	1907.901052
1909	1	598.7680648	1909.092792
1910	1	667.8194273	1910.19922
1911	1	76.44003201	1911.122486
1912	1	392.681823	1911.933139
1913	1	231.5620575	1912.805263
1914	1	946.1698848	1913.856428
1915	1	359.4158976	1915.039592
1916	1	290.7252317	1916.186355
1917	1	95.94440387	1917.161784
1918	1	644.942894	1917.988469
1919	1	496.1178785	1918.825756
1920	1	266.4384793	1919.823241
1921	1	732.8692539	1920.983238
1922	1	949.2994861	1922.158646
1923	1	965.7186241	1923.188195
1924	1	828.4537236	1924.044719
1925	1	189.8806554	1924.860128
1926	1	784.4721789	1925.804135
1927	1	459.724529	1926.928219
1928	1	125.3709261	1928.118298
1929	1	383.1152229	1929.199614
1930	1	67.42503142	1930.097406
1931	1	910.505674	1930.905643
1932	1	975.4069966	1931.800631
1933	1	698.077467	1932.878918
1934	1	245.9605927	1934.068527
1935	1	675.4378999	1935.195132
1936	1	89.90630811	1936.142334
1937	1	968.3588535	1936.958674
1938	1	664.7796679	1937.813009
1939	1	113.1876731	1938.839263
1940	1	82.76617076	1940.013297
1941	1	35.85563692	1941.175106
1942	1	571.9733916	1942.175923
1943	1	839.618591	1943.014997
1944	1	768.347472	1943.840283
1945	1	999.6196205	1944.812412
1946	1	605.1060577	1945.957008
1947	1	367.2370494	1947.141132
1948	1	16.91015947	1948.195499
1949	1	235.4454119	1949.070126
1950	1	679.2714017	1949.880279
1951	1	429.0086408	1950.800503
1952	1	166.2818118	1951.904144
1953	1	542.7427475	1953.095914
1954	1	588.6114694	1954.199501
1955	1	811.606659	1955.119668
1956	1	472.2100672	1955.929812
1957	1	918.4698834	1956.804487
1958	1	863.485978	1957.858915
1959	1	521.8370684	1959.043056
1960	1	528.9374032	1960.187611
1961	1	679.5851826	1961.159677
1962	1	681.6844626	1961.984937
1963	1	189.0617268	1962.824045
1964	1	472.2524118	1963.824926
1965	1	616.9556231	1964.986769
1966	1	925.9262531	1966.160777
1967	1	166.1491833	1967.186967
1968	1	864.1156033	1968.041261
1969	1	274.2625561	1968.85762
1970	1	573.9729282	1969.804882
1971	1	124.8043456	1970.931535
1972	1	517.6394456	1972.121134
1973	1	80.84319176	1973.199363
1974	1	370.2693039	1974.094299
1975	1	674.094602	1974.902536
1976	1	26.34423256	1975.800382
1977	1	651.7891438	1976.881755
1978	1	892.6724613	1978.071843
1979	1	450.218976	1979.195878
1980	1	866.9365207	1980.139824
1981	1	750.4863527	1980.955217
1982	1	448.1625636	1981.811783
1983	1	606.6513949	1982.841395
1984	1	700.242566	1984.016828
1985	1	233.4705223	1985.17679
1986	1	454.0825139	1986.174212
1987	1	47.72509261	1987.011464
1988	1	611.3311405	1987.838177
1989	1	17.08994744	1988.813669
1990	1	624.3197513	1989.960473
1991	1	194.3635893	1991.143618
1992	1	505.8230849	1992.194722
1993	1	479.7987556	1993.066799
1994	1	710.5471263	1993.877462
1995	1	690.3305204	1994.800786
1996	1	726.0499762	1995.907266
1997	1	441.0355999	1997.099006
1998	1	328.6330284	1998.19972
1999	1	547.1036341	1999.116812
2000	1	858.383081	1999.926508
