338.729	1	1116020000	4185.42
675.894	1	689196000	4183.72
1274.5	1	346719000	2127.34
982.369	1	505465000	2612.02
564.041	1	156601000	4137.46
709.449	1	147152000	1972.49
913.957	1	316136000	2496.48
1114.54	1	161633000	2688.5
339.625	1	136758000	4192.67
392.329	1	213692000	4122.14
748.248	1	120991000	1449.25
410.875	1	106985000	1074.12
678.773	1	101136000	4182.65
1095.66	1	119287000	2171.45
1106.31	1	248164000	2454.81
1081.54	1	77337300	2952.34
470.793	1	100538000	1343.7
922.351	1	133436000	2708.59
1063.86	1	118307000	1975.04
1103.53	1	120041000	2260.72
965.764	1	67995300	2723.55
984.548	1	133312000	1847.84
1010.57	1	97563900	2681.1
1280.49	1	139835000	2131.47
853.438	1	166084000	2135.81
440.933	1	65884700	1131.98
339.658	1	141298000	4124.42
1123.53	1	148806000	2662.25
451.667	1	53975900	2829.4
1024.15	1	136186000	2523.46
539.408	1	113688000	4139.59
391.751	1	125706000	4213.6
1153.75	1	85171900	2567.43
1106.77	1	60464700	1462.48
427.214	1	65120900	1075.31
621.242	1	149295000	4164.05
1121.58	1	50840500	1455.63
983.703	1	172245000	2686.38
391.401	1	103190000	127.589
391.325	1	39727300	64.6224
925.005	1	67248700	1286.51
416.598	1	149102000	4113.77
391.639	1	109468000	1176.12
982.212	1	174604000	2411.62
391.363	1	94366500	4626.56
1310.07	1	48715500	2879.98
844.27	1	41449200	1298.79
1305.33	1	81747100	2110.92
391.393	1	97057600	4498.66
1172.37	1	33045300	1362.91
709.006	1	49084900	1343.21
391.946	1	108255000	1048.3
677.055	1	26118500	4205.39
391.579	1	90678700	1306.22
823.567	1	107233000	2565.27
463.221	1	63431200	1317.49
771.849	1	80068700	2629.88
1204.1	1	148410000	2438.82
391.404	1	83934600	274.329
391.696	1	25825100	4565.26
391.384	1	83676600	4983.12
391.421	1	88026700	530.831
391.375	1	92071100	4738.04
1085.82	1	69003800	2737.21
391.384	1	94465600	4868.72
391.875	1	80635200	806.002
391.566	1	90296800	911.687
391.405	1	54863400	5067.44
392.984	1	104423000	718.922
391.421	1	72505000	631.901
391.453	1	44753600	201.325
912.4	1	163929000	2451.41
323.296	1	49328500	4184.24
391.604	1	78961800	1392.52
392.715	1	41788900	1113.83
391.475	1	42648300	4415.39
474.3	1	42786800	1194.45
355.329	1	160841000	4125.36
929.366	1	102653000	2628.91
391.417	1	76969300	384.885
391.948	1	35293500	1241.88
340.3	1	83655300	4073.96
424.302	1	46538400	1003.82
654.418	1	80728800	2107.4
391.514	1	34211800	456.634
391.435	1	36752900	4351.63
801.721	1	107038000	2319.33
753.592	1	99318700	1981.28
392.133	1	28668500	983.894
1113.99	1	90531300	2769.92
917.079	1	124226000	1837.99
391.637	1	19169900	4803.02
313.24	1	35908300	4202.79
391.801	1	11655200	332.878
392.071	1	67284400	2629.6
391.983	1	65050400	1641.06
739.689	1	74078500	1463.86
638.89	1	152282000	4155.4
451.794	1	43090900	2642.96
702.795	1	169314000	4177.8
666.728	1	142703000	4169.74
391.64	1	55316400	2103.09
787.912	1	134178000	2084.82
663.544	1	53443500	4140.04
1002.13	1	138116000	2570.64
845.502	1	86592700	2098.74
1223.29	1	79915900	2269.85
391.652	1	58357800	1930.7
391.838	1	11698100	4931.59
537.53	1	47830600	1642.14
391.432	1	28166600	17.8248
391.705	1	34714800	4298.23
391.699	1	59240700	2478.54
1031.32	1	137250000	2099.53
792.13	1	49511300	1369.8
1062.4	1	36913000	1345.67
991.126	1	196433000	2616.09
826.539	1	162409000	2098.94
600.487	1	152214000	4100.72
1001.84	1	140379000	2397.99
810.872	1	87235600	1616.27
759.296	1	65939500	2247.23
391.842	1	65964900	2204.71
748.388	1	68001400	2491.42
966.124	1	138836000	1965.08
391.652	1	34207400	2553.12
622.233	1	119537000	4099.57
966.121	1	51912400	1615.41
1066.34	1	39158400	3009.64
1154.08	1	87175600	2663.36
1103.91	1	80911600	2511.95
914.34	1	103793000	4196.72
1128.33	1	80196700	2331.79
449.005	1	122694000	4158.9
391.804	1	36960600	3704.93
1207.57	1	76161700	2019.21
1295.04	1	115907000	2135.64
391.718	1	29686500	1866.69
1215.62	1	38928000	1473.81
839.721	1	130755000	2462.37
391.902	1	48195300	2821.03
948.896	1	149946000	1939.28
593.206	1	128947000	4130.59
491.74	1	166858000	4103.91
391.803	1	60712900	2922.89
392.116	1	48464000	2019.74
391.635	1	43081700	3289.96
995.447	1	73430500	1762.23
629.524	1	34483100	2618.38
391.723	1	38910100	3539.2
966.139	1	27536100	1540.53
1124.29	1	112152000	2116.62
915.832	1	108595000	1966.72
553.886	1	152747000	4113.8
578.966	1	167222000	4107.67
615.392	1	30403300	2708.04
647.33	1	53574100	1341.22
1122.25	1	100234000	2594.25
989.589	1	111870000	2014.41
689.72	1	181957000	4114.53
592.188	1	26424000	1076.81
340.105	1	70102500	122.851
393.399	1	75054800	1539.3
391.813	1	43809400	2382.33
1275.84	1	91460700	2217.88
392.147	1	36143000	2741.93
1025.58	1	83091600	2291.68
600.442	1	45506800	2256.8
533.182	1	100066000	4093.47
1389.38	1	52504800	2003.47
392.35	1	21707600	2695.02
1343.91	1	105361000	2431.19
392.033	1	47539700	1726.53
1201.46	1	103109000	2255.83
502.986	1	36756300	1354.36
886.312	1	98915200	2380.15
391.758	1	24637800	3474.06
667.054	1	113424000	4092.15
925.745	1	137481000	2498.97
791.627	1	64583800	2182.37
568.481	1	82532400	4137.2
644.554	1	128445000	4092.81
739.125	1	52334600	2515.1
992.896	1	74732000	2169.71
1068.01	1	97701600	1825.92
374.263	1	152635000	4108.02
472.135	1	32322700	1144.59
391.777	1	46555200	2298.78
807.155	1	165064000	4121.35
555.828	1	53349800	1954.6
391.928	1	43044400	3026.58
392.038	1	33407800	1809.48
391.878	1	41523900	3152.83
391.775	1	38857400	1462.08
1174.28	1	71580200	2563.61
1264.68	1	89071700	2134.5
552.826	1	57891500	4184.72
391.835	1	38862600	3631.77
715.161	1	88947000	115.497
508.647	1	170321000	4107.89
926.745	1	43625600	2571.03
532.397	1	54585600	1924.98
944.825	1	42118000	1863.38
657.642	1	63124200	2620.35
1274.45	1	12306200	2158.76
1125.48	1	67391100	1881.91
869.013	1	129719000	2145.11
372.648	1	70466500	4182.14
1140	1	93907400	1961.86
1335.13	1	81656800	2204.61
845.552	1	31640800	2956.97
1311.72	1	25283600	3108.49
961.754	1	135427000	2134.47
799.203	1	72412800	4071.51
859.632	1	47832200	1347.97
943.515	1	34051300	2977.72
1437.73	1	44804100	2331.37
396.117	1	21562400	1609.52
687.061	1	26226200	1198.24
1101.71	1	73656900	2416.83
517.404	1	42930200	1265.98
755.317	1	160391000	4111.87
403.999	1	137171000	4101.28
710.41	1	34874600	116.566
677.129	1	74073400	2061.48
725.33	1	136647000	4171.14
759.108	1	69022300	4059.57
391.893	1	36906600	3400.23
1022.26	1	89291900	2597.18
986.254	1	54452200	2545.77
714.054	1	88221900	2042.29
1425.57	1	59781400	2623.1
1225.09	1	114556000	2428
1058.07	1	79705500	2511.2
359.151	1	57790100	4195.15
636.038	1	43208500	4093.88
1131.75	1	83077900	2249.1
418.679	1	40528900	1297.6
447.477	1	133533000	4092.36
833.897	1	72016100	2412.57
1093.98	1	37249700	1617.46
1209.31	1	78656500	2349.27
926.581	1	133157000	2358.3
738.244	1	26481100	1086.34
877.036	1	21575600	844.084
431.717	1	141877000	4108.08
987.866	1	106378000	4179.42
1107.58	1	78688300	1952.17
834.42	1	26005000	1197.67
1225.28	1	123273000	4120.37
859.298	1	104861000	2067.33
714.558	1	68012400	1825.53
1039.54	1	106841000	4185.34
1012.18	1	132766000	1966.99
1032.83	1	68761100	4139.52
473.266	1	150308000	4112.47
684.086	1	84099600	1877.03
1137	1	42509600	2880.9
1028.82	1	128387000	1958.86
1187.65	1	80353300	2372.7
1028.12	1	142035000	2435.82
368.633	1	53212900	4101.37
943.103	1	125087000	2426.71
933.132	1	103087000	1961.71
1368.92	1	95178600	2427.37
1186.84	1	64516500	2538.83
1487.69	1	44696700	2174.98
1198.16	1	71427800	2316.37
708.293	1	162489000	4103.93
751.752	1	53339400	2653.48
1258.89	1	55073800	2513.43
876.662	1	45902500	2888.05
1092.08	1	115386000	2204.79
1224.53	1	51904300	2347.78
840.635	1	110359000	1975.86
821.054	1	25136500	1077.99
1131.59	1	143989000	2427.73
1041.95	1	107759000	2054.11
979.484	1	110015000	1952.7
1496.78	1	38913300	2401.71
1123.66	1	118362000	2450.62
941.786	1	141773000	4171.24
1223.12	1	35374700	1327.2
1222.64	1	29338300	1197.14
1297.05	1	78809500	2240.69
916.339	1	95644900	2147.57
1016.83	1	111166000	4178.72
969.648	1	109713000	2632.29
614.838	1	59740200	4113.65
919.532	1	100414000	2253.66
903.905	1	44983100	2838.49
1109.57	1	52419700	2691.04
807.261	1	137736000	1934.6
392.772	1	16842300	3097.4
610.915	1	38140600	1476.39
776.635	1	163944000	4116.11
883.34	1	47853500	2717.76
1347.29	1	51295600	2054.51
387.179	1	56028800	4146.5
524.973	1	82879900	4161.5
822.592	1	106978000	1939.25
341.14	1	21509000	4026.77
1209.22	1	61053700	2638.73
1118.62	1	40171300	2463.57
339.554	1	29231900	4273.32
547.908	1	60626900	4099.3
1239.82	1	95660500	2088.29
1224.89	1	83616600	2625.55
953.32	1	49963600	2145.39
796.2	1	111050000	4139.69
940.94	1	39300500	1348.85
1224.72	1	78774800	2154.29
720.196	1	109613000	4087.54
400.944	1	32651300	965.377
1002.24	1	37075600	1468.15
871.276	1	96928200	1956.29
1015.04	1	65176200	2627.45
772.229	1	79975100	2107.78
991.922	1	108679000	2281.47
984.782	1	93674900	2493.99
307.34	1	44281000	4175.97
913.728	1	41251100	2953.9
1174.7	1	74348000	2248.7
1188.1	1	25758100	2311.85
699.43	1	59452400	2099.68
1004.46	1	23363000	3497.2
666.975	1	41493900	1608.22
330.342	1	103650000	4112.46
913.843	1	72213700	2697.84
893.352	1	111555000	2186.94
393.409	1	109511000	4059.07
915.1	1	61837200	2810.9
908.594	1	66555400	2005.14
659.314	1	48617600	4094.67
372.681	1	19125200	3706.68
389.41	1	27146500	3314.78
430.469	1	72034900	4184.08
1314.05	1	54087600	2619.2
991.401	1	68435200	2101.62
1088.27	1	72388300	2260.38
1167.6	1	73103500	2057.7
1222.73	1	22087300	1113.24
1222.41	1	26880100	636.012
524.108	1	49546300	4094.9
422.185	1	47707400	4185.8
484.62	1	39441400	1666.52
414.715	1	42040300	4196.97
1222.38	1	31799100	520.691
1091.03	1	82365800	4180.16
1222.46	1	27505200	755.203
961.536	1	54069300	2556.12
1062.86	1	93077800	2247.94
1114.6	1	74715400	2423.99
1222.32	1	26426200	375.077
977.825	1	40838000	4179.92
1492.99	1	37057200	2483.78
914.318	1	92601700	2378.5
1264.04	1	104517000	2431.37
750.394	1	53944900	1721.25
931.819	1	71663500	4140.92
1222.96	1	6145000	697.068
1222.35	1	24273500	4843.99
1065.44	1	100780000	4180.28
1222.36	1	25021200	186.924
1222.65	1	31469500	862.033
1110.41	1	106759000	2611.72
1224.38	1	61555700	2524.43
901.198	1	142521000	2429.2
342.349	1	36113700	4192.11
870.259	1	32715900	3099.83
680.349	1	67111600	4111.42
1060.29	1	56653700	1920.09
854.204	1	65843700	2611.97
1224.17	1	35263500	1446.29
1224.4	1	20157500	4034.87
913.792	1	128471000	2570.41
1222.39	1	11194500	446.814
807.155	1	71481900	2246.91
838.934	1	139014000	4156.05
820.104	1	80562000	2146.6
1058.15	1	52717800	4155.46
1148.81	1	58137500	2717.25
767.622	1	97710500	4166.6
1222.34	1	26386100	5044.23
941.356	1	60344900	2353.45
1012.68	1	134420000	2138.55
1261.13	1	61870500	2048.15
1495.53	1	28890300	2612.73
865.029	1	81115400	2222.87
690.585	1	21079700	866.713
1223.71	1	47600900	4205.68
507.649	1	36529500	1268.79
901.968	1	159170000	4133.52
701.347	1	10689100	4129.7
943.309	1	94227200	2132.43
1106.71	1	94191000	2341.11
820.335	1	166442000	4134.72
861.495	1	12150900	2135.11
852.909	1	28228200	2065.37
1326.59	1	68109900	2373.4
463.203	1	91815800	4099.65
1005.84	1	69947300	4164.23
992.687	1	110332000	2422.74
1224.44	1	48392800	2728.62
933.029	1	88064500	1892.83
767.855	1	33897000	4089.91
1175.7	1	135726000	2431.96
349.32	1	22334800	4117.77
980.109	1	25284700	2610.16
1154.59	1	123408000	2445.49
1060.66	1	89825600	2349.04
787.478	1	66021800	2626.4
1222.52	1	30030100	970.936
898.407	1	48929600	1667.35
1222.44	1	21876800	4953.36
1222.39	1	17250300	4758.59
570.734	1	20377100	4070.95
1222.85	1	15091400	1054.65
928.35	1	44450000	4196.59
1222.45	1	27752900	4566.84
1125.34	1	86393300	1973.98
1222.37	1	15706100	296.07
1204.79	1	30381300	2612.14
736.228	1	91950100	1916.85
918.446	1	53479600	1755.92
1014.05	1	91824000	2055.02
611.876	1	59513300	4173.58
1222.5	1	8182550	250.879
1223.12	1	31689900	92.6324
980	1	15895600	2551.64
1107.47	1	130408000	2128.7
1407.82	1	48017000	1948.21
1096.82	1	41833800	2462.02
885.732	1	147807000	4162.06
874.834	1	51118900	1459.71
727.19	1	60574400	1682.84
789.032	1	80863200	4158.78
562.917	1	44605200	4175.95
1054.03	1	126185000	2426.22
579.029	1	17606500	2703
744.856	1	28148800	2690.88
384.662	1	33478400	4192.71
797.01	1	60971400	1865.38
793.398	1	124452000	1970.45
1431.37	1	72200100	2433.05
589.86	1	35213900	1365.54
1103.94	1	101510000	4170.74
757.483	1	57295800	1457.73
1080.91	1	125535000	1986.28
1167.75	1	70481900	1874.37
735.716	1	159619000	4121.03
490.912	1	40859400	1958.22
883.27	1	118678000	2095.27
727.829	1	19600200	4100.13
1120.73	1	105340000	4180.48
1025.43	1	58270800	1762.02
1123.04	1	71463100	2226.04
1173.52	1	77682400	2153.44
871.465	1	50122700	1604.1
710.649	1	16789000	4039.76
1223.91	1	11831000	1264.7
1309.48	1	94830600	2384.81
852.169	1	105829000	2432.99
1006.88	1	17496600	2029.17
1174.75	1	30442100	2495.55
993.444	1	37819500	2348.98
648.713	1	54458100	1980.37
689.879	1	55705600	4191.49
988.01	1	24946200	2349.58
1368.2	1	68454600	2587.83
842.243	1	33170300	2382.44
1222.37	1	9476810	15.4458
1000.61	1	36868100	4179.82
812.37	1	54382400	4196.16
1072.02	1	55032000	1960.4
440.952	1	49190000	4102.58
1395.98	1	69961200	2419.04
943.504	1	71105800	2556.81
852.927	1	24717400	1084.81
1081.65	1	53344100	4179.05
1137.32	1	144254000	4133.2
733.127	1	64396000	1988.09
1222.44	1	19796500	4682.3
1129.97	1	83778500	2558.22
1216.77	1	61943400	4166.21
1454.62	1	75946100	2427.96
901.423	1	96621800	2107.88
705.094	1	27073200	1786.38
1325.23	1	60527000	2485.22
845.731	1	15820900	1000.13
631.546	1	66570500	4174.58
1434.59	1	64674000	4116.2
1326.28	1	84155000	4150.77
984.289	1	50984900	2791.09
479.609	1	65194900	4188.75
482.633	1	38405700	4116.84
1010.04	1	96372300	2253.26
1222.4	1	18213400	4473.11
1339.22	1	84982600	2629.16
1428.46	1	28625100	2347.58
1325.47	1	63964300	2135.62
607.78	1	19555500	4181.33
961.441	1	130978000	4172.77
847.548	1	149530000	4096.12
784.295	1	25682700	4190.07
592.21	1	34817700	4191.58
633.217	1	61296000	1941.54
820.518	1	96820700	2273.98
883.075	1	105181000	2456.81
1222.71	1	5257980	4904.72
715.01	1	43955400	4189.22
392.361	1	14643500	3222.94
1165.81	1	66557500	2452.84
1112.39	1	15819600	4187.27
367.573	1	23131900	4181.65
1217.69	1	65368900	2440.01
908.248	1	62761800	2216.37
1223.68	1	28957000	1639.56
1124.63	1	66231600	2763.83
1223.4	1	17398800	1570.91
962.771	1	107830000	2347.9
1350.41	1	46765200	2640.68
392.327	1	15126100	3993.63
675.421	1	34078300	4142.6
1041.51	1	106500000	2268.08
646.862	1	46336300	2132.74
706.256	1	53946700	1954.95
1049.96	1	41912500	2354.36
776.07	1	61902100	1621.47
1139.37	1	90945800	2662.85
886.324	1	130836000	1957.41
1257.34	1	26422800	2152.49
612.974	1	34864800	2490.3
1326.5	1	54611700	2685.7
874.847	1	120142000	4112.38
724.262	1	21553300	2959.89
938.04	1	42648800	1465.21
621.403	1	54753300	1939.03
928.737	1	90762600	2438.87
924.842	1	74822600	4106.96
1033.22	1	49976200	2858.29
1223.71	1	6324040	1387.03
838.021	1	72078200	2128.85
903.79	1	58444400	2252.04
835.493	1	47877000	4086.37
919.796	1	48330000	4148.69
756.147	1	73549700	4188.37
414.373	1	38451300	941.532
1163.85	1	61748200	2240.67
631.813	1	34879600	4093.6
1044.21	1	61002600	2436.81
420.883	1	80296400	4062.31
335.782	1	9552130	4055.46
865.236	1	99854100	4159.16
536.299	1	30810400	4184.91
1091.32	1	80261300	2576.48
1212.78	1	33136700	2453.41
748.301	1	41999200	4172
1075.05	1	82036900	2615.01
877.99	1	22267000	4196.72
975.427	1	74620400	2431.54
1113.2	1	83171900	2238.95
1388.09	1	55933200	2434.39
1145.33	1	51086900	2431.97
1003.58	1	37447200	2049.04
914.119	1	34702100	2881.19
1223.23	1	3501030	586.225
965.555	1	83195800	4103
674.267	1	62769400	2627.76
971.122	1	112890000	2079.58
1032.66	1	39310800	1602.38
915.352	1	28402400	2321.47
863.624	1	74267700	1776.38
1267.1	1	107167000	4123.78
1015.52	1	118369000	2447.72
1012.75	1	74905200	2350.3
790.336	1	27180300	4084.34
933.126	1	67890900	2715.05
897.604	1	50814100	4192.45
1368.75	1	47869600	2705.02
1223.95	1	85404300	1978.39
889.51	1	74477700	2036.77
386.179	1	54853100	4079.77
995.988	1	69828200	4122.85
723.249	1	71905000	1969.38
781.562	1	53296200	1980.51
1099.92	1	71738300	4100.16
1255.9	1	35308900	2425.32
597.443	1	40271900	1472.43
804.317	1	24013400	4195.14
1028.34	1	36444100	4184.94
1035.43	1	89733200	4086.11
955.239	1	89724500	2045.83
980.68	1	60878900	4123.14
1010.89	1	66745200	2504.89
946.685	1	96056600	2245.6
899.494	1	75501600	1971.74
1002.55	1	52767300	1959.85
779.339	1	26265800	2633.03
587.649	1	19389800	4112.48
861.799	1	47452500	1942.74
1054.5	1	104061000	2620.62
1322.74	1	28802000	1341.01
1125.48	1	49827300	4119.88
1352.33	1	62144900	2242.37
1394.88	1	64477700	2120.29
1206.61	1	63505900	4173.73
1278.82	1	101524000	2433.03
844.126	1	37856800	2770.91
873.959	1	63159500	2426.76
1073.71	1	106281000	4111
858.799	1	55082300	4132.85
1049.1	1	105398000	4144
1123.26	1	43205500	1560.34
1244.74	1	100081000	2426.48
819.652	1	58355400	2016.16
938.281	1	50986400	2263.45
1424.75	1	41104400	4191.15
956.416	1	63240300	2506.04
1325.88	1	49828600	2589.16
961.095	1	102631000	2245.57
829.403	1	72192400	2228.66
985.981	1	29814800	2153.38
1225.57	1	43058500	1903.82
363.64	1	37245900	4108.68
372.789	1	42689200	1139.78
1323.02	1	17850400	1255.65
1324.24	1	35774600	4068.73
1081.62	1	107392000	2079.5
860.456	1	21401600	4209.38
382.48	1	8120140	4123.3
981.702	1	62232900	2262.81
939.27	1	40109900	2093.68
469.05	1	32660500	4186.12
931.638	1	53234300	2256.89
370.191	1	32067900	866.556
1244.94	1	76158000	4179.9
1080.2	1	36808300	2535.69
386.251	1	25112200	687.552
829.385	1	57137400	2468.75
1222.92	1	5219090	4635.31
1264.81	1	67168100	2248.95
904.781	1	61772800	2632.77
1361.03	1	60646500	2373.95
742.602	1	76511200	4069.41
842.121	1	37250200	2048.09
1078.6	1	144168000	2432.21
610.563	1	26636700	4096.03
805.067	1	108694000	2439.86
413.514	1	58205700	1176.81
1144.46	1	36977700	1615.68
316.908	1	51147500	4127.78
782.035	1	54850300	1732.57
959.896	1	120855000	2431.36
1022.15	1	56530700	4112.54
559.125	1	63615600	4069.77
1420.07	1	46799300	2134.12
743.171	1	29264000	4195.8
1134.03	1	31019600	4197.31
1022	1	86804900	1845.37
1322.02	1	44006400	2428.3
998.054	1	114652000	1866.16
1074.98	1	53913400	2106.98
897.97	1	72170600	2307.6
892.197	1	46969800	4086.81
1189.06	1	101747000	2128.97
805.79	1	49780900	2525.47
1002.68	1	35886500	2266.67
1024.46	1	39858600	2110.93
342.2	1	13843800	79.8205
786.884	1	43967700	2230.26
1322.93	1	22379500	4233.08
883.464	1	63254200	2614.35
1223.44	1	13470200	1516.21
1287.7	1	25687900	2243.46
825.885	1	40582500	2507.12
875.293	1	59349800	115.541
1322.61	1	23440700	681.799
1322.41	1	22144100	552.871
1004.28	1	45171100	2664.27
881.866	1	95996100	2194.93
508.698	1	23579900	4050.4
935.812	1	45543800	2175.73
1046.81	1	97958900	2148.65
1011.28	1	69556900	1853.4
314.295	1	51131700	4079.77
653.703	1	88119500	4173.06
1368.79	1	26536800	2493.63
1226.76	1	39134200	2229.05
959.469	1	33411300	1991.9
1278.88	1	46875600	2340.04
409.444	1	31398800	4185.31
1141.89	1	50905800	2454.25
1059.89	1	44243400	2182.77
1218.94	1	30575900	2620.53
771.783	1	69783300	2194.86
830.01	1	34103000	4192.55
866.071	1	27822700	4083.56
1303.12	1	57529900	2568.62
1075.37	1	24663000	4189.66
829.844	1	28525900	4120.94
1068.14	1	36791100	2432.67
1133.11	1	28951600	2652.5
394.58	1	6564730	4614.23
1202.5	1	72736700	2499.3
811.413	1	67209300	2099.3
827.426	1	54860900	1723.01
1412.96	1	76536600	4146.77
1119.31	1	27846200	2680.01
547.692	1	19356200	1009.4
1097.2	1	37178700	2352.21
1322.99	1	23897200	1147.54
1117.32	1	60154300	4099.73
919.424	1	24951500	2467.03
938.126	1	52921100	2501.15
1372.23	1	53345900	2152.77
781.42	1	65919700	2501.28
814.464	1	29094000	4063.35
823.667	1	45824300	2416
746.819	1	22408100	2601.01
764.233	1	79381400	1882.82
1436.47	1	45272300	2245.43
1245.41	1	27282300	2865.76
1223.29	1	29952600	2970.33
806.54	1	54510600	2153.09
1087.53	1	79112900	4110.19
1380.93	1	29498700	2435.03
1387.72	1	39299400	2150.18
913.429	1	49369700	4126.27
458.335	1	25329600	4073.43
458.514	1	49450300	4143.28
995.877	1	66081400	2711.44
425.892	1	12903800	4125.06
915.432	1	34516800	1509.75
497.363	1	61485900	4184.18
1123.66	1	34098500	1671.39
1210.93	1	9631840	2414.11
865.317	1	81341900	2375.9
520.352	1	37615000	4082.27
1118.93	1	26169400	1959.96
1162.8	1	79802800	1971.92
879.726	1	62548400	2276.89
1111.87	1	24945500	4116.54
1425.65	1	34241000	2239.55
1124.07	1	29701400	1350.91
1235.31	1	60061600	2620.14
1161.66	1	58678700	2319.38
826.681	1	39787100	4076.42
991.066	1	30973300	3017.79
1217.86	1	71210000	1826.13
973.319	1	33207400	4175.21
443.199	1	23262900	4201.04
891.586	1	18715600	2267.25
875.581	1	31298000	2630.02
1239.51	1	82024400	2249.5
475.221	1	14758300	2839.98
819.742	1	64631400	2749.78
1119.77	1	11701400	2771.08
578.479	1	29118400	1458.83
910.385	1	58278200	1896.74
731.959	1	36751100	1487.21
999.366	1	64400700	2494.08
1162.6	1	86447600	4179.94
1176.37	1	95936800	4115.2
1357.29	1	71699700	2444.24
761.964	1	36983900	1352.62
1011.48	1	80526800	4096.37
411.966	1	7883670	4105.44
1236.54	1	22162100	4176.42
953.331	1	71426000	4121.4
1073.41	1	35714000	2510.94
1149.56	1	38522400	2526.42
816.674	1	48540000	2512.5
1238.01	1	48442900	2459.5
676.255	1	21328400	4069.36
926.431	1	36815200	1971.66
861.431	1	26817800	4067.02
1344.71	1	50703800	2140.39
1405.22	1	31945700	4157.66
1000.75	1	13797800	2217.46
944.637	1	47077400	2032.03
470.008	1	46129100	1922.66
1196.81	1	45570600	114.993
884.943	1	48823700	4082.62
447.024	1	34294800	117.769
308.562	1	21086600	4097.26
856.496	1	49915800	1888.4
465.1	1	24348400	975.779
826.842	1	48329300	2348.34
800.382	1	30294700	2139.54
1225.62	1	41200300	1759.52
915.113	1	29135800	1347.21
1322.51	1	21839300	4859.86
978.062	1	65460900	2350.57
1322.53	1	20034800	841.422
789.561	1	23378600	1904.53
441.667	1	28665800	4041.88
1068.01	1	63731700	2073.58
1350.09	1	79885500	4154.5
1146.19	1	30412900	2979.76
1182.88	1	60097700	2709.74
902.401	1	83890500	2520.1
714.421	1	40957100	1448.99
1091.3	1	35133900	2487.12
1423.01	1	31859500	2427.72
1057.33	1	83374900	2070.33
1445.31	1	57850000	2132.69
1064.29	1	22300300	2442.88
996.553	1	45906700	1961.83
1059.44	1	71223600	4096.91
715.905	1	33643500	1955.35
1041.23	1	77116500	2629.78
356.998	1	43374200	4062.79
683.879	1	10183000	4190.31
1218.92	1	17334100	2162.42
1322.53	1	18745900	219.478
953.669	1	38410800	2348.16
783.667	1	41068800	4067.31
1251.44	1	37157200	2122.87
335.588	1	13140100	118.318
1322.45	1	21193000	4677.04
976.971	1	11878900	2603.39
1189.79	1	74478100	2466.07
1139.42	1	86777000	1883.51
1260	1	48385500	4152.48
1148.56	1	30864700	2620.15
873.275	1	19658400	2282.55
1200.92	1	21978000	2618.34
1002.71	1	23453000	4069.07
1037.71	1	40894600	2433.52
1081.49	1	45709500	2247.11
1053.55	1	34683100	2260.43
760.923	1	42057400	2136.07
1115.47	1	49006500	2518.81
1322.58	1	19077300	981.034
1004.86	1	22616000	2169.7
1189.69	1	117885000	4128.61
747.85	1	47233500	1946.63
1322.54	1	25905800	324.418
581.887	1	48594100	4189.56
1232.66	1	17230000	4182.95
1093.09	1	33770700	2340.25
543.058	1	19198200	4086.83
647.44	1	26653000	4191.54
1371.06	1	41260600	2335.08
778.099	1	27651800	4196.67
640.719	1	18471600	4218.31
1156.21	1	42323100	2027.16
990.402	1	30605300	1936.54
510.519	1	47932800	4193.72
911.389	1	65276200	4070.39
647.863	1	37855600	1569.44
1485.58	1	54987200	4120.15
1444.14	1	37637200	2431.2
1216.88	1	23930600	1962.16
696.881	1	47018700	4066.67
787.287	1	58675300	2432.16
1323.09	1	21136100	88.2362
957.632	1	5747810	2292.26
1389.14	1	64173700	4180.83
1060.24	1	27847700	1847.66
964.126	1	69906500	1887.32
1254.66	1	48573000	2709.85
875.615	1	22846100	2085.04
1289.15	1	81226700	4168.17
913.871	1	13528700	2756.36
1322.65	1	13236900	767.077
928.052	1	93430000	2095.37
1485.51	1	51625600	2429.08
587.852	1	46473200	2075.28
871.768	1	39126100	2056.44
604.296	1	20596100	4180.61
1316.72	1	40268900	2131.59
654.898	1	27421000	4093.81
1233.34	1	21512800	2468.32
400.825	1	59121600	4179.69
397.468	1	11963400	4122.73
1115.95	1	58340000	1874.22
484.853	1	20776300	4049.55
614.342	1	42662300	1325.19
976.508	1	37985500	2230.99
988.039	1	33614900	1777.22
778.559	1	31346400	2416.45
985.897	1	13984500	1899.52
744.905	1	11505500	4139.91
1336.52	1	34106100	2425.71
1439.7	1	39334800	4189.25
903.153	1	16483300	2041.31
750.954	1	54494700	2263.9
1249.38	1	62937700	2611.85
1142.19	1	58258700	2345.24
500.554	1	13911100	4107.25
345.366	1	14254100	4123.1
1046.07	1	32630400	2867.9
532.14	1	13352700	4191.86
949.834	1	7584730	2127.69
1492.09	1	29027400	2117.43
1049.97	1	76628700	1885.54
1086.05	1	67138100	2379.93
713.413	1	21733600	3019.45
1208.65	1	66773700	4099.18
394.956	1	7364320	4466.24
1075.22	1	51514200	2231.65
1052.38	1	48375100	2790.16
1248.85	1	39264800	2514.44
1289.82	1	53426600	2522.23
1170.04	1	35290200	4136.06
376.863	1	33088600	4045.64
898.919	1	76842400	1883.42
1322.46	1	20386700	4963.31
849.772	1	23149200	1164.2
1322.45	1	11696200	5072.12
992.392	1	43521500	4077.74
755.455	1	63906000	2069.31
856.403	1	40652600	2848.01
749.928	1	46453500	1524.31
1322.92	1	11466400	912.721
1088.17	1	32139600	2960.14
779.256	1	94349600	1841.16
1310.74	1	23773200	2857.79
853.632	1	36042100	4184.45
1326.96	1	63853200	1986.78
554.8	1	28000100	117.285
850.019	1	37621000	1911.74
1025.24	1	38959300	2026.89
497.214	1	32416900	1199.06
951.341	1	22728700	2453.27
1155.87	1	55937200	2367.96
1116.62	1	3011490	2717.21
1186.02	1	24677500	2868.27
393.579	1	8861800	4685.06
1103.13	1	26952100	1909.19
1302.69	1	52911500	1961.11
697.811	1	52042400	1912.91
547.498	1	16508700	4193.33
1374.33	1	52720300	4190.25
1033.39	1	68958300	2362.24
1359.31	1	35274200	1876.11
947.405	1	20416500	2500.29
1325.21	1	54516600	2250.34
764.683	1	52640600	1615.22
1388.45	1	6866070	2068.99
858.397	1	57000900	2262.81
575.4	1	17340400	4184.87
1418.41	1	17938100	2420.46
806.781	1	74153000	1814.67
1239.94	1	57863700	2348.97
359.594	1	22059200	537.555
1218.35	1	19920800	4090.43
735.991	1	23968700	4205.23
1164.78	1	18202600	4113.57
707.825	1	39197300	1521.29
848.162	1	72800900	2244.31
1159.51	1	39410100	1881.78
870.324	1	38058700	2562.05
1086.76	1	74607100	1875.09
972.874	1	56733600	2493.52
438.581	1	16092500	4191.72
936.241	1	19891700	2058.71
982.457	1	30242800	1739.58
1425.65	1	27629200	2733.56
984.783	1	22662900	4065.84
1068.57	1	38677000	2661.89
890.526	1	55979200	2558.28
677.695	1	12051700	728.739
984.852	1	23234500	2084.15
809.481	1	60274800	2627.52
716.15	1	57262000	2136.15
1322.55	1	6271470	5029.21
997.75	1	10551000	4205.19
863.287	1	34139300	2016.42
1028.05	1	58535100	2713.83
1364.38	1	51466500	1988.16
973.309	1	31753100	2274.35
737.536	1	68755500	2185.8
1074.07	1	67584100	2292.68
866.333	1	49837400	1859.39
815.231	1	10863600	1959.2
711.442	1	37654400	1285.71
531.892	1	15071000	726.68
1322.51	1	13665200	4587.98
1439.38	1	14355000	2419.09
1204.91	1	2389970	2397.62
805.623	1	53679900	1346.44
391.478	1	6413060	1527.92
1222.63	1	15657600	4381.59
1215.89	1	33625600	2279.33
926.459	1	54588000	2797.42
636.84	1	40718700	2117.34
381.985	1	24352800	1538.58
1298.65	1	26278100	2610.97
1322.47	1	18548000	4504.32
606.217	1	60706000	1955.88
1163.55	1	28360500	2142.46
1322.51	1	23303500	441.594
1048.87	1	24424100	2231.82
1091.12	1	79529100	1972.94
788.04	1	34133400	2709.94
546.689	1	41764000	1939.06
1149.42	1	59619300	4187.61
1122.14	1	16848100	2342.5
790.455	1	34968800	1819.41
1223.02	1	13925300	4295.98
856.495	1	39692400	2350.82
1223.64	1	7780240	2682.23
1032.67	1	36937600	2630.93
1224.21	1	27791100	2880.67
462.213	1	44109600	1191.45
1180.53	1	74983800	1971.47
1223.75	1	26664600	3081.71
894.658	1	26245300	2474.45
1046.78	1	61222400	2531.3
797.642	1	24728000	2420.59
1144.07	1	16331100	2597.89
1278.99	1	37581800	2083.69
1351.82	1	40929800	2513.1
1303.55	1	65365500	2467.88
772.574	1	27427700	2555.79
578.409	1	32194000	2237.86
743.249	1	58621500	2307.08
1125.21	1	27105900	3106.32
1456.07	1	72281700	4117.95
1323.24	1	26271900	1457.36
833.118	1	37604100	2039.03
982.06	1	21021300	2153.22
942.731	1	86101300	4092.92
1274.37	1	36794400	2487.07
1036.99	1	37336700	2198.12
609.665	1	14922500	4063.5
1408.17	1	45735000	2619.7
1322.46	1	15178100	4769.17
1124.18	1	25391700	114.821
1153.56	1	82639000	4112.88
1079.83	1	48721000	2713.4
1322.9	1	16572000	1062.73
799.733	1	59774600	1626.04
548.143	1	31337400	2182.04
506.055	1	34302000	1981.98
1410.93	1	58186100	2432.54
1024.77	1	7868070	4194.29
856.838	1	11633900	4071.2
838.088	1	37813900	2338.35
1197.47	1	17664500	2613.23
1278.18	1	62194300	4093.11
328.334	1	26139800	4057.92
607.649	1	46337500	1846.09
839.93	1	30266400	2220.79
669.217	1	26309400	2672.41
1223.26	1	14866400	3353.83
869.262	1	51021500	2481.31
1109.81	1	9072440	2405.94
758.541	1	84257500	2430.39
1010.2	1	8519050	2609.81
1186.55	1	34015100	4196.58
1025.28	1	62124000	2233.45
1000.7	1	24677900	2127.21
642.227	1	18038100	1981.22
1108.69	1	29800400	1828.15
352.622	1	13406100	4202.34
394.472	1	8119900	5044.56
831.913	1	29752700	1257.36
1375.1	1	14489100	3120.62
1199.78	1	23151000	4182.08
1038.48	1	38674800	2522.43
1255.19	1	36072800	4151.71
1391.49	1	49611500	2332.48
675.197	1	32559600	1832.97
1145.84	1	12950400	4121.87
1124.6	1	34790100	1805.24
945.634	1	40046200	1807.18
1286.98	1	86649000	1959.77
1073.09	1	29842400	2357.78
1123.17	1	23641700	1068.11
811.613	1	29989200	2719.12
989.407	1	5452930	1851.4
771.899	1	49997800	2275.98
1140.61	1	31071400	2542.98
890.938	1	19505300	2471.65
691.602	1	43983300	2060.67
1311.91	1	9799100	3388.23
1322.48	1	7911530	14.9054
1101.75	1	20410000	1851.06
1029.85	1	9877940	2605.21
888.548	1	18106000	2269.55
1400.2	1	25276100	4152.21
453.622	1	19446300	2912.64
817.725	1	28114800	2434.76
1124.82	1	37226400	2872.81
1317.94	1	22813800	2461.41
985.554	1	2705520	2349.57
873.654	1	17915400	4191.73
478.842	1	16211800	4060.64
676.995	1	62598800	1970.06
1150.76	1	26353500	1967.41
905.403	1	54232900	1810.07
1208.44	1	79817300	2152.05
1294.34	1	53037400	2344.69
1341.05	1	38986600	4116.07
908.346	1	12443400	2368.48
1325.87	1	37718200	1904.86
1188.91	1	53248800	2232.42
841.101	1	64948900	1879.57
1045.46	1	93888200	1970.28
587.642	1	16531400	1328.38
804.275	1	38021200	1469.03
812.65	1	28069200	2028.1
902.799	1	10499200	2165.69
1112.91	1	49628000	1765.97
959.968	1	38478900	2664.26
1123.6	1	25478500	1265.63
1105.56	1	31743600	2718.07
903.912	1	53050000	2716.2
370.861	1	35273900	1272.78
541.409	1	10842000	977.354
1211.79	1	40831600	1933.51
446.309	1	55142700	1307.07
1249.19	1	64869200	4100.58
1057.76	1	33138600	1991.23
921.91	1	19261100	4060.25
1232.56	1	18765200	2070.74
1363.74	1	14568200	2142.66
1447.75	1	40125700	4147.4
952.931	1	17140400	4207.72
1079.95	1	15667600	1920.18
688.88	1	48432600	2241.29
1448.1	1	36900000	2226.58
860.322	1	56055800	2540.16
1041.58	1	19550600	1902.69
907.199	1	26192000	2335.19
1246.64	1	41039400	2179.7
1092.09	1	11312000	2435.77
1145.43	1	82673900	2246.24
1172.16	1	10591100	1999.16
1368.99	1	36274300	2824.44
1365.94	1	19136700	4199.84
1175.89	1	33266100	4200.78
707.541	1	16871600	2116.51
1274.49	1	14257800	2295.64
927.629	1	11648800	2250.85
840.648	1	18828200	3131.11
949.518	1	12409000	2363.23
995.124	1	6917490	2228.95
1096.98	1	62156600	2082.74
1037.72	1	8091460	1974.05
1018.95	1	18324200	2208.82
1436.72	1	29138100	2059.44
980.602	1	25032500	2089.79
901.974	1	19887900	4060.78
804.341	1	31537500	2066.06
1206.86	1	41770600	2720.75
568.088	1	45060100	2090.66
1186.67	1	12332500	2428.97
735.786	1	36837400	2299.67
736.178	1	40345200	2628.25
988.344	1	13289800	2219.42
983.207	1	16117200	2024.01
729.355	1	57656200	2360.43
731.965	1	40861700	1359.88
1014.48	1	44181200	1756.19
1317.62	1	22991700	4188.14
816.023	1	25890700	2195.96
1315.06	1	47532700	2249.43
1122.72	1	19057700	244.072
1129.52	1	9539490	4190.32
1058.14	1	35408500	1488.47
886.479	1	2779000	2159.89
668.807	1	51574900	2136.41
462.499	1	23628600	2146.03
831.75	1	15455700	2171.47
1004.58	1	30893600	1366.28
848.627	1	23724200	4187.07
801.078	1	21672000	2628.85
743.339	1	52092500	2112.81
936.183	1	36459700	1833.21
699.558	1	53327700	2009.12
1125.29	1	33059300	4047.48
766.184	1	47386400	2359.16
1280.62	1	19564900	4185.49
1464.35	1	34735200	4194.06
304.662	1	18526600	4101.83
1223.22	1	15711000	3604.22
1122.8	1	20317200	696.65
924.287	1	16788600	2653.45
771.209	1	39149800	2714.61
511.754	1	39645000	1463.94
1413.3	1	35633400	2532.08
1210.1	1	23483500	1842.27
755.506	1	22517200	2344.58
1241.21	1	27747100	4109.6
1040.67	1	6200240	4140.31
782.787	1	30002000	2135.51
1123.1	1	19177700	868.234
1199.66	1	10595100	2552.75
881.921	1	63343800	1879.58
1122.54	1	18925300	476.848
350.158	1	18808600	4054.65
848.316	1	41893400	1622.86
1323.84	1	8131390	156.566
1192.72	1	23962900	2623.41
1198.71	1	64044800	1967.66
1466.52	1	41610300	2193.46
913.928	1	31465900	3132.72
941.526	1	37329700	1948.49
1102.06	1	26720900	2632.89
722.027	1	62629500	2478.28
1475.12	1	56150000	4131.48
592.29	1	36086600	1991.84
578.037	1	23106600	2160.81
1154.05	1	57750900	2104.95
1117.33	1	30135500	2090.66
1323.21	1	9540400	2312.62
1300.54	1	79068600	4111.84
1421.19	1	10693600	2221.28
990.613	1	11889900	2730.98
766.987	1	30987500	2054.46
1122.46	1	16285100	4864.65
892.482	1	15649600	2113.27
976.303	1	35715200	2719.31
453.677	1	17088100	2719.12
730.841	1	14011400	4046.95
533.845	1	40948000	1308.9
1361.8	1	35224500	2622.91
1090.95	1	24560100	2077.29
754.461	1	41505000	1632.1
1307.1	1	27949300	2239.48
1172.92	1	46667600	2677.36
1019	1	32012400	1926.56
976.466	1	52155200	1867.03
970.948	1	9949930	2375.06
623.975	1	21556700	4043.15
