672.54	1	3100520000	1248.23
811.48	1	4087080000	1387.34
902.57	1	2424230000	1524.95
564.732	1	3031750000	1003.23
572.256	1	2726940000	1138.17
784.668	1	2038100000	669.306
903.805	1	2611690000	2076.84
551.065	1	2439490000	1057.3
634.83	1	4196400000	2015.51
843.168	1	2799500000	1610.74
767.075	1	2455680000	1334.46
708.228	1	2732710000	866.177
760.837	1	2455110000	1129.38
586.681	1	1781730000	793.084
1133.81	1	2026220000	2133.44
522.4	1	1903840000	1456.69
423.057	1	2270460000	694.846
860.104	1	2212100000	1804.06
771.996	1	1586160000	1030.46
794.229	1	2936280000	1360.18
703.723	1	1353640000	737.818
1122.32	1	2430820000	2439.65
721	1	2327120000	2275.52
944.448	1	1349430000	1158.96
980.573	1	2761140000	2441.25
472.139	1	1046510000	1738.5
1057.69	1	2117440000	3689.82
800.295	1	1950370000	1277.23
795.773	1	2200420000	1846.11
1022.28	1	1900850000	1758.27
459.919	1	1860230000	1044.5
872.55	1	1186480000	951.901
783.766	1	1633700000	2419.27
1072.43	1	2198390000	1814.64
875.506	1	1608880000	1314.11
736.556	1	3234400000	1338.39
830.535	1	3689090000	1299.27
553.353	1	1471750000	1524.19
812.335	1	1985690000	1804.63
635.041	1	3208770000	1048.28
954.283	1	1369830000	1285.89
1455.43	1	1822110000	1833.66
646.302	1	1135620000	857.435
1497.7	1	1271070000	2118.14
645.119	1	1929210000	1073.92
620.468	1	2310950000	857.717
831.747	1	766039000	822.677
821.123	1	1550380000	1321.73
726.159	1	1868290000	1291.63
830.005	1	4164440000	1493.96
770.51	1	1851840000	1763.5
1495.31	1	1053500000	3104.04
562.813	1	1842190000	750.854
626.204	1	2726920000	1150.45
599.958	1	2047420000	1267.32
492.165	1	2314370000	737.257
960.458	1	1500010000	1556.62
495.976	1	1630770000	1011.99
737.127	1	1761340000	1243.05
741.508	1	1475750000	1941.87
645.962	1	940734000	4031.29
873.135	1	1332870000	1260.15
880.231	1	1397140000	1699.32
1268.55	1	1964560000	2022.44
1311.53	1	1735600000	2279.41
714.845	1	1382820000	1939.42
1471.46	1	1203480000	3173.85
952.741	1	1478340000	2573.75
693.791	1	1445140000	1044.06
911.65	1	586857000	712.829
1048.04	1	1257390000	2456.98
519.868	1	2480470000	938.066
1361.28	1	2454840000	2381.28
563.704	1	2103890000	843.39
1203.87	1	1106180000	3313.63
1161.46	1	1819910000	1297.77
506.951	1	1615560000	928.537
711.935	1	936490000	4031.68
501.126	1	696541000	1622.51
773.802	1	2425480000	1186.52
624.513	1	1901070000	1334.41
632.904	1	1543060000	953.136
692.512	1	919626000	2010.55
417.905	1	1077760000	824.238
695.507	1	1882200000	962.22
1146.52	1	2238860000	1978.41
820.498	1	1643300000	2044.45
1255	1	2416610000	2153.1
856.246	1	1437450000	1057.55
631.61	1	1101750000	678.12
572.387	1	2473930000	1256.74
897.063	1	2138670000	1897.51
539.605	1	1720940000	946.544
510.949	1	1200090000	1225.85
865.201	1	1627040000	1327.75
1202.85	1	1264190000	2922.94
804.253	1	967691000	888.36
673.797	1	1380880000	1466.89
678.579	1	2376350000	1078.98
1093.2	1	972690000	1042.84
575.036	1	966415000	1695.69
990.381	1	1374860000	1145.21
618.677	1	1744610000	1150.51
1076.25	1	1981050000	2412.35
589.443	1	1088750000	4042.66
729.501	1	2233560000	1203.16
605.205	1	2235520000	1488.49
596.863	1	1512520000	1201.11
987.367	1	1533300000	1906.94
733.645	1	862893000	4033.95
969.246	1	1134600000	2878.95
781	1	917780000	999.727
827.997	1	1148020000	2676.81
1188.02	1	991547000	1043.53
690.06	1	1018660000	4032.94
667.835	1	1011150000	4035.92
743.153	1	1665470000	1096.63
721.505	1	1159770000	2383.69
688.159	1	1070130000	1037.12
668.342	1	1895350000	1530.77
731.706	1	2428820000	1455.82
707.954	1	810770000	806.176
934.234	1	1346260000	1289.27
556.841	1	1593410000	985.185
813.417	1	1532740000	1102.76
787.634	1	2183210000	1685.6
687.65	1	1812540000	1573.23
628.856	1	446514000	632.203
461.583	1	1120410000	518.236
985.987	1	1214280000	2047.11
597.61	1	1054700000	569.489
720.576	1	1017330000	4039.93
1173.73	1	2078610000	1520.02
1209.44	1	1635610000	1902.55
711.622	1	1662740000	1149.37
624.171	1	1086280000	4034.7
689.197	1	799634000	963.11
667.991	1	1090330000	1421.38
1441.36	1	1980500000	2496.14
654.885	1	1140350000	4043.25
1044.26	1	1960760000	1869.06
688.076	1	907567000	669.832
921.982	1	2024220000	2030.06
528.686	1	716860000	1793.21
885.61	1	1430810000	1996.11
1266.42	1	614955000	1049.81
602.75	1	958493000	4035.58
659.72	1	2387790000	1166.51
1156.26	1	1749890000	2108.01
1483.41	1	1410870000	2550.61
755.849	1	653175000	4029.6
537.5	1	798037000	574.909
807.318	1	896214000	2423.96
1126.3	1	723097000	1003.17
1195.5	1	1688750000	2189.45
913.859	1	964945000	2536.78
424.862	1	905021000	923.151
626.925	1	1013980000	1849.62
846.654	1	1092180000	966.143
1207.19	1	1168010000	1294.89
771.625	1	1844760000	1415.79
388.307	1	1065600000	737.686
673.254	1	1440820000	1691
1189.58	1	1425760000	2484.78
812.894	1	2073910000	1483.62
678.229	1	1537150000	966.391
925.446	1	1240780000	1509.77
476.764	1	1660870000	958.947
562.642	1	1431100000	923.281
1135.28	1	1125630000	3996.54
640.674	1	710512000	2007.39
526.928	1	1341360000	1218.55
1130.15	1	1176360000	2079.16
757.503	1	1796130000	1946.57
964.774	1	2181180000	2112.6
1242.51	1	876763000	1348.45
1352.8	1	1333020000	2423.62
565.284	1	1594930000	1294.34
687.996	1	1405820000	1325.27
592.072	1	795553000	1162.66
621.106	1	543154000	1322.15
469.989	1	1262560000	646.57
401.716	1	707268000	728.046
673.441	1	932303000	1775.07
661.921	1	1810290000	1260.85
635.76	1	878052000	2095.65
1087.55	1	2109020000	1854.03
1068.03	1	1378850000	1844.66
1043.61	1	1381790000	2212.99
764.655	1	728002000	4034.24
1141.09	1	2170730000	1797.01
728.26	1	1437550000	1807.59
960.887	1	1201530000	2394.75
660.731	1	1188530000	938.499
1098.71	1	974066000	3180.82
1088.09	1	1731330000	2395.71
650.778	1	2062550000	961.615
964.021	1	1650470000	1745.26
766.671	1	1220580000	1701.78
415.774	1	1143710000	555.357
942.467	1	2147610000	1721.26
598.842	1	1307270000	846.35
824.81	1	576736000	797.192
806.19	1	830944000	1416.02
690.409	1	3345770000	1203.07
1098.01	1	1798410000	2132.83
725.392	1	1367410000	899.018
907.995	1	2120580000	1735.87
998.194	1	621784000	3106.41
443.565	1	1216010000	933.642
1383.01	1	1616220000	2078.89
679.205	1	2263820000	1225.97
635.327	1	2120720000	1432.08
850.086	1	1396340000	1294.37
942.174	1	1115230000	1031.18
1110.43	1	1826080000	2260.49
1452.73	1	1216450000	2873.88
629.787	1	684017000	1033.2
701.586	1	1780160000	1155.85
840.815	1	2000430000	1665.26
873.194	1	1529370000	1140.78
895.164	1	1299480000	2258.06
490.549	1	1487090000	1133.22
580.581	1	1152120000	4041.54
599.206	1	1351080000	965.445
894.3	1	1630250000	1778.98
1014.18	1	1164830000	1759.83
539.117	1	1295790000	4038.47
585.261	1	1511350000	1120.2
1175.37	1	2071500000	1752.77
587.166	1	1281970000	1208.67
698.813	1	988289000	4038.8
742.979	1	936382000	4035.95
674.016	1	995055000	1992.65
1039.5	1	1398520000	1893.07
786.741	1	582984000	4034.32
718.038	1	1238170000	1819.21
944.997	1	1550160000	1817.3
1069.98	1	368203000	4034.22
438.467	1	889198000	1175.67
557.096	1	629896000	904.373
1413.57	1	570024000	877.284
1388.14	1	1370300000	1739.73
1134.19	1	1201970000	2649.99
633.98	1	1193550000	4043.59
1193.8	1	1479830000	2607.31
567.833	1	1698600000	1467.8
826.036	1	2731120000	1703.21
706.775	1	1456460000	918.336
996.703	1	1716490000	1315.79
808.279	1	2347500000	1645.74
553.454	1	906530000	735.718
1443.01	1	1403110000	2613.24
622.138	1	851603000	653.111
1142.86	1	1486920000	2037.72
1242.76	1	1113040000	1450.84
599.246	1	1156460000	1353.85
1174.27	1	1141850000	1663.39
453.812	1	876631000	992.957
533.253	1	1039640000	649.062
917.341	1	2214840000	1700.91
1305.63	1	1662220000	2316.15
996.752	1	800191000	2739.27
777.714	1	589652000	4033.08
611.156	1	1228010000	4046.65
1028.85	1	2073650000	2276.45
741.653	1	2115350000	1559.71
968.359	1	2135750000	1920.32
648.242	1	2413100000	1183.43
1439.5	1	1228800000	1912.72
633.936	1	1278090000	1620.25
775.879	1	1217530000	1110.8
810.791	1	1634100000	1559.32
530.045	1	1329210000	737.039
524.23	1	1094280000	703.03
1053.71	1	2161840000	2008.11
630.747	1	1151860000	1543.4
1476.12	1	1301500000	2348.74
925.936	1	1332280000	1784.16
883.392	1	921560000	2791.46
713.158	1	1198690000	1014.4
590.136	1	1674220000	966.216
625.969	1	1890130000	1249.71
1207.14	1	1866110000	1999.71
1202.18	1	1353170000	1837.32
713.143	1	1750130000	1250.93
1290.61	1	1515040000	2498.59
1004.53	1	1237950000	1231.23
1496.1	1	855101000	2589.64
734.455	1	865336000	1558.2
676.873	1	1162380000	4051.87
831.597	1	896575000	2297.8
1014.73	1	2178300000	1873.59
582.264	1	831569000	1573.46
600.765	1	378648000	503.008
649.674	1	882976000	1866.42
1217.54	1	1266190000	2717.68
827.126	1	2187340000	1578.51
710.559	1	623454000	1965.46
706.904	1	1382240000	1049.33
675.024	1	1441410000	1319.69
918.182	1	1295580000	1457.69
839.871	1	1399660000	1450.63
1046.9	1	1489010000	2079.93
848.852	1	2518030000	1149.01
801.864	1	2125380000	973.194
1039.37	1	1841080000	1552.84
919.546	1	1359730000	977.98
998.127	1	456752000	4032.04
653.425	1	772666000	791.586
551.813	1	1077780000	886.114
948.376	1	647336000	1267.09
502.228	1	843641000	689.842
814.054	1	1447780000	1949.49
1234.12	1	1752780000	2181.02
1042.54	1	496991000	4031.09
943.246	1	1861130000	1985.27
1165.47	1	1273130000	1698.25
720.103	1	1947880000	1574.08
577.817	1	2330960000	934.311
700.88	1	781701000	794.04
1082.91	1	1578340000	2199.79
982.215	1	1693110000	1489.41
977.503	1	1285170000	1859.14
1175.18	1	914072000	4207.98
549.69	1	1369890000	1134.1
478.162	1	1499700000	833.199
580.884	1	1559350000	855.339
1004.16	1	861474000	2835.16
491.047	1	1091190000	1228.79
1175.2	1	2105220000	1911.49
846.919	1	1937410000	1770.99
917.569	1	534226000	1999.31
586.255	1	962977000	1029.81
908.834	1	1124390000	2146.61
643.169	1	1615800000	1536.37
950.816	1	743133000	2995.75
827.35	1	2369570000	1796.1
842.712	1	1647140000	1888.68
670.676	1	840092000	1257.64
1367.39	1	926589000	4219.18
1175.22	1	2357550000	2024.24
1160.2	1	495565000	1689.17
915.553	1	1477560000	1044.48
1122.86	1	1399190000	2556.12
575.103	1	2114060000	1036.34
587.426	1	1463810000	1335.02
1044.95	1	1442670000	1468.79
663.094	1	1494400000	1691.51
1251.45	1	1243050000	2708.04
701.354	1	490141000	1075.82
1264.87	1	1493560000	2469.72
493.276	1	885042000	1328.71
833.78	1	1403450000	1387.19
1262.49	1	1396800000	1553.77
606.1	1	790047000	1428.17
748.104	1	1347340000	1487.49
707.813	1	921395000	4069.6
878.666	1	1910380000	1565.76
947.763	1	1473600000	1904
1415.44	1	1135240000	4215.85
1033.24	1	1224770000	1430.46
496.408	1	1805130000	853.696
611.566	1	552532000	2264.69
544.756	1	471288000	1080.45
1202.3	1	646286000	4027.17
1461.72	1	844161000	3976.74
947.008	1	679227000	2514.82
1173.12	1	1868450000	2240.41
429.041	1	612358000	783.109
946.792	1	1687740000	1642.52
700.023	1	1713870000	1747.75
805.512	1	1797960000	1711.51
972.345	1	792730000	1820.62
897.462	1	1391810000	999.318
803.091	1	1065020000	1520.66
573.067	1	711710000	1555.92
1144.39	1	1054590000	1153.16
747.602	1	1298680000	1726.6
676.278	1	1135090000	1620.79
531.247	1	1488660000	1375.78
694.093	1	1627220000	1490.93
668.942	1	885616000	1357.26
616.729	1	672538000	1095.83
722.134	1	1006500000	1206.83
578.535	1	883238000	1194.35
731.648	1	1365760000	1110.29
1188.27	1	1134450000	1238.73
1073.28	1	2106680000	2112.63
1057.34	1	2126790000	1924.1
643.766	1	1253740000	1369.85
1136.68	1	901781000	2775.73
1387.75	1	1436240000	2445.38
1057.95	1	1272600000	1840.47
665.996	1	444711000	693.479
1112.11	1	1442860000	1593.25
966.608	1	814046000	1036.86
727.54	1	1169350000	1527
1134.13	1	999065000	2005.88
758.786	1	1784690000	1401.6
1441.63	1	1113880000	2288.68
645.379	1	482552000	973.226
855.846	1	1668180000	1474.26
645.966	1	401630000	799.331
909.697	1	1655140000	1494.43
640.267	1	1840820000	1246.75
783.723	1	1813000000	1321.9
594.631	1	315392000	1278.57
638.326	1	641915000	1155.08
764.858	1	1961370000	1866.86
820.075	1	1004450000	1267.23
639.662	1	892795000	832.121
792.073	1	1579020000	1220.54
903.803	1	811844000	2176.44
1087.71	1	1327890000	2513.36
1155.81	1	1608760000	1838.43
785.702	1	505360000	732.534
713.961	1	285104000	1569.42
1034.84	1	1074590000	1132.82
855.966	1	1517050000	1670.13
926.3	1	1682180000	1365.11
730.548	1	1080910000	800.264
1420.55	1	771960000	1359.48
565.527	1	1075300000	1129.52
1299.36	1	869375000	4212.79
851.297	1	1106620000	1588.17
979.976	1	1147220000	1409.93
1483.25	1	684099000	3214.71
760.832	1	1651590000	1618.23
521.195	1	1313470000	767.935
738.068	1	981414000	1993.3
1174.55	1	1000800000	1598.81
1289.36	1	1614860000	2315.84
1066.89	1	909346000	1759.18
586.593	1	968093000	711.892
1198.1	1	1526350000	2025.22
637.231	1	120604000	2003.09
1142.48	1	1381360000	1587.98
890.163	1	779267000	1878.3
977.188	1	824769000	3985.19
724.763	1	684176000	1112.88
1494.44	1	980989000	2288.66
775.612	1	895714000	1282.99
809.854	1	831866000	1858.78
1174.64	1	605752000	4037.01
847.985	1	776597000	1516.89
740.763	1	1674390000	1425.13
863.346	1	1377920000	1573.83
718.268	1	1204220000	1484.87
966.342	1	476278000	1829.16
946.836	1	1648830000	1465.6
903.386	1	1094260000	1657.93
813.222	1	1235890000	1344.38
841.929	1	775575000	1286.43
1132.28	1	1086150000	4054.86
449.244	1	647434000	1094.11
833.104	1	1939250000	1960.18
795.42	1	1639960000	1459.03
545.175	1	983485000	894.932
481.171	1	753576000	584.733
554.423	1	514040000	1746.52
1107.54	1	1308000000	2641.92
1219.41	1	379337000	822.982
1188.31	1	1933820000	2116.67
796.97	1	1322670000	2073.95
787.11	1	926959000	1418.09
1140.32	1	839611000	1915.66
1056.07	1	1444700000	2674.73
1258.28	1	1589000000	2074.67
1247.61	1	1419000000	2494.76
1039.89	1	1115370000	2420.74
444.774	1	321135000	1524.21
788.356	1	2097120000	1778.43
470.747	1	1276140000	1134.21
785.324	1	1509270000	1919.74
1114.66	1	582544000	4026.67
886.41	1	1825570000	1479.47
542.659	1	1252700000	1220.06
744.821	1	750981000	2558.03
1031.92	1	1580250000	2185.75
464.276	1	831446000	854.577
527.668	1	1568490000	877.073
965.778	1	418453000	2892.74
1216.98	1	1557580000	2051.52
724.595	1	577435000	2675.04
534.706	1	990334000	1153.04
1218.62	1	1487840000	2159.89
666.961	1	1560150000	1046.9
696.676	1	322539000	1127.78
1039.58	1	1555500000	1998.3
671.726	1	676052000	942.06
542.248	1	1223060000	1315.46
831.767	1	783483000	1650.03
1257.21	1	1473290000	1872.2
1055.07	1	958796000	2947.48
774.602	1	1021080000	2016.18
1158.13	1	529073000	4036.4
1116.54	1	902151000	4217.53
721.175	1	1766940000	1362.34
1419.53	1	1213070000	2855.23
463.874	1	654232000	1265.22
1090.45	1	1510690000	1564.13
796.816	1	1558030000	1576.95
1308.07	1	1337670000	2097.02
522.906	1	455448000	486.184
1189.62	1	1956490000	2322.29
1198.44	1	972651000	3109.98
788.435	1	562285000	1555.93
1057.7	1	834074000	2769.95
1021.6	1	1364230000	2094.08
1174.47	1	902526000	1831.58
497.154	1	833476000	645.598
1008.32	1	1244060000	1916.37
1164.72	1	1102060000	1571.1
1455.6	1	1317340000	1927.63
855.919	1	913870000	2110.5
1240.38	1	1757490000	1774.05
830.97	1	723272000	2440.91
825.476	1	925860000	1998.88
493.044	1	288035000	645.356
725.555	1	230067000	1443.46
698.55	1	557538000	886.31
1170.64	1	260584000	1804.58
1127.84	1	993974000	2739.58
562.87	1	1679070000	4045.45
491.277	1	458029000	821.117
478.907	1	805456000	1338.39
467.646	1	975392000	996.5
971.855	1	1797650000	2020.38
876.767	1	1710180000	1775.71
848.334	1	1607640000	1994.66
781.845	1	1429320000	1576.84
425.972	1	605133000	1015.08
692.992	1	323237000	1121.03
1058.95	1	1355200000	2354.44
1451	1	1044280000	3160.79
779.184	1	958205000	1851.96
800.145	1	1385810000	1764.72
526.727	1	1140800000	1038.68
626.439	1	293856000	1029.06
729.276	1	1429240000	1940.04
889.85	1	1808250000	1187.63
634.358	1	908294000	775.558
670.039	1	176704000	1778.89
1054.28	1	1315830000	1378.1
761.83	1	1668330000	1230.09
527.248	1	585869000	1320.35
629.6	1	947164000	1694.54
938.447	1	398306000	4039.96
1119.41	1	1877840000	2176.73
857.134	1	1331140000	1229.6
814.51	1	1357140000	1198.88
743.822	1	1086000000	915.242
736.594	1	915297000	2348.77
915.986	1	850380000	4218.79
570.62	1	503384000	1654.33
710.474	1	308942000	4255.38
684.467	1	879640000	4054.22
1095.85	1	1979330000	1946.29
1049.12	1	936593000	2358.83
730.367	1	711314000	4099.98
1093.19	1	2272780000	1735.53
874.44	1	1343290000	2012.49
659.872	1	1236630000	1346.32
1309.05	1	1496070000	2546.85
1011.33	1	1228260000	2624.04
742.312	1	936872000	1686.34
747.941	1	1350720000	1232.31
488.282	1	1621520000	934.665
1034.42	1	567749000	1902.17
1098.46	1	1749240000	2354.32
1105	1	663459000	4212.7
1135.71	1	984487000	4207.19
1175.18	1	1153900000	2165.72
922.463	1	1475510000	1928.72
1002.28	1	1614310000	2033.95
438.817	1	773446000	1076.96
416.846	1	510407000	1018.49
840.234	1	925112000	1781.47
1291.14	1	435145000	864.954
416.257	1	883436000	657.682
1429.54	1	1034420000	4213.46
946.97	1	1147800000	2145.16
1123.12	1	1630470000	2292.73
741.206	1	555538000	1899.02
780.414	1	442513000	1798.23
751.664	1	700076000	4077.55
955.332	1	477153000	4040.09
884.169	1	877404000	1906.71
872.368	1	535826000	1694.68
717.856	1	1107310000	1740.86
798.353	1	1558760000	1931.04
1474.69	1	1251420000	2259.8
551.649	1	526766000	965.316
1101.15	1	1697840000	2539.24
762.67	1	1126010000	1313.89
442.292	1	537747000	404.641
765.476	1	619168000	1791.75
837.918	1	1257400000	1014.75
705.334	1	2137400000	1665.22
866.714	1	882329000	1658.79
805.606	1	710272000	4028.17
1032.95	1	1869760000	1339.14
1279.23	1	1636620000	1924.91
518.099	1	1023350000	854.457
976.358	1	1535690000	1575.12
767.96	1	794755000	1093.11
729.104	1	410239000	4028.09
598.814	1	686043000	708.688
999.582	1	1182410000	1855.2
891.884	1	1505470000	1313.67
596.846	1	549926000	639.433
1008.85	1	1686700000	1500.9
557.953	1	281161000	845.289
1174.88	1	1863920000	2351.37
1229.54	1	1792840000	1717.6
1084.76	1	1395060000	1297.82
1487.77	1	871862000	2317.99
484.248	1	298008000	1285.5
1154.69	1	1271090000	2166.61
1202.46	1	1852410000	2276.38
425.502	1	223605000	762.848
1104.08	1	1341260000	1526.92
1310.84	1	960286000	1279.29
1200.79	1	894649000	1927.92
1131.66	1	1331770000	1306.41
919.314	1	1873020000	1169.07
1036.54	1	1362140000	2110.91
1377.26	1	1285220000	1814.67
700.593	1	681738000	1596.97
455.227	1	1012760000	868.208
866.279	1	948497000	1192.47
1084.14	1	973404000	2331.92
604.792	1	1536850000	1138.45
1017.22	1	1381850000	2007.52
1117.49	1	347708000	2559.97
913.861	1	356862000	679.088
959.364	1	1237400000	2168.86
905.892	1	1562190000	1856.65
586.896	1	654469000	651.871
1048.79	1	721393000	1027.6
1498.04	1	384729000	2795.53
1060.15	1	1527520000	2113
688.116	1	839080000	824.467
663.823	1	923139000	4073.81
642.733	1	917638000	4107.31
1326.83	1	923870000	3103.38
814.976	1	519635000	2028.23
780.913	1	644838000	1730.53
938.846	1	262983000	1906.39
617.571	1	497396000	830.832
1026.24	1	1408350000	1890.44
756.333	1	920403000	2019.81
901.732	1	766899000	2530.79
1275.2	1	796000000	3338.98
1258.75	1	1897360000	2307.4
1188.34	1	1028950000	2028.94
1394.21	1	1468020000	2262.41
1132.58	1	1654550000	2204.6
518.217	1	672021000	547.7
782.765	1	1062490000	1497.83
1156.73	1	903054000	2551.05
866.91	1	529196000	2023.82
822.199	1	444544000	4034.07
440.233	1	1141500000	665.117
1098.28	1	1615070000	2260.28
721.999	1	1382810000	1662.23
1064.14	1	1300340000	1466.13
1407.91	1	547510000	4209.07
552.54	1	963298000	1403.36
920.208	1	1322280000	1567.31
1081.43	1	1090400000	1718.4
1174.69	1	860581000	2776.15
915.396	1	1318440000	1235.28
929.983	1	1005980000	2593.34
422.271	1	236194000	773.116
1453.14	1	1138700000	2564.7
1205.28	1	1526750000	2516.1
1137.02	1	1631920000	2461.26
831.037	1	361482000	4025.22
621.228	1	1326430000	957.748
823.305	1	543145000	2414.69
1495.26	1	552073000	2527.24
1109.67	1	1350960000	2104.11
1387.16	1	1294810000	2335.21
625.215	1	621598000	1486.01
608.649	1	788097000	1756.92
1201.91	1	229646000	714.471
736.097	1	842587000	1678.83
938.782	1	311587000	1848.08
1182.63	1	1692740000	1464.6
868.719	1	1166800000	1925.12
847.156	1	264878000	1216.87
1379.64	1	1573950000	2163.09
936.438	1	1097510000	2028.71
704.404	1	1547730000	1313.49
1009.33	1	609581000	1736.59
1261.58	1	1347280000	4219.53
870.186	1	1383720000	1830.68
686.003	1	396103000	1497.5
1325.13	1	1428230000	1816.24
688.298	1	381754000	1111.53
741.502	1	625767000	1629.34
1059.32	1	369635000	3796.18
1069.27	1	2076230000	2008.92
550.309	1	732363000	1659.09
1175.61	1	1257450000	2564.3
1128.74	1	1486840000	1889.95
910.903	1	492093000	4042.92
940.862	1	1467680000	1563.43
1296.16	1	1425880000	2179.93
1169.54	1	440542000	1918.33
1498.82	1	239589000	3052.97
1478.58	1	1272290000	2444.12
503.265	1	714901000	1219.87
1248.4	1	1180610000	2895.22
630.425	1	750377000	898.742
1407.71	1	1308980000	2441.1
1437.82	1	968402000	2420.93
754.083	1	180933000	1869.24
795.885	1	1420970000	1077.69
554.652	1	888233000	4073.63
1205.64	1	438765000	3968.96
845.79	1	468920000	703.095
611.088	1	322635000	4133.23
754.114	1	788500000	1573.97
460.666	1	751191000	1132.88
1275.32	1	829897000	4212.93
943.396	1	560331000	1419.79
976.349	1	1101040000	1324.5
866.111	1	382400000	4037.97
1099.1	1	1329820000	2039.78
1174.47	1	911071000	2104.92
595.694	1	738454000	1805.45
762.714	1	1134620000	813.601
695.018	1	1029970000	1899.9
891.112	1	924811000	879.874
1359.33	1	1638650000	2167.21
720.26	1	920080000	2139.78
1329.04	1	1190050000	1951.33
414.994	1	504645000	724.668
1147.6	1	675736000	3983.05
1074.95	1	782624000	1727.61
1459.18	1	613999000	1233.69
1357.59	1	736778000	1319.01
1148.95	1	955027000	1323.07
1013.14	1	1377080000	2255.28
1223.13	1	583011000	1692.14
541.354	1	725260000	1027.56
1296.07	1	1356120000	2613.51
978.53	1	1801310000	1707.43
940.32	1	634718000	1122.99
717.995	1	592924000	2719.72
625.212	1	814714000	1929.04
636.882	1	262415000	1367.95
502.41	1	623399000	963.794
1089.93	1	1183670000	2031.33
1233.39	1	1250970000	2090.41
524.444	1	439296000	1271.18
1086.98	1	509477000	4043.68
462.335	1	566934000	604.256
1267.26	1	1545870000	1798.44
1300.51	1	439137000	2098.62
1237.86	1	931266000	1212.85
1052.06	1	1659880000	1754.36
1067.45	1	870514000	1687.05
742.558	1	434087000	1178.12
1054.76	1	371052000	2127.47
1220.04	1	674041000	4036.32
635.657	1	275307000	1504.89
1036.38	1	738446000	943.073
1187.22	1	999091000	2223.89
659.767	1	1208380000	1579.48
1409.35	1	1152460000	2088.87
642.485	1	881345000	690.685
1409.69	1	863674000	2020.38
1472.52	1	1227090000	2143.57
1181.73	1	504090000	2313.84
930.075	1	1194210000	1870.14
989.871	1	849243000	1252.23
780.063	1	612603000	1664.19
1350.13	1	1592480000	1815.49
1362	1	298959000	4208
1373.08	1	1321750000	2053.96
543.184	1	1048910000	796.372
1353.85	1	1258880000	1734.45
620.6	1	816215000	4100.74
931.043	1	918516000	1099.62
684.077	1	654814000	2263.99
1246.35	1	1384810000	2158.05
1409.6	1	1517970000	1746.73
1104.68	1	1167660000	1320.98
771.53	1	405419000	1299.58
936.344	1	535592000	1654.29
940.293	1	871302000	2180.12
615.73	1	836043000	1017.51
666.522	1	788713000	868.49
884.275	1	348526000	1130.62
332.865	1	155873000	904.111
853.757	1	1095200000	1864
631.801	1	538874000	835.563
487.513	1	306975000	713.627
877.983	1	632582000	1915.68
1085.26	1	602767000	1968.41
879.607	1	826313000	1634.7
671.269	1	977986000	1139.63
681.304	1	542846000	1157.52
1116.87	1	1513040000	1904.35
408.043	1	568632000	898.684
445.611	1	409217000	1445.78
641.405	1	814404000	1803.29
761.906	1	1031290000	2114.28
933.457	1	770134000	2118.66
487.593	1	370004000	824.565
1163.2	1	1500810000	2015.64
955.343	1	920069000	2671.07
1093.39	1	1413950000	1460.08
1363.95	1	985574000	1995.87
698.872	1	361769000	4120.83
868.344	1	341181000	1737.21
972.29	1	1194920000	2385.46
617.142	1	758753000	1243.76
1331.89	1	1274860000	2647.97
1230.41	1	1295730000	2011.5
1289.12	1	714802000	2581.11
1131	1	1162190000	1762.8
714.417	1	864436000	1389.26
1031.95	1	686155000	3058.09
1224.93	1	2002380000	2282.18
836.85	1	353324000	1833.28
928.044	1	1173360000	1658.14
1270	1	869423000	3155.49
773.584	1	622551000	4071
1332.81	1	1441070000	2299.46
1335.61	1	1386780000	2132.67
990.697	1	1144340000	1374.48
988.752	1	414306000	1082.85
738.804	1	285445000	867.008
679.281	1	686586000	2141.46
1468.26	1	691161000	1334.14
1010.88	1	607516000	4218.11
1165.42	1	572186000	2223.33
1236.71	1	619718000	871.44
916.428	1	817449000	2660.68
1283.01	1	430153000	2295.1
1050.43	1	1342060000	2556.12
1491.04	1	884390000	2095.67
977.709	1	1277600000	2549.26
867.606	1	68373300	1876.58
958.037	1	1349090000	2235.38
886.585	1	908710000	1363.96
1076.67	1	1603200000	1930.69
705.423	1	426980000	1235.22
1356.78	1	1174600000	1533.75
774.236	1	1028600000	1505.83
668.55	1	282244000	1615.77
833.782	1	1053120000	1210.8
1030.35	1	1225590000	1993
1045.74	1	655480000	1783.65
1330.18	1	1195000000	2566.67
1042.33	1	925469000	2283.46
751.564	1	1228660000	2141.63
632.746	1	373183000	4123.54
796.16	1	610286000	4045.11
1103.29	1	771658000	2706.79
1382.18	1	705630000	2252.22
817.374	1	462064000	4050.64
696.423	1	563459000	1284.33
856.586	1	1309220000	2254.29
1397.92	1	1356890000	2177.49
1381.9	1	1796510000	2505.26
908.869	1	1313510000	1590.31
652.977	1	629107000	1305.41
1428.83	1	1184750000	1925.72
1476.5	1	898724000	1947.81
887.436	1	596622000	1792.66
1371.48	1	1697150000	2295.71
995.59	1	535134000	1217.26
849.73	1	405219000	1686.84
1194.56	1	893034000	1849.03
1122.69	1	1410620000	1697.99
682.115	1	248727000	1558.47
408.909	1	464843000	650.993
1240.14	1	1632680000	1873.88
1385.92	1	411364000	1043.83
1182.94	1	766220000	3589.26
1155.77	1	1491830000	2370.91
391.674	1	282626000	1444.54
1222.29	1	1602390000	1862.16
598.433	1	915742000	4088.71
738.95	1	583845000	2729.19
1299.56	1	1034610000	2887.42
1191.88	1	1031820000	1927.37
840.812	1	837115000	1540.36
1346.29	1	1340840000	2504.41
1217.9	1	762378000	1126.41
1150.17	1	1771070000	1709.6
1410.54	1	1201540000	2184.05
826.406	1	1265080000	1879.88
517.953	1	572298000	1027.65
1384.72	1	1096760000	2000.78
1021.67	1	929332000	2188.98
1003.23	1	570626000	1955.5
916.366	1	1313290000	1822.87
1012.12	1	737971000	2169.02
1497.91	1	320443000	2431.12
1476.6	1	896333000	4210.44
1120.42	1	753801000	1249.77
1326.23	1	1426240000	2193.44
688.937	1	634700000	1421.24
1047.18	1	299427000	1998.04
579.255	1	542913000	665.182
740.931	1	288656000	1490.36
653.551	1	550489000	1577.01
1349.53	1	1390320000	1949.87
1106.36	1	1686080000	1762.56
775.537	1	711487000	1884.56
1123.55	1	962363000	2656.96
789.633	1	523894000	1095.93
1023.34	1	2052600000	1633.04
695.74	1	865285000	2107.26
1083.33	1	492737000	1579.19
569.929	1	623007000	1084.83
1439.98	1	999931000	1819.75
665.043	1	168543000	1113.35
922.682	1	1029430000	2402.73
550.215	1	738224000	657.533
1030.7	1	1135630000	2518.17
973.187	1	1509030000	1222.19
1048.67	1	905074000	1678.75
1133.48	1	630072000	3465.16
1122.1	1	395766000	742.915
731.037	1	545694000	1636.85
1154.85	1	513652000	2042.32
989.53	1	1176070000	2150.63
611.806	1	1033660000	915.351
933.25	1	476283000	1563.27
876.918	1	857255000	1400.73
1174.89	1	1182450000	2665.66
961.526	1	474740000	1839.37
809.95	1	735210000	1274.65
1038.79	1	1111340000	1748.15
1304.23	1	1537670000	1779.08
1054.38	1	1091250000	2197.41
655.966	1	162469000	1247.59
1453.98	1	1154970000	4211.09
1424.25	1	1088090000	1793.17
1201.02	1	926461000	4214
1142.35	1	234555000	3990.75
1340.2	1	1094120000	1738.82
1307.74	1	576457000	4029.84
1021.04	1	685234000	1954.65
1414.47	1	1239100000	1884.25
607.532	1	704116000	965.543
1112.76	1	976182000	2479.43
767.15	1	284400000	1174.12
959.614	1	871579000	1100.06
895.254	1	848936000	2181.76
1497.96	1	307541000	1935.59
871.66	1	506155000	1558.47
1437.08	1	473947000	2556.82
1279.97	1	1401790000	1603.87
496.983	1	395071000	937.935
739.504	1	1243850000	1790.95
626.747	1	193529000	814.548
848.821	1	520888000	2727.2
638.696	1	510403000	1309.97
970.505	1	906670000	2311.01
588.325	1	1683390000	1502.67
657.069	1	994238000	1069.95
515.867	1	621804000	1351.4
1175.43	1	692664000	3230.85
502.698	1	864082000	1106.57
1413.07	1	498463000	1820.07
834.165	1	968838000	1140.37
726.74	1	772608000	2353.14
650.017	1	496517000	1279.13
1411.41	1	1454230000	2546.83
1003.04	1	1220570000	1780.39
1078.01	1	1056880000	2246.98
1175.21	1	756908000	3048.39
682.593	1	528675000	1394.71
528.018	1	796140000	4052.06
743.5	1	857837000	1005.46
1163.98	1	984946000	2288.69
595.833	1	558573000	1454.39
1409.06	1	955040000	2816.98
576.711	1	796821000	4101.82
1153.31	1	1300670000	1520.15
1257.64	1	816986000	1602.02
1144.74	1	1650530000	2171.64
1139.72	1	984807000	1708.57
978.378	1	839862000	1134.62
966.467	1	626669000	1260.42
536.144	1	335873000	1237.67
676.969	1	565581000	1553.57
710.008	1	697917000	1773.59
957.878	1	653074000	1815.37
720.742	1	260481000	4125.85
1026.25	1	1304500000	1191.38
1351.49	1	1408590000	2284.54
1298.66	1	585460000	2279.99
1340.09	1	886699000	2545.52
623.702	1	504359000	1645.82
616.466	1	785168000	1366.43
809.644	1	553004000	2016.49
642.788	1	453926000	2360.12
1148.69	1	1090060000	1416.58
1027.71	1	527993000	4027.16
1279.41	1	1600410000	1735.71
1323.27	1	771981000	2114.93
1186.4	1	752792000	1868.38
1273.8	1	767217000	1969.66
518.795	1	969053000	1117.91
591.462	1	569226000	906.991
1251.8	1	599644000	2240.27
834.872	1	56757600	1458.04
957.625	1	1520310000	1994.73
578.927	1	777358000	1366.51
683.454	1	567269000	908.946
1150.08	1	937553000	2310.61
794.853	1	1006500000	2346.81
1320.45	1	1769860000	2371.14
1044.42	1	1178910000	1296.52
549.972	1	139411000	1743.43
693.439	1	652824000	1780.12
803.586	1	500613000	1368.24
759.252	1	1166640000	1711.13
1423.63	1	1535680000	2355.94
598.844	1	172457000	4012.04
494.414	1	107133000	1068.66
839.985	1	1127460000	2218.45
1120.37	1	776324000	2399.85
519.414	1	534801000	1755.74
970.494	1	661829000	1649.44
816.231	1	704091000	1737.53
1279.74	1	1408780000	2513.47
1213.58	1	980449000	2260.26
753.184	1	356676000	1660.85
984.733	1	1170920000	2637.12
955.599	1	537191000	2065.56
923.338	1	1534450000	2274.35
1027.94	1	1172230000	1552.8
1367.49	1	894108000	1816.55
1433.14	1	193974000	1853.01
1355.47	1	596661000	2225.34
1216.63	1	1278600000	2430.1
1173.06	1	1020330000	1239.3
1063.3	1	754160000	1638.67
1410.13	1	1328310000	2286.2
992.763	1	643102000	1820.22
1195.75	1	1095560000	1764.13
1147.64	1	1226790000	2667.3
776.632	1	389504000	1720.96
1206.48	1	1091640000	2374.71
856.681	1	1177960000	1388.88
668.824	1	460368000	1960.5
953.728	1	698329000	1800.52
644.01	1	186218000	907.129
681.828	1	313239000	1483.89
1389.44	1	1044290000	1886.05
790.254	1	363100000	671.504
1263.87	1	1113990000	1724.38
898.99	1	1538950000	1419.14
900.301	1	453849000	1726.28
1075.77	1	1117420000	1342.15
1212.92	1	1447490000	1755.11
1127.57	1	752911000	1821.34
1451.25	1	606612000	1143.45
1409.83	1	795913000	2370.71
1291.55	1	410659000	2245.99
610.234	1	788850000	1321.91
710.437	1	582846000	1548.26
1395.96	1	1266410000	2662.23
1223.22	1	397155000	1976.6
980.713	1	765718000	2170.53
790.247	1	692772000	1281.65
972.318	1	938658000	2243.31
1494.68	1	629346000	2391.5
654.797	1	309744000	4130.73
618.904	1	276025000	4030.88
548.851	1	377554000	4037.05
1006.58	1	961967000	1676.97
1372.66	1	756097000	2220.9
1208.34	1	1581290000	1494.29
754.829	1	210307000	2086.09
1406.82	1	241507000	736.962
1237.99	1	1606500000	2275.06
1188.36	1	237004000	1808.69
1414.08	1	971695000	3315.85
539.054	1	615398000	1594.19
1259.69	1	587491000	1675.83
778.79	1	545066000	1380
1363.38	1	1550870000	2528.51
1243.56	1	998157000	2752.96
924.855	1	976574000	2191.69
1235.61	1	521207000	1325.31
1335.98	1	618676000	4016.4
560.915	1	698758000	1231.16
1293.17	1	921393000	1362.52
1089.94	1	432249000	2275.33
1052.02	1	668235000	4217.25
1134.7	1	598088000	1647.42
848.246	1	374123000	1053.94
948.766	1	377391000	2061.99
619.491	1	1252460000	1546.55
881.716	1	860506000	811.828
1354.93	1	513906000	4210.85
1279.31	1	1382810000	2395.31
1322.05	1	1509860000	1704.74
750.377	1	462576000	1418.32
768.129	1	832785000	1528.53
1285.31	1	1195470000	1526.52
1099.7	1	1858490000	1846.73
828.768	1	247375000	566.15
1209.4	1	975394000	2773.83
1011.85	1	684681000	882.417
609.587	1	521442000	1075.72
1370.41	1	916464000	3054
1123.03	1	1089580000	2060.02
986.182	1	1384360000	2310.43
1244.1	1	382918000	2228.55
521.597	1	563661000	4074.48
1034.67	1	996082000	1779.14
1292.82	1	1086960000	1765.43
573.227	1	485898000	4022.15
712.626	1	499040000	1482.33
973.587	1	505346000	1485.28
633.092	1	260429000	1190.41
538.665	1	304133000	476.184
669.437	1	605681000	818.934
729.666	1	1021960000	2025.99
901.476	1	611545000	1514.92
904.091	1	1131520000	2033.39
458.046	1	463426000	946.205
1040.46	1	119993000	2064.88
775.137	1	893484000	2108.13
1185.16	1	493828000	1955.23
1263.64	1	677975000	4040.04
766.77	1	678168000	682.707
1149.51	1	195653000	2075.3
820.089	1	1302350000	2148.35
531.379	1	835882000	963.124
1381.16	1	460424000	1915.12
997.177	1	1458840000	1595.49
1120.58	1	1452610000	1427.29
1411.3	1	704555000	1940.66
943.016	1	939207000	1366.77
1015.35	1	528989000	1589.93
1167.42	1	399920000	1868.63
990.054	1	813234000	1993.08
997.615	1	397725000	1943.21
776.094	1	362041000	1608.55
1206.05	1	381321000	2451.85
393.264	1	563275000	675.377
1375.59	1	891177000	2397.46
725.041	1	993914000	991.771
1138.59	1	1648900000	2315.3
731.335	1	322857000	1390.25
1210	1	968590000	1403.22
1457.24	1	1398730000	2028.92
1026.67	1	438884000	1408.74
1033.5	1	159481000	1844.57
1142.78	1	919533000	1479.52
1480.53	1	1030040000	2726.64
1052.94	1	953746000	1611.79
863.988	1	232698000	1879.23
912.216	1	783028000	1958.24
404.452	1	144889000	1410.48
751.158	1	198519000	4011.6
553.326	1	618875000	1228.83
807.539	1	1512150000	2184.57
1429.74	1	982198000	2576.36
397.417	1	772275000	904.819
774.931	1	128727000	4004.98
987.855	1	353662000	1828.82
774.129	1	329619000	1677.76
1266.27	1	284468000	1966.39
802.052	1	356836000	847.386
1218.87	1	1127550000	2351.95
774.974	1	382147000	969.937
1165.37	1	369749000	1935.01
1346.03	1	1255290000	2096.08
536.616	1	540408000	1102.92
823.214	1	690623000	1415.79
1285.19	1	772474000	2198.42
949.63	1	644737000	966.471
1434.69	1	871423000	3154.62
896.858	1	416870000	1676.97
678.48	1	709569000	670.933
719.265	1	511746000	871.338
1281.38	1	1016720000	2134.79
1260.26	1	808897000	3181.32
1468.84	1	777285000	1887.69
940.775	1	302923000	1505
891.288	1	849718000	1609.7
1374.75	1	692147000	2525.53
1315.64	1	1481870000	2009.27
823.4	1	696183000	1190.15
969.951	1	1007060000	2473.78
959.101	1	439460000	1726.8
963.188	1	620833000	973.653
1370.35	1	304678000	2415.78
715.424	1	272504000	938.392
983.03	1	859040000	1787.87
1132.15	1	874208000	2522.68
957.42	1	1305780000	1381.96
1442.14	1	401788000	4208.76
523.899	1	487200000	1667.78
730.887	1	308575000	1728.01
1339.04	1	1389810000	2395.34
1062.13	1	956347000	1553.2
1321.32	1	464015000	2572.86
1066.27	1	814663000	2876.4
823.05	1	223676000	1944.4
858.55	1	142867000	1173.11
1033.95	1	857699000	4208.06
946.602	1	353630000	907.617
809.126	1	929730000	2290.75
566.518	1	333121000	1558.61
1125.68	1	952615000	1987.23
558.04	1	951162000	1329.78
1072.28	1	511232000	2203.48
1122.34	1	371158000	2500.43
1002.14	1	185895000	1719.7
567.451	1	374163000	4126.26
1253.98	1	1118790000	1766.43
1294.16	1	1108290000	2080.6
1003.02	1	1037020000	2124
1065.57	1	1292340000	2284.29
1107.91	1	1017230000	2822.81
877.828	1	437319000	1483.58
1403.67	1	229782000	2322.61
1319.61	1	978855000	1447.05
754.123	1	601263000	1150.89
916.333	1	827841000	1326.34
1429.44	1	1223200000	2270.6
1288.34	1	1092680000	2018.11
1164.54	1	1116930000	1425.59
1251.11	1	934702000	2347.25
802.616	1	1078550000	1165.89
759.957	1	616738000	1062.75
637.704	1	704848000	2287.78
625.626	1	316336000	776.573
1119.11	1	553562000	1821.51
906.558	1	132478000	1795.79
709.961	1	337084000	1430.26
1017.21	1	1157400000	2431.13
1496.7	1	89416200	2341.37
767.519	1	768121000	965.174
513.709	1	476411000	795.951
748.446	1	1144500000	1324.41
702.978	1	214158000	984.106
1266.5	1	1224610000	2578.73
1487.13	1	1274020000	1907.56
860.237	1	498141000	1751.34
1346.91	1	415648000	2201.23
1234.17	1	798980000	3085.42
1042.71	1	393349000	1668.07
1443.62	1	1113500000	2714.02
449.347	1	361007000	823.441
1268.69	1	1435770000	2165.96
1266.33	1	1160640000	2677.49
559.571	1	564157000	1503.82
983.801	1	463366000	1255.61
1233.86	1	821451000	4213.11
1396.17	1	431961000	937.65
1127.99	1	980447000	2951.45
997.235	1	1462220000	1474.41
1351.62	1	581814000	4035.01
802.078	1	419602000	730.526
1412.21	1	1180510000	3974.79
1132.13	1	822497000	2385.83
1434.81	1	1049250000	2873.82
1227.83	1	929013000	1793.89
1235.67	1	597008000	1134.55
774.338	1	461181000	1949.34
871.84	1	604098000	1469.49
652.745	1	258535000	1127.87
1043.74	1	170955000	1622.01
655.177	1	1449540000	1468.66
951.023	1	1078620000	2310.2
834.633	1	124913000	1890.67
1067.45	1	380739000	2203.05
393.155	1	377393000	968.294
1445.96	1	1230010000	2370.75
1107.23	1	1163310000	1666.9
1089.1	1	340826000	1795.06
1199.29	1	526403000	1468.57
649.344	1	502117000	621.504
884.831	1	981737000	943.918
799.108	1	228559000	1354.78
1369.29	1	273666000	2489.63
598.075	1	914129000	1072.16
1220.83	1	64178100	1793.24
1012.74	1	734943000	2758.63
1190.06	1	1085740000	1380.17
1219.86	1	463142000	1948.34
788.488	1	792506000	2009.84
1240.03	1	1107840000	2637.1
1293.31	1	1196760000	2723.97
1370.32	1	843456000	3276.31
1261.95	1	372779000	2001
1448.91	1	401002000	1882.6
959.728	1	283822000	1918.93
1320.04	1	1232500000	2463.7
767.607	1	368894000	1957.73
884.505	1	129969000	1835.19
504.333	1	592150000	589.779
898.544	1	529860000	704.988
645.161	1	258307000	1457.96
988.617	1	926261000	2498.79
1306.3	1	376601000	2022.33
924.107	1	234642000	1109.83
1178.98	1	1314600000	2460.01
1356.44	1	1215630000	2627.16
1399.1	1	587218000	2361.31
726.585	1	244079000	1738.43
1170.16	1	298736000	2664.34
867.012	1	356020000	1460.59
966.054	1	626578000	2542.49
889.515	1	890810000	2322.07
1317.31	1	1080350000	1906.54
1277.71	1	645616000	1476.08
864.384	1	954009000	2558.56
1249.08	1	1076750000	2579.36
1284.29	1	119099000	2250.49
1158.93	1	623097000	1615.07
1016.15	1	218734000	1941.27
974.331	1	340636000	1766.72
511.973	1	540386000	1526.09
708.532	1	208033000	1393.62
1246.8	1	1422280000	1552.06
1473.51	1	1005840000	1810.39
1269.93	1	543415000	2397.26
1363.59	1	290854000	2298.5
573.549	1	212106000	861.04
854.859	1	96604200	1782.23
1312.2	1	409692000	2447.28
759.913	1	1018410000	1493.91
1438.39	1	148955000	4229.8
533.17	1	656505000	834.477
1209.5	1	744651000	2866.58
1332.38	1	991306000	2770.66
744.319	1	189989000	1378.93
960.081	1	463173000	2492.71
1026.12	1	921166000	1707.87
1378.7	1	865501000	1608.08
1231.69	1	1459530000	2445.43
632.79	1	463290000	1320.06
472.712	1	732428000	1221.12
1173.05	1	850870000	2975.54
959.775	1	1209750000	1472.2
906.219	1	788645000	1234.28
1016.7	1	324587000	1679.92
1226.52	1	379923000	2211.1
872.376	1	433914000	1075.9
516.825	1	336653000	1442.58
1022.31	1	1418200000	2348.35
1484.06	1	875870000	2823.84
1194.11	1	1537900000	1555.43
1286.37	1	565357000	1301.52
1390.43	1	863293000	2870.75
1297.91	1	1116490000	1693.24
1467.04	1	296533000	4210.86
1226.18	1	1478880000	2547.51
1403.62	1	250789000	4219.12
1036.55	1	97315100	1489.16
684.574	1	862019000	1796.94
1427.93	1	940504000	2700.12
1346.31	1	715811000	1249.49
936.826	1	586749000	1770.68
1205.08	1	1525480000	2119.44
1424.56	1	330023000	2640.87
1396.92	1	1303030000	2529.1
1192.33	1	345401000	4214.77
1265.68	1	335588000	1925.47
1034.62	1	457257000	1259.67
1152.89	1	866868000	1238.26
1066.98	1	449591000	1926.42
764.832	1	235010000	4116.12
1194.9	1	279672000	1479.58
835.143	1	1042190000	919.22
1372.91	1	199515000	2357.1
606.686	1	233841000	1027.26
908.711	1	922136000	2319.01
810.722	1	648192000	2105.83
869.33	1	436644000	1397.11
1096.37	1	930596000	2790.05
1056.16	1	557504000	1477.23
796.424	1	339786000	1716.17
1286.68	1	231825000	2094.53
910.631	1	753697000	2410.75
791.657	1	513273000	997.223
1172.39	1	290937000	2494.11
1354.95	1	242074000	2547.58
718.917	1	729370000	2449.48
1494.01	1	362666000	2809.11
1111.35	1	814419000	1023.54
1165.18	1	637045000	1499.55
1204.5	1	270870000	1755.8
612.731	1	156155000	1250.83
964.975	1	183850000	2276.61
608.611	1	523197000	1219.38
953.035	1	622858000	1735.15
1078.67	1	1210330000	2617.69
971.222	1	529224000	2186.61
1363.25	1	1295830000	1903.69
576.479	1	693283000	1440.58
1112.29	1	422167000	1438.74
1082.16	1	805969000	1498.7
1104.84	1	200235000	1599.87
1170.54	1	132973000	2020.73
1369.84	1	568273000	2980.18
1246.9	1	857163000	2380.97
911.336	1	127769000	959.087
1124.47	1	200784000	2121.16
1201.49	1	295143000	2429.39
1279.61	1	922195000	1823.67
528.194	1	293732000	1127.34
1059.49	1	653411000	1713.05
980.487	1	237445000	2092.34
816.23	1	861046000	817.018
1224.26	1	1342970000	1515.9
1364.37	1	175332000	2241.87
1281.23	1	1217770000	2671.15
1284.53	1	604345000	1685.57
547.456	1	527217000	4125.42
1075.52	1	773010000	1533.89
1054.83	1	249489000	2288.42
591.113	1	652366000	1690.69
1202.53	1	1508940000	1658.98
1196.81	1	251965000	2104.09
1082.33	1	886696000	2058.27
1463.55	1	367287000	1832.99
1022.69	1	216296000	2272.65
1180.86	1	186794000	2232.55
890.533	1	601267000	1703.71
613.855	1	199347000	1517.18
641.729	1	302532000	4029.31
1048.41	1	443976000	705.842
1442.8	1	1205930000	2020.53
1233.4	1	301170000	1271.78
1181.56	1	246819000	1989.96
1171.32	1	245456000	2435.74
1004.27	1	403110000	2217.54
1128.86	1	1637140000	1536.44
1271.2	1	893934000	2780.97
848.338	1	554610000	891.405
728.919	1	108609000	1602.05
1036.28	1	718201000	1660.2
1259.83	1	818271000	3966.67
1017.94	1	1081570000	1406.55
729.887	1	568450000	1875.05
1296.49	1	811720000	3450.56
848.295	1	339651000	1436.42
1301.53	1	193464000	2547.99
735.017	1	609945000	987.433
587.272	1	373513000	1271.29
1340.88	1	635210000	2006
723.46	1	557390000	1063.44
960.643	1	528731000	1202.97
1415.23	1	775656000	2930.61
1197.29	1	250194000	2486
1120.43	1	159929000	2117.97
823.698	1	234642000	1635.32
1497.76	1	371406000	2206.01
1081.54	1	152943000	1992.58
595.613	1	81509400	4015.22
1098.23	1	705374000	1652.29
1130.25	1	1062440000	2861.42
758.499	1	448938000	697.512
906.359	1	1224910000	1333.2
1369.87	1	550147000	2143.3
1060.6	1	1185270000	2469.25
841.545	1	1210350000	2087.22
1169.12	1	731601000	1003.25
1009.17	1	949245000	1085.3
1253.48	1	229675000	4209.97
1037.49	1	1206620000	2609.81
1432.67	1	996934000	1484.29
900.773	1	592204000	1197.15
888.133	1	450078000	2154.6
537.979	1	37574600	1326.66
1009.66	1	331354000	2699.39
1228.32	1	370933000	1192.92
1385.28	1	907361000	2706.21
1403.61	1	533858000	1982.36
482.216	1	876383000	1052.31
1167.67	1	488094000	2395.05
1460.33	1	1065460000	2495.22
1342.89	1	695707000	1668.98
636.253	1	461747000	1827.79
1214.55	1	140689000	1969.8
925.45	1	498820000	2120.11
716.043	1	245233000	828.101
545.036	1	168662000	1686.63
739.863	1	430207000	714.796
597.921	1	100998000	1409.23
1308.04	1	848553000	2210.94
578.489	1	401944000	1126.09
881.382	1	400242000	2283.14
1278.01	1	471693000	2305.17
1108.2	1	640384000	2187.34
920.211	1	219186000	1631
1357.07	1	866539000	3139.91
1298.62	1	514464000	3994.61
1316.01	1	604692000	1820.07
1135.7	1	235747000	4135.07
844.25	1	1032230000	1368.08
1201.84	1	366813000	1296.1
1106.02	1	714161000	1416.91
582.838	1	278884000	755.833
1365.71	1	216809000	2114.3
1399	1	224349000	2444.82
1242.57	1	481494000	2404.92
1116.36	1	483434000	2352.95
1484.62	1	780196000	2028.23
1262.61	1	427116000	2788.09
1339.51	1	122940000	2068.72
1061.07	1	248357000	1787.37
1221.44	1	485955000	4213.18
773.903	1	724883000	796.449
511.443	1	185264000	1448.38
790.647	1	233567000	1495.08
1116.64	1	493353000	2669.29
1436.93	1	1291440000	2117.82
1249.47	1	571049000	1870.58
662.381	1	233726000	1432.66
995.79	1	208930000	2089.31
811.483	1	372422000	3178.68
1387.5	1	1031950000	4213.3
1135.01	1	384693000	3949.74
918.767	1	581447000	2148.1
1453.16	1	1185820000	1746.98
1194.91	1	486900000	3977.58
1168.89	1	718242000	882.87
657.703	1	1012240000	1796.99
1474.42	1	1107500000	2526.96
1342.5	1	897075000	2866.86
1365.57	1	232446000	2457.8
704.725	1	576313000	2014.22
1009.47	1	501618000	1601.01
1211.82	1	604772000	3426.34
1187.7	1	360985000	1743.95
1360.1	1	668786000	2054.53
609.766	1	521722000	824.964
1021.48	1	414289000	4218.89
896.687	1	561397000	2000.76
797.392	1	513554000	2275.98
1115.28	1	1097390000	1987.9
994.226	1	208394000	1924.27
1213.86	1	266460000	4208.67
1307.94	1	523613000	2413.8
639.823	1	258933000	913.798
829.442	1	817201000	1026.92
758.308	1	920320000	928.071
902.947	1	177777000	1790.02
1111.07	1	521156000	2563.37
1155.22	1	119745000	1665.72
906.245	1	516027000	2629.94
1211.39	1	123687000	2078.09
1096.78	1	1032920000	2894.83
743.244	1	345466000	4122.35
1022.05	1	492341000	1323.93
525.68	1	273567000	645.084
1199.16	1	920039000	1157.32
1292.92	1	1581230000	1872.59
956.876	1	714167000	4217.61
1334.45	1	901793000	1363.99
1347.91	1	835904000	1615.18
1119.35	1	863816000	1332.48
1240.22	1	348325000	2500.93
1043.35	1	778202000	2952.44
1185.64	1	958005000	1596.51
1298.63	1	622178000	3051.26
1461	1	718641000	2126.07
894.973	1	324935000	4038.38
1013.74	1	317857000	2101.63
1236.95	1	672983000	2364.69
1027.39	1	463240000	1483.11
1024.54	1	805770000	1823.16
1418.78	1	776200000	1437.62
1042.26	1	841879000	1210.52
1013.59	1	992432000	1191.9
1093.52	1	631988000	2169.85
1290.23	1	452866000	4002.83
790.531	1	61223400	1390.49
1293.18	1	255058000	4212.05
658.146	1	228165000	873.382
952.288	1	63091300	1421.6
862.257	1	457061000	1125.4
1226.7	1	542954000	3114.18
1315.25	1	1456420000	2695.8
847.303	1	623045000	2486.11
1300.6	1	696742000	2005.89
1332.39	1	468300000	2473.19
1164.19	1	865091000	1785.14
1496.14	1	519666000	2677.4
1453.02	1	1371040000	2173.14
737.602	1	1205960000	2205.74
827.65	1	161132000	1346.04
673.2	1	287124000	2138.26
1272.41	1	580891000	2308.86
909.756	1	365903000	1151.78
845.593	1	505711000	832.834
1357.46	1	1244950000	2749.24
904.68	1	563227000	1960.81
1396.06	1	860360000	3163.97
855.757	1	375012000	2567.84
1293.94	1	410461000	2849.79
1378.54	1	343201000	4215.93
1085.89	1	119950000	1912.98
482.111	1	515486000	677.529
1334.02	1	475596000	2035.2
974.344	1	559001000	2112.9
1242.9	1	1356610000	1670.99
481.244	1	162423000	911.656
698.67	1	476113000	1849.52
678.734	1	261071000	1402.9
1412.81	1	875858000	3223.27
1089.96	1	914251000	1653.21
1187.07	1	332669000	4213.87
1309.1	1	477056000	1876.44
633.536	1	305851000	1124.59
903.894	1	600596000	940.598
705.157	1	669728000	1442.1
1322.65	1	1024490000	4210.58
566.209	1	54533700	4007.2
1270.56	1	408137000	1867.92
1166.42	1	704254000	2134.17
1161.74	1	150450000	2180.22
1496.51	1	418629000	2015.33
784.562	1	560787000	1165.82
1063.18	1	187676000	2203.23
550.963	1	308837000	1480.03
873.548	1	62041000	1357.76
1489.02	1	891223000	2425.15
893.592	1	347346000	1950.83
1125.78	1	966874000	1620.26
1323.45	1	968198000	2916.74
513.416	1	215760000	730.434
759.706	1	337986000	584.43
819.426	1	551200000	1581.07
914.359	1	216751000	1102.75
1166.52	1	490087000	746.751
1314.07	1	1198570000	1562.44
1234.65	1	893470000	1930.89
1446.98	1	877715000	2237.32
771.171	1	71188900	3999.19
509.786	1	220474000	728.341
1258.26	1	564141000	1981
860.636	1	163571000	1627.49
568.155	1	253608000	998.85
1150.53	1	1054730000	1892.31
1100.17	1	859538000	2451.04
927.403	1	764602000	1263.23
928.622	1	470450000	4216.72
1323.54	1	788644000	1344.64
1160.76	1	420245000	1933.22
675.027	1	110314000	1407.4
1035.36	1	790587000	2708.37
1444.85	1	378462000	1761.08
1202.66	1	212504000	2815.65
918.572	1	102739000	2212.91
1004.54	1	1226250000	1404.77
821.486	1	1006260000	1020.46
955.822	1	278116000	1888.43
1473.48	1	1120510000	1712.36
1261.98	1	1143140000	2896.08
1034.36	1	123402000	2059.73
1445.72	1	537812000	2849.32
1110.66	1	812560000	1859.18
1201.23	1	940346000	3000.17
835.986	1	309876000	1739.08
995.833	1	531762000	1043.73
1236.75	1	319232000	2555.73
782.338	1	474900000	1227
1493.37	1	872893000	1793.75
1152.39	1	695941000	2940.64
1153.79	1	517324000	1785.5
920.513	1	401339000	2331.92
1439.13	1	1102250000	1662.18
1144.39	1	635482000	1034.07
563.585	1	177385000	1064.85
861.191	1	636978000	811.693
630.031	1	52435100	1092.94
1388.57	1	145433000	2187.13
886.926	1	589137000	2567.64
865.03	1	745316000	2077.4
1178.43	1	534374000	3970.99
1443.97	1	977092000	1582.26
681.169	1	889354000	1880.45
1417.23	1	923960000	3140.91
1135.29	1	954648000	1410.7
655.591	1	393072000	1729.69
1408.74	1	835121000	1666
749.462	1	246797000	1948.28
915.987	1	339094000	1399.28
858.868	1	401289000	2013.86
541.892	1	80294500	1161.57
1302.27	1	703809000	2476.34
624.863	1	423597000	1413.99
757.457	1	304108000	856.437
743.341	1	143209000	1281.5
1162.27	1	235638000	1885.21
559.19	1	460226000	1088.79
1495.93	1	496184000	4210.56
980.7	1	292357000	2010.62
1360.08	1	278600000	1814.45
700.879	1	313351000	1224.15
1423.72	1	1141440000	1710.63
1371.56	1	890444000	1731.82
1168.67	1	987683000	1136.88
1098.22	1	226129000	4216.06
655.663	1	308945000	1663.45
830.575	1	913944000	2117.96
798.052	1	460233000	2180.26
1421.3	1	651210000	2225.5
1376.18	1	256573000	1980.58
696.18	1	282432000	1592.17
1280.87	1	250738000	2061.7
1241.28	1	278750000	1597.69
1134.34	1	590880000	3557.9
1400.46	1	421975000	1687.3
1070.77	1	824912000	2797.92
1257.32	1	944958000	2443.42
998.609	1	314230000	1700.62
988.118	1	586244000	1566.48
705.679	1	192949000	1533.55
538.657	1	83187500	897.826
1198.5	1	722033000	2717.21
1195.29	1	785793000	2411.25
1260.23	1	1156400000	1416.32
1152.75	1	326655000	1597.43
1104.27	1	496372000	3975.8
859.327	1	516754000	1951.37
1236.58	1	439187000	1518.99
511.818	1	489598000	862.929
934.692	1	692402000	1465.23
721.7	1	77871100	1885.15
714.799	1	236047000	1677.91
1080.32	1	374116000	2538.18
931.235	1	161395000	2056.13
1415.41	1	740052000	3600.6
641.597	1	169099000	1010.04
856.623	1	911178000	2344.85
673.174	1	388386000	1875.63
1154.98	1	582790000	2246.09
1206.63	1	642047000	2192.93
843.213	1	217004000	1208.81
1303.13	1	335226000	2400.39
1429.8	1	639657000	2055.47
1490.28	1	828566000	3986.51
968.591	1	393673000	1534.76
1234.64	1	390389000	1611.83
1131.26	1	277223000	2305.56
1146.87	1	386825000	2256.6
1362.2	1	821782000	1682.23
717.155	1	604531000	2052.46
738.015	1	168620000	1166.08
1317.76	1	364735000	2090.15
1032.81	1	751298000	1029.41
1045.3	1	248933000	1385.97
965.697	1	201082000	1677.71
852.627	1	287537000	1935.44
979.474	1	86666600	2499.34
1314.99	1	362993000	1741.39
943.768	1	235026000	2068.75
988.689	1	1249450000	1669.16
790.555	1	225196000	2290.15
1392.97	1	1088490000	1816.31
1003.31	1	304849000	1151.96
1311.61	1	432079000	1678.72
1141.12	1	309852000	2235.28
659.201	1	115073000	1001.04
1137.43	1	441442000	1158.93
1316.81	1	983425000	3005.73
1370.25	1	1366530000	2687.4
1109.35	1	769756000	2355.86
786.832	1	493814000	2274.1
1388.42	1	556204000	2611.29
1264.09	1	318475000	2386.11
1436.48	1	970525000	3013.72
1029.24	1	201356000	1777.09
1368.99	1	1145970000	2816.91
957.769	1	111930000	1025.56
1343.48	1	891566000	4211.19
1252.03	1	892329000	1975.39
1085.48	1	153239000	2269.87
1025.46	1	353756000	1266.88
1374.5	1	244379000	4211.16
1219.09	1	1200610000	1601.42
1041.57	1	496528000	2508.11
736.774	1	122597000	1052.71
1337.73	1	1065390000	1535.19
1477.56	1	944514000	2940.58
1230.23	1	399810000	1599.27
1407.18	1	1232290000	2636.62
1026.18	1	520524000	2679.03
1352.96	1	169943000	1673.42
450.151	1	330479000	1189.86
1260.26	1	954278000	2992.62
637.878	1	566488000	2194.05
1402.43	1	344909000	2103.77
1259.81	1	285458000	2680.27
1232.19	1	309418000	2349.88
514.727	1	191950000	978.739
1038.44	1	783393000	2333.46
806.873	1	300343000	1101.93
1322.77	1	476972000	2298.19
1172.79	1	307396000	3937.99
1288.67	1	718135000	2803.36
802.477	1	702313000	2645.3
1082.27	1	389354000	1795.57
1417.8	1	48364500	1767.47
816.76	1	412322000	4208.36
1360.47	1	755547000	1183.3
1273.91	1	475702000	2094.35
1482.62	1	133210000	2368.47
1346.44	1	799833000	2686.2
687.79	1	601910000	1694.12
876.073	1	660585000	2245.68
822.415	1	161121000	1505.45
955.215	1	348431000	2405.09
1023.81	1	576905000	2557.28
618.2	1	291219000	1451.6
1014.44	1	84920100	1815.54
1308.57	1	339273000	1661.46
1215.55	1	551995000	1681.89
1168.34	1	83570600	2077.41
621.257	1	798013000	1721.85
708.919	1	313753000	4149.56
1113.18	1	476765000	1211.04
1466.38	1	1071790000	2302.41
857.21	1	487490000	4025.15
1492.75	1	971462000	1697.81
1144.4	1	138816000	1533.3
1408.8	1	361645000	3138.72
1464.93	1	773662000	2428.95
728.525	1	50683900	1386.89
1395.57	1	832677000	1617.16
1081.69	1	116674000	2473.65
967.148	1	162262000	1606.42
1313.1	1	585816000	2917.59
965.109	1	96743300	1989.54
1189.02	1	1037310000	1693.28
881.047	1	510464000	2186.76
749.815	1	237903000	2069.92
1405.31	1	539587000	1841.22
1090.46	1	74112000	2455.67
889.507	1	306388000	731.098
1435.64	1	547816000	2197.32
642.002	1	151824000	1090.72
784.62	1	649869000	803.67
880.091	1	188685000	897.323
841.251	1	164308000	2005.5
983.334	1	118420000	1953.12
600.504	1	356409000	2254.71
1349.34	1	341165000	1174
1068.46	1	67698900	2155.47
1189.72	1	607356000	2754.25
1297.91	1	381461000	3931.76
919.781	1	706769000	894.593
720.93	1	126008000	1432.35
1423.73	1	772879000	2152.59
1211.48	1	272327000	1635.58
807.074	1	317822000	1943.13
984.568	1	80289100	1581.18
1361.57	1	72781700	2443.8
1107.03	1	807321000	1974.9
1360.58	1	151242000	2305.31
1211.73	1	229494000	1827.65
707.972	1	79218800	1174.72
1144.97	1	144397000	1643.38
1230.36	1	853341000	1439.33
814.252	1	380005000	1014.89
1436.13	1	252542000	2359.02
580.508	1	186568000	1285.98
1349.65	1	728793000	1881.96
1248.15	1	284728000	4212.65
1228.49	1	203628000	1939.14
884.198	1	77366500	1789.25
830.767	1	521768000	2211.35
1290.04	1	896565000	2439.78
1275.71	1	894447000	3074.21
1415.03	1	340144000	1317.46
1127.74	1	193981000	2240.59
909.815	1	660025000	2250.85
1363.07	1	71994200	1751.42
513.688	1	429234000	4045.5
1295.78	1	1065280000	1606.73
874.204	1	544411000	2155.02
1304.19	1	702036000	1942.02
1401.02	1	541551000	1901.7
1060.38	1	1024060000	1129.04
1291.6	1	1086210000	2949.05
1435.06	1	198589000	1996.79
824.596	1	589062000	2260.82
978.62	1	472743000	1942.61
835.898	1	269446000	1582.99
544.896	1	380104000	695.794
1073.63	1	979334000	1421.88
798.665	1	250120000	1655.77
1227.24	1	935207000	2653.37
1288.94	1	246583000	4216.5
1423.19	1	322134000	2564.45
944.025	1	429346000	1236.43
1049.24	1	236600000	1934.96
955.691	1	685973000	2763.15
1374.45	1	447267000	1924.39
1195.87	1	450203000	1317.29
916.047	1	416864000	2086.79
1274.63	1	693482000	2237.51
1476.54	1	631879000	2064.91
1285.54	1	287359000	4211.35
1166.39	1	673734000	2497.37
915.472	1	756669000	2770.16
760.622	1	346840000	999.503
776.004	1	955743000	2218.37
1490.79	1	401207000	2649.03
648.276	1	480512000	1728.34
1041.97	1	176434000	1386.06
1185.09	1	104677000	1526.8
1264.94	1	713026000	2244.02
1062.13	1	648420000	3687.26
939.209	1	781479000	2270.57
939.221	1	670744000	2458.59
1425.83	1	792675000	1991.31
966.164	1	789379000	1351.55
882.521	1	796554000	1232.59
1483.43	1	742036000	2640.62
1139	1	878127000	1236.08
993.415	1	928010000	2426.47
1116.7	1	750037000	1743.88
458.785	1	924268000	676.564
1490.14	1	636190000	2209.56
698.796	1	689023000	1403.35
687.586	1	74380400	979.663
1246.15	1	1120740000	2997.37
673.194	1	265330000	2072.92
1337.55	1	850899000	2240.78
1031.37	1	330182000	2419.09
1115.6	1	1030970000	2965.63
651.266	1	654943000	2098.06
1330.84	1	957635000	1607.9
1334.91	1	1068500000	1788.59
718.046	1	514298000	2222.68
1291.11	1	31218300	1651.32
1150.37	1	745732000	2579.9
457.521	1	399205000	1411.33
897.494	1	848821000	2409.15
1307.64	1	259155000	2926.36
1473.64	1	612276000	3347.71
1299.48	1	402706000	2389.57
1399.05	1	986670000	1306.31
1005.33	1	270718000	1566.49
746.893	1	543929000	2185.22
1352.7	1	479819000	2029.87
1472.58	1	350288000	2691.46
1448.01	1	206966000	1968.02
1466.18	1	207964000	2200.96
689.996	1	399934000	2134.56
1100.67	1	141506000	2207.25
1079.66	1	284010000	1859.58
1313.75	1	249622000	4222.63
1163.6	1	167510000	2426.11
992.56	1	840647000	930.154
872.096	1	91217700	1621.39
664.714	1	82751300	1633.58
1180.39	1	711839000	3158.08
783.852	1	373990000	1075.74
971.065	1	673081000	4214.47
1087.19	1	772960000	1374.21
1475.92	1	426176000	2623.64
793.37	1	286709000	2191.95
1305.25	1	373184000	1862.29
794.283	1	409875000	914.944
1160.06	1	234258000	2469.33
858.599	1	211920000	1314.79
1451.09	1	214544000	2493.01
1368.33	1	604055000	3621.76
895.753	1	81149300	1837.53
733.442	1	835212000	2115.16
1270.02	1	512397000	1494.19
1295.53	1	310238000	1968.84
1485.18	1	767848000	3110.68
712.045	1	371776000	2157.61
1150.33	1	829861000	2858.99
631.331	1	202991000	2025.19
1362.2	1	942970000	3987.9
1415.09	1	759190000	3435.97
933.093	1	207062000	1749.6
1142.93	1	592924000	2892.46
1107.84	1	325738000	2417.89
1370.38	1	690749000	3494.73
1203.25	1	436627000	1229.18
1436.98	1	59604100	2309.1
1012.08	1	468536000	3173.23
1485.58	1	282188000	1721.72
920.723	1	262606000	518.785
719.17	1	316805000	1123.5
768.264	1	62989400	1277.58
1086.3	1	171720000	1446.28
1081.46	1	234636000	1644.57
936.157	1	714435000	2386.68
1248.58	1	209546000	1785.8
1399.51	1	355183000	2081.69
1413.16	1	441175000	3514.57
999.335	1	129894000	1657.76
962.667	1	281867000	1640.86
702.078	1	138187000	1544.14
899.593	1	418215000	1285.9
1101.31	1	712603000	3305.22
899.674	1	94013500	1353.08
1227.03	1	228939000	2152.78
994.975	1	235329000	1742.84
879.292	1	880935000	2381.67
474.399	1	342946000	1058.96
610.595	1	448847000	1678.14
1340.19	1	627213000	3952.79
967.426	1	760762000	2993.11
1013.8	1	891895000	2509.3
1321.87	1	677226000	2824.44
1347.71	1	290030000	2610.46
1328.48	1	157686000	2483.6
1087.23	1	995847000	1209.38
928.017	1	442890000	1443.9
1333.29	1	279921000	1698.95
1484.28	1	354719000	2223.92
570.162	1	133779000	888.142
1412.31	1	994957000	1525.62
1341.26	1	236856000	2639.77
660.662	1	384531000	1999.59
1006.81	1	616597000	2518.73
930.612	1	410616000	1984.03
1316.14	1	513362000	2778.59
537.351	1	628704000	1453.83
938.38	1	503682000	1211.77
1331.04	1	173703000	1679.48
1398.62	1	547465000	2002.95
928.972	1	568850000	2731.13
1184.79	1	550992000	1324
1434.47	1	182889000	2490.63
1331.49	1	526943000	1473.76
1135.36	1	605177000	1485.84
1211.11	1	260768000	1574.11
649.692	1	240669000	1604.57
875.568	1	317266000	807.365
1267.98	1	201961000	2525.2
1383.33	1	338016000	2620.59
1407.89	1	532511000	3347.87
1181.84	1	143610000	1269.9
845.966	1	453339000	4038.49
630.142	1	250603000	1794.76
1160.79	1	249477000	866.013
1059	1	617871000	3968.3
1381.16	1	729610000	1433.83
1043.01	1	241747000	4111.15
749.866	1	411374000	1873.4
989.656	1	388302000	2729.12
943.592	1	290368000	1305.5
1185.51	1	506632000	2402.01
1183.99	1	231773000	1811.2
1451.66	1	903217000	2960.35
990.602	1	185598000	1743.49
795.43	1	172126000	1650.84
1341.25	1	129779000	2196.65
1458.18	1	1071940000	2337.05
1224.76	1	289953000	2107.86
1287.76	1	673750000	3679.34
1400.56	1	545026000	1158.7
1160.69	1	739376000	4215.5
1255.14	1	380939000	2640.56
1089.11	1	420438000	2117.87
655.412	1	320890000	1394.89
1335.29	1	118104000	2196.85
722.25	1	98519000	1263.14
1378.65	1	818608000	3978.54
915.96	1	551723000	812.008
1173.32	1	971279000	1331.85
1314.24	1	538459000	2627.01
1238.66	1	147295000	1403.41
1429.46	1	521349000	2462.47
450.464	1	115744000	970.275
556.704	1	290944000	509.555
1226.01	1	61753000	2059.88
1383.87	1	99055000	2576.25
1234.48	1	91513300	1674.77
1165.01	1	89371700	2363.75
1260.34	1	1041870000	3287.14
550.919	1	106816000	1314.52
1250.56	1	665424000	2828.23
1120.03	1	108484000	1574.35
894.213	1	635112000	1556.84
702.173	1	147170000	1486.24
963.988	1	599663000	855.895
988.318	1	486067000	1006.98
554.485	1	266340000	1059.01
1149.31	1	542019000	3471.3
1349.62	1	276765000	2387.27
945.52	1	355458000	856.693
1348.62	1	113197000	2015.68
521.675	1	222886000	1213.47
1198.33	1	398622000	2340.53
866.749	1	442633000	2186.91
508.66	1	385765000	1037.14
1120.91	1	244677000	2899.12
1297.07	1	515641000	3758.48
1216.54	1	572200000	2538.97
1305.29	1	370783000	1545.15
1223.4	1	1016910000	1336.06
1423.1	1	521074000	2491.92
933.09	1	382579000	2250.38
385.582	1	600106000	891.629
766.053	1	339457000	2008.82
1385.08	1	1021950000	3017.33
1114.56	1	115988000	1806.63
1278.31	1	206071000	2193.18
1013.67	1	576745000	1332.42
788.462	1	195447000	1856.49
1394.83	1	306694000	2101.88
1302.52	1	699774000	2806.44
469.189	1	129995000	1063.27
1122.85	1	606877000	2779.81
1455	1	312262000	2410.64
1209.88	1	45552800	1831.34
1218.34	1	438153000	2619.67
1101.26	1	147694000	1596.11
1027.79	1	249388000	2054.29
1088.1	1	711548000	4216.42
821.603	1	686249000	936.036
651.068	1	682107000	1949.22
1164.32	1	75043000	2078.12
1335.19	1	188059000	4220.63
1048.92	1	543997000	1124
928.875	1	613318000	2495.49
1464.47	1	484690000	1750.25
902.722	1	384888000	889.296
1398.48	1	692983000	3090.84
1308.08	1	771485000	1473.52
1498.15	1	160881000	1869.56
1301.78	1	46747000	2344.66
1451.76	1	281176000	2301.15
1191.62	1	682234000	975.384
1407.6	1	432338000	3541.34
1492.48	1	635052000	1408.72
1181.58	1	173640000	1702.54
1424.86	1	226955000	2431.29
902.635	1	161452000	2276.65
772.413	1	71214900	1821.63
1340.41	1	440657000	1924.47
1435.79	1	494774000	1746.53
1077.95	1	235323000	1218.4
1297.82	1	582136000	3189.56
1459.8	1	1076460000	2801.33
1488.58	1	281864000	1635.47
713.07	1	115837000	877.044
1129.25	1	81677400	1454.57
743.083	1	503426000	2073.62
684.636	1	340094000	1669.8
1238.65	1	221779000	3003.46
1232.4	1	870434000	2761.26
864.082	1	774515000	2449.6
663.129	1	586137000	1896.4
686.998	1	448214000	4139.42
760.08	1	202571000	1792.1
1354.1	1	512948000	1050.33
667.365	1	386883000	2149.01
790.698	1	163912000	1622.88
1003.63	1	1102070000	2360.29
1010.25	1	450630000	3973.35
705.457	1	535395000	2221.48
1408.11	1	255620000	3450.12
1052.5	1	169621000	1449.36
1451.77	1	198452000	1825.03
907.746	1	571374000	3045.01
916.588	1	203236000	1629.84
1403.36	1	122895000	2256.3
598.146	1	220494000	4158.32
1120.88	1	660050000	3971.3
1293.46	1	465425000	2385.68
1065.29	1	998208000	1289.51
1463.7	1	162136000	4219.19
447.9	1	378559000	1311.9
601.688	1	162353000	453.616
1401.94	1	123759000	1812.45
1115.84	1	308534000	2066.71
1306.99	1	235167000	2632.74
1338.35	1	462321000	1877.98
1129.72	1	77336600	3965.35
958.282	1	293047000	1657.47
1334.17	1	475861000	2881.26
1379.77	1	276649000	2613.17
1089.23	1	190894000	2852.75
1234.11	1	161622000	2519.23
1465.8	1	581865000	1646.92
1287.77	1	259316000	1775.96
1265.28	1	730028000	1138.48
1460.62	1	333636000	1329.49
1420.35	1	807470000	2047.16
1148.47	1	583351000	4212.52
1481.96	1	206719000	1664.77
744.5	1	374801000	4218.66
1353.28	1	66780700	2347.28
1314.32	1	320203000	2849.65
982.685	1	451154000	2372.53
1007.94	1	564175000	2307.48
1312.96	1	460335000	1370.92
1132.59	1	122495000	1699.62
1007.99	1	186708000	2433.34
1052.39	1	638090000	3228.41
1278.06	1	180813000	2035.97
1162.7	1	403318000	1148.19
805.315	1	200386000	1469.33
1081.53	1	862027000	2720.89
962.885	1	437294000	3042.9
1063.75	1	276559000	735.641
786.836	1	512441000	2497.66
1021.25	1	239703000	1527.07
1341.03	1	641203000	1448.63
1167.84	1	246924000	2612.75
1108.22	1	290969000	1204.94
1284.01	1	447999000	2825.07
1169.53	1	166089000	4209.77
1248.05	1	781536000	3218.67
867.542	1	362386000	3584.77
1077.91	1	388899000	1628.56
1074.08	1	475710000	2493.49
1164.72	1	313802000	1366.23
504.598	1	770738000	801.728
697.89	1	49837200	1221.66
1228.04	1	271455000	2364.96
996.052	1	984458000	2265.5
1208.4	1	556315000	1121.11
826.172	1	492553000	1104.81
1496.37	1	519370000	3189.81
430.778	1	560076000	690.521
398.97	1	288412000	1078.75
1444.2	1	538473000	3088.83
404.531	1	399422000	997.628
1278.65	1	304588000	2735.25
1465.85	1	584933000	2721.65
1187.04	1	417539000	2565.78
1293.36	1	180399000	2667.91
712.068	1	283267000	1621.64
1048.1	1	488422000	2668.9
1310.19	1	290439000	2770.63
1399.4	1	243734000	4213.46
999.999	1	222331000	4102.84
951.756	1	314883000	2410.72
934.689	1	126643000	1938.86
576.421	1	206823000	787.858
571.926	1	244009000	800.79
881.636	1	154226000	1325.92
1164.21	1	505868000	2996.86
1393.77	1	281411000	2033.61
1014.29	1	130437000	2362.43
1000.32	1	549678000	4216.62
853.118	1	60763500	2068.45
936.432	1	294588000	2336.17
1272.56	1	308188000	1659.07
910.737	1	115370000	2086.93
1371.96	1	124248000	1988.86
1140.96	1	637921000	2725.78
1001.82	1	264792000	2500.85
1389.62	1	518593000	1679.62
1421.9	1	125032000	2295.42
770.021	1	656200000	2291.38
958.376	1	136714000	1608.1
707.831	1	26062200	1116.98
888.275	1	938871000	2086.74
892.56	1	365722000	1457.59
910.681	1	160062000	548.656
735.001	1	66155700	1174.04
1260.37	1	903190000	3406.6
1368.14	1	760950000	3728.95
1297.5	1	319311000	2536.87
799.114	1	53376700	1527.44
1213.62	1	59544600	2193.09
1018.91	1	211604000	1262.02
1041.65	1	106633000	1812.33
1491.29	1	261283000	2573.37
1346.65	1	215149000	2342.94
583.376	1	429364000	2226.95
697.191	1	69748100	1551.67
861.33	1	102699000	1878.36
1155.34	1	267761000	1975.09
1100.16	1	294354000	2625.88
1391.98	1	352243000	1960.14
1375.91	1	867437000	1525.94
955.903	1	298062000	854.178
470.116	1	156646000	4052.59
715.522	1	107071000	1089.27
1042.87	1	212217000	2164.5
901.433	1	531976000	4215.45
771.366	1	573576000	2386.32
1362.77	1	268932000	2998.05
1308.8	1	346053000	4210.2
1058.73	1	348037000	1299.36
1200.65	1	102961000	1719.01
1193.28	1	837173000	2883.21
1446.3	1	737159000	3334.68
1206.88	1	82281000	2064.59
461.15	1	43901400	1004.05
1053.81	1	194287000	1307.74
1260.78	1	321561000	1025.55
810.493	1	173280000	1040.32
1146.95	1	71675100	2103.22
1244.14	1	544013000	966.764
1419.7	1	242808000	2453.05
644.575	1	265537000	1721.24
1403.77	1	608641000	1455.53
837.7	1	175334000	1316.44
1369.32	1	668678000	1606.04
1319.33	1	561967000	2226.73
560.177	1	107956000	786.926
1117.79	1	703827000	3456.7
1099.33	1	761763000	1163.95
827.253	1	48377900	2180.16
1370.67	1	835038000	3141.28
1469.16	1	661519000	2878.77
935.573	1	119435000	1385.98
962.681	1	755677000	2606.03
1343.38	1	33411800	2161.41
1375.35	1	243000000	2624.76
562.314	1	467976000	1631.79
932.363	1	646137000	985.589
805.776	1	263764000	2072.94
1482.95	1	128766000	3162.99
663.225	1	442761000	2225.01
770.626	1	98970900	1239.66
1179.02	1	222307000	1398.74
1261.81	1	522385000	3093.27
1373.19	1	255524000	1886.77
1158.46	1	79997600	1742.8
1370.97	1	854611000	2915.25
899.775	1	953892000	1102.21
1465.06	1	593651000	3382.67
1230.4	1	547141000	3737.69
684.872	1	326501000	1296.19
820.982	1	154198000	1129.05
1135.99	1	119074000	1950.87
1098.72	1	45719100	1593.65
530.997	1	446907000	1556.54
1176.16	1	962840000	2874.05
1268.3	1	359911000	1634.16
1127.67	1	350832000	4216.6
1417.57	1	904951000	3038.29
612.945	1	583071000	1597.79
1368.19	1	543605000	3409.63
1345.71	1	808376000	1339.58
640.383	1	251104000	1716.31
656.003	1	352035000	2446.74
1245.39	1	919028000	2051.59
1414.88	1	469751000	3894.08
674.96	1	55695700	1041.68
1066.09	1	226390000	1373.65
749.485	1	137121000	1664.69
816.71	1	227269000	1408.66
1367.84	1	77856600	2349.36
500.028	1	82094500	735.737
1417.22	1	249526000	2430.26
1494.75	1	109713000	1876.05
1078.19	1	102491000	2011.33
744.556	1	186754000	3971.78
727.862	1	413045000	4227.8
1078.9	1	138488000	1787.08
904.063	1	90957900	2372.69
1198.44	1	872769000	3223.35
804.636	1	291097000	1045.5
1357.71	1	201434000	1945.28
1483.29	1	700159000	1228.94
828.557	1	508875000	707.172
1314.59	1	75280200	1959.39
1117.35	1	368376000	1519.39
1073.53	1	595671000	4218.32
1034.07	1	441810000	3955.5
1414.37	1	321084000	3815.46
1209.93	1	102696000	4217.52
931.87	1	160300000	1719.6
1248.04	1	662571000	3739.35
553.339	1	282464000	812.859
708.703	1	552299000	1854.15
1324.09	1	207990000	1640.95
968.477	1	41588000	2423.11
569.066	1	544309000	1380.95
451.889	1	238930000	687.815
526.235	1	357637000	1422.08
1112.17	1	59268100	1722.77
1228.22	1	799196000	3235.78
1029.1	1	251728000	937.59
745.101	1	540050000	2480.63
841.946	1	34925800	969.119
499.561	1	310584000	1668.71
891.383	1	23389000	1826.1
1303.99	1	606931000	991.076
623.827	1	209035000	1064.9
628.565	1	134994000	719.249
1486.61	1	400846000	1819.78
696.051	1	213249000	1668.24
821.473	1	229107000	652.393
771.81	1	80663700	1356.11
915.359	1	107090000	2193.82
931.457	1	488206000	1187.04
656.174	1	154141000	1526.91
1225.91	1	300785000	1264.18
566.515	1	132287000	1187.85
632.803	1	105631000	2158.52
930.95	1	179051000	2333.68
885.579	1	279875000	4033.05
1430.92	1	153207000	1671.77
938.537	1	388225000	895.808
1164.03	1	42024400	1846.16
535.535	1	212093000	1507.6
1497.92	1	429789000	2896.89
950.311	1	928575000	2876.75
1367.13	1	372687000	3338.27
1183.22	1	243545000	2558.68
1185.58	1	291316000	2851.47
928.501	1	182611000	1590.46
589.535	1	342466000	4129.53
1324.45	1	489572000	1533.62
1211.25	1	572261000	2634.21
1431.79	1	977977000	4012.51
1271.55	1	635016000	3672.03
1297.79	1	717144000	1520.46
1205.02	1	472430000	2638.8
1489.89	1	328417000	4211.39
940.239	1	299267000	2835.31
1253.51	1	246977000	3323.05
1299.17	1	351560000	1449
1308.82	1	64140700	1729.5
1000.65	1	196954000	1538.75
736.773	1	90221800	1846.95
1018.32	1	453891000	1503.1
986.997	1	149278000	1195.85
920.258	1	48348300	1764.06
1072.22	1	667698000	1589.93
1188.83	1	650467000	3028.29
1451.96	1	404175000	2092.26
1133.99	1	372486000	1100.46
517.19	1	527377000	648.921
896.569	1	74778400	1245.52
1181.57	1	264308000	1854.18
782.103	1	121534000	1447
1368.52	1	578296000	3924.18
1140.34	1	31212800	1541.5
1306.42	1	29329800	1728.01
701.507	1	60116100	1804.92
1328.53	1	265266000	2050.22
1197.58	1	131837000	1705.36
1230.44	1	115280000	1663.11
502.318	1	130726000	1037.21
1394.49	1	244068000	2412.69
1459.67	1	176089000	1826.22
1427.64	1	263735000	1637.89
548.361	1	237510000	984.518
1001.12	1	554421000	2662.7
1288.98	1	434076000	1941.11
627.424	1	208859000	2172.84
1242.17	1	198828000	2901.81
1158.37	1	124637000	2311.57
1105.49	1	41028700	2148.07
999.275	1	186362000	2196.43
1358.08	1	793769000	1456.07
1319.54	1	119094000	1637.45
1298.87	1	762996000	3296.16
955.235	1	442199000	1165.99
954.866	1	411966000	1563.24
1062.81	1	186518000	1373.4
764.095	1	109256000	1557.88
1416.48	1	1078400000	2743.19
750.26	1	369857000	840.869
1229.1	1	793598000	2937.61
1053.07	1	291695000	1544.87
1223.78	1	648949000	3962.38
678.174	1	69189700	4007.21
1290.82	1	623169000	1155.46
489.952	1	327059000	1008.71
1414.89	1	545106000	3731.41
1145.61	1	335572000	2538.78
787.478	1	530121000	907.207
977.293	1	418682000	706.206
1157.93	1	652305000	3094.67
1259.14	1	242265000	2768.39
1188.09	1	468425000	2660.15
524.509	1	251942000	1563.36
952.886	1	173004000	1214.21
1421.24	1	140076000	2697.2
1014.06	1	104532000	1670.58
846.601	1	473671000	2164.74
815.233	1	368961000	677.289
398.713	1	308444000	1198.96
790.735	1	389662000	4124.51
1470.99	1	417133000	1998.79
839.404	1	303203000	4041.18
966.245	1	38427600	2360.84
666.975	1	259563000	2069.36
1488.94	1	814032000	1527.91
1380.01	1	627697000	1703.06
1104.84	1	73603400	2315.37
1237.87	1	348258000	2876.29
649.367	1	83728700	1814.9
984.824	1	792118000	2787.42
856.12	1	120092000	1542.58
1431.15	1	578483000	1329.66
616.844	1	549637000	732.201
933.682	1	120639000	1820.36
1418.15	1	451152000	2639.69
756.171	1	154962000	1301.38
955.357	1	99508600	1654.01
1432.48	1	278778000	1569.56
601.857	1	344019000	1714.73
969.765	1	441898000	1444.7
1013.16	1	251334000	1271.84
993.229	1	163746000	1524.49
961.622	1	87015400	1272.19
1208.9	1	190540000	2699.28
1433.08	1	102004000	2353.14
613.782	1	126981000	1173.42
1305.47	1	403421000	1392.69
1037.23	1	82961200	1607.91
1183.7	1	97433400	1757.48
554.366	1	147190000	2436.76
1390.45	1	231421000	2119.51
1141.77	1	306351000	2587.82
1437.25	1	419871000	4085.48
1497.17	1	181360000	996.971
803.456	1	380609000	2010.16
420.632	1	405117000	1234.37
768.63	1	142170000	2208.18
586.015	1	188910000	1649.26
1287.62	1	72201200	2385.9
608.651	1	258481000	1366.35
1375.53	1	571957000	3577.63
1429.73	1	481535000	2938.78
1471.42	1	718649000	3255.66
1429.58	1	716352000	3940.93
1455.91	1	451672000	1386.14
1074.03	1	391354000	1196.27
1184.69	1	228135000	2738.49
1417.26	1	176192000	2517.71
804.293	1	923527000	2511.97
1106.18	1	745095000	3076.33
1348.68	1	211021000	1543.48
1226.85	1	120788000	1635.18
1006.51	1	790020000	2923.97
756.536	1	223917000	1788.59
1031.68	1	526630000	768.074
484.234	1	285103000	1156.26
998.932	1	220776000	1134.56
949.711	1	272888000	2228.14
879.855	1	213942000	1846.83
841.094	1	743806000	2369.76
1126.43	1	553929000	1134.56
1495.11	1	512468000	3331.67
749.233	1	73406500	1611.43
929.224	1	539310000	2989.26
1327.61	1	141831000	2010.15
738.602	1	303487000	2428.24
613.851	1	151588000	1437.62
1236.99	1	445684000	3171.01
1303.02	1	414440000	1240.76
1427.9	1	279519000	1560.86
1423.19	1	357551000	1567.63
1054.95	1	720569000	2841.38
1256.28	1	544912000	1484.21
1267.22	1	174492000	2088.63
1124.81	1	145552000	1763.9
1373.97	1	219104000	1674.63
1490.58	1	319948000	1995.29
1208.68	1	257308000	2576.28
927.603	1	28456900	1153.85
1451.35	1	757717000	3972.07
722.079	1	139447000	1988.23
677.448	1	214968000	4144.76
1461.48	1	442717000	4071.3
892.618	1	454206000	2907.33
1445.18	1	37212700	1874.94
1470.08	1	405697000	2623.88
1142.83	1	77844500	2096.49
831.58	1	625886000	2767
1365.18	1	144272000	3549.61
1489.39	1	26116300	2262.37
1006.85	1	366187000	1321.01
806.682	1	518110000	2364.97
1418.47	1	568895000	999.601
1363.77	1	177259000	1614.76
1483.41	1	331180000	2169.65
1468.61	1	429505000	1000.39
1141.92	1	208173000	1335.73
593.42	1	153662000	1107.59
1079.74	1	607733000	977.177
1312.62	1	468464000	936.313
1111.31	1	696056000	3187.68
1100.53	1	365314000	1409.28
1183.1	1	140768000	4219.99
724.176	1	192608000	797.407
1427.38	1	170180000	1861.44
923.633	1	394956000	2608.05
1464.27	1	357308000	2650.45
1160.91	1	566435000	3241.93
1412.33	1	118371000	1458.19
1454.25	1	181060000	4072.19
1371.57	1	155195000	2608.63
1090.6	1	80010800	2213.66
1341.08	1	260357000	1166.88
646.046	1	63818300	1315.33
542.717	1	275092000	1901.02
1456.52	1	503052000	2722.23
1286.31	1	928662000	3302.75
865.252	1	79811500	1399.05
1231.6	1	228853000	2866.71
681.04	1	229566000	845.066
474.321	1	218516000	1375.27
1096.34	1	390082000	2620.46
829.527	1	150155000	2371.59
1390.35	1	87465200	2067.88
612.344	1	803114000	1866.95
1069.21	1	242911000	1214.13
1490.59	1	189513000	2508.02
566.268	1	645236000	1741.85
1140.26	1	146082000	1857.96
1191.6	1	196421000	1638.68
1434.89	1	704101000	3378.81
1287.67	1	692876000	3201.14
1494.29	1	540173000	2933.25
536.126	1	177385000	1031.73
1359.35	1	26702600	2443.3
1250.51	1	98461100	2440.89
1099.32	1	387222000	3015.16
873.776	1	564078000	2656.56
538.015	1	330387000	4123.2
393.953	1	169610000	1357.42
1491.99	1	289419000	2747.9
1407.38	1	264428000	2727.95
822.781	1	316195000	875.142
1279.57	1	597049000	1105.6
676.89	1	202561000	885.326
527.48	1	184218000	1496.42
1157.04	1	305237000	2446.97
1458.17	1	405928000	2250.32
717.478	1	122559000	1884.82
1439.16	1	659643000	1415.23
1074.81	1	138187000	1659.71
1404.93	1	245970000	3419.59
668.052	1	178431000	1831.44
1342.62	1	368694000	2314.14
926.784	1	122964000	1721.82
1049.03	1	876930000	3115.76
1222.61	1	206281000	1211.87
1370.26	1	58677400	1682.88
821.487	1	620195000	2317.52
462.901	1	162768000	1653.92
1285.34	1	60408900	2480.65
1201.99	1	42974500	2211.13
1035.07	1	312575000	2920.74
630.397	1	24345000	1211.82
1072.56	1	313968000	2689.22
1318.76	1	787453000	3979.48
1147.34	1	369504000	4084.36
1221.88	1	425190000	1415.72
631.294	1	115679000	2098.69
612.728	1	53725400	1131.24
1254.39	1	133958000	3168.78
1449.38	1	183445000	2449.77
904.243	1	354612000	831.976
1455.23	1	552019000	1672.43
1173.51	1	165265000	2926.05
819.075	1	175487000	1845.81
1070.62	1	314135000	2608.12
886.902	1	401361000	3019.15
1045.01	1	173792000	1941.06
1275.15	1	609785000	4021.83
1445.3	1	102644000	2153.37
1032.68	1	378879000	2868.58
1112.5	1	613441000	1130.32
578.266	1	176077000	1512.26
464.11	1	105164000	1202.19
1076.28	1	406520000	2329.89
633.441	1	90809600	1748.55
391.47	1	121244000	3489.89
1468.78	1	214603000	2547.38
1053.17	1	323608000	1246.19
1113.16	1	255455000	3940.83
1058.58	1	471507000	2617.19
1476.62	1	119935000	2204.71
401.01	1	293718000	639.506
1243.73	1	209559000	4216.57
1370.71	1	404837000	1477.13
1394.85	1	109469000	2349.66
837.816	1	320698000	1086.88
1156	1	601897000	3568.34
1075.94	1	39142100	2059.07
1148.12	1	583302000	3149.57
1073.2	1	193027000	2309.86
1311.33	1	320658000	1617.95
1424.99	1	485363000	2982.96
1106.38	1	259363000	970.967
920.441	1	223341000	2493.02
797.63	1	156082000	2005.45
1095.31	1	330672000	1322.13
1324.08	1	727712000	1266.67
1442.07	1	367579000	3958.36
1497.3	1	136254000	3007.96
1201.72	1	46920600	2166.78
916.225	1	659739000	3198.69
1365.41	1	105102000	1542.45
391.775	1	157714000	3291.08
1332.19	1	297900000	1880.46
1481.98	1	423269000	1350.25
1455.57	1	730426000	2651.57
1163.28	1	418514000	2646.84
805.92	1	138179000	1310.13
1270.48	1	634358000	3566.03
1272.41	1	62776200	1735.48
1264.1	1	320597000	3607.66
643.312	1	249198000	1897.6
1493.44	1	268461000	3027.83
1400.31	1	185410000	1759.86
1038.72	1	190020000	727.045
1161.18	1	43399900	2069.01
779.794	1	491766000	2557.75
1023.53	1	585760000	3331.99
1090.72	1	419820000	1122.76
995.172	1	176816000	2359.22
644.815	1	484623000	1634.42
981.781	1	269463000	2704.04
539.492	1	250531000	1711.37
909.753	1	273559000	1420.26
1497.48	1	190952000	1326.81
1446.79	1	107736000	2094.11
660.554	1	116387000	2133.06
1292.2	1	660567000	3091.17
1490.55	1	78990600	2706.07
932.047	1	476117000	2865.76
1228.34	1	82067300	2490.25
1464.17	1	284241000	2580.9
1297.22	1	57095200	2454.03
1286.5	1	435217000	3958.61
1325.52	1	555148000	1042.95
641.11	1	76396900	1648.86
517.171	1	112725000	1193.93
1299.78	1	594147000	3587
914.251	1	206113000	2480.12
1181.45	1	94930900	2513.62
1152.27	1	504813000	2461.07
1108.42	1	77184700	2046.25
1284.82	1	767555000	1409.65
1158.11	1	82409400	1924.16
1140.83	1	99381600	2529.68
684.947	1	533070000	1990.49
1305.14	1	327486000	1325.25
1173	1	271951000	3115.58
1471.72	1	104392000	2380.69
1279.51	1	251391000	1318.01
659.205	1	304857000	718.711
1095.95	1	99658300	1393.18
1432.65	1	257581000	3081.57
650.67	1	162514000	1055.21
1422.8	1	431729000	4059.11
1275.01	1	741044000	2989.51
994.337	1	771238000	2577.79
1243.13	1	496979000	1991.59
874.632	1	262750000	894.321
1051.16	1	708469000	907.959
1396.99	1	626725000	3320.19
510.156	1	355372000	4081.4
1324.3	1	256376000	2040.06
858.488	1	131973000	2489.62
392.218	1	126927000	1534.35
1321.73	1	473266000	4067.79
1192	1	245925000	1466.38
1130.27	1	216850000	1211.84
1434.99	1	474827000	1098.42
1256.85	1	162157000	1014.31
694.161	1	118018000	888.662
1367.8	1	132663000	2748.73
1410.76	1	472703000	1254.37
805.941	1	209517000	1237.22
540.529	1	56059700	845.816
889.339	1	288916000	3627.47
1328.94	1	200726000	1426.81
734.635	1	159652000	925.778
907.795	1	294020000	1057.25
1471.3	1	1071890000	1548.91
1133.52	1	58531300	1166.51
1292.11	1	99529000	3267.79
769.061	1	35086900	2159.46
1157.42	1	201485000	1171.39
1218.38	1	496278000	3158.64
991.007	1	109457000	2376.02
1238.01	1	127343000	2693.55
1422.06	1	485909000	3678.24
927.982	1	54404500	2350.45
795.586	1	95439900	855.59
1462.14	1	90490100	2193.67
688.183	1	160409000	1632.55
1131.01	1	142214000	1949.1
1331.43	1	881360000	3214.22
1449.69	1	29122400	2673.67
695.694	1	622981000	2453.84
961.568	1	200118000	2319.02
1068.13	1	436358000	2573.73
946.1	1	123892000	2240.59
1065.84	1	160199000	4215.41
1419.64	1	401957000	1628.38
1354.66	1	92860000	2086.06
1201.07	1	198771000	1389.24
908.003	1	109323000	1000.02
1388.35	1	319755000	1592.86
1366.98	1	329446000	3203.12
985.172	1	37156800	1849.66
965.429	1	90013400	1161.02
816.653	1	366768000	2405.58
1133.17	1	791837000	3303.16
1327.66	1	159487000	1885.15
988.624	1	238922000	2232.34
1367.41	1	595682000	1267.43
1325.05	1	413119000	2683.13
789.715	1	148482000	2198.88
1167.86	1	89232500	1636.03
590.736	1	448517000	1869.45
639.185	1	89821300	1580.51
682.638	1	244415000	2072.46
883.441	1	406908000	2634.02
1368.15	1	339549000	3837.95
923.416	1	63800800	1415.63
591.911	1	222494000	1418.08
1061.73	1	364568000	2550.77
1156.18	1	214285000	1113.95
1091.99	1	419566000	2996.25
915.598	1	621004000	2886.41
1418.62	1	54166200	2292.56
484.748	1	142625000	1227.2
712.172	1	398432000	2868.23
1257.51	1	443270000	3604.49
1027.59	1	66185700	2624.06
1107.02	1	65673900	1825.1
1168.52	1	269337000	3989.31
1260.3	1	692357000	3504.81
1358.63	1	289477000	1617.51
1126.18	1	88497900	2367.97
1317.44	1	126552000	2163.53
1253.56	1	31886300	1919.89
1332.4	1	120629000	4202
654.427	1	636224000	2313.58
1138.54	1	711743000	3060.61
1244.93	1	216216000	1939.81
1103.67	1	53961200	2092.98
1270.52	1	932800000	1335.29
1058.78	1	229029000	2414.13
1483.55	1	118997000	2303.76
880.663	1	169928000	1130.78
1497.7	1	38614700	2481.01
1273.31	1	820994000	1239.93
1201.4	1	114936000	2649.57
793.1	1	27821300	1969.81
601.215	1	117746000	912.005
1336.42	1	360108000	1129.29
1479.02	1	455312000	3029.2
1472.34	1	394088000	1251.08
598.937	1	121312000	1025.95
1157.63	1	92934000	1454.78
579.67	1	592772000	1804.01
1104.42	1	133584000	1101.19
1121.27	1	571060000	923.95
903.077	1	136964000	2094.16
1229.98	1	418348000	3016.17
1189.53	1	366407000	2962.14
1095.66	1	595979000	982.477
1000.17	1	282274000	3963.33
1251.33	1	281364000	1393.25
443.991	1	313748000	495.687
510.271	1	49534700	989.939
1212.66	1	43896900	2535.44
600.077	1	713647000	1619.05
391.821	1	111030000	4315.06
1217.95	1	86391500	1908.7
1341.96	1	869796000	3154.4
672.344	1	132866000	4031.39
750.706	1	298110000	1800.99
1482.95	1	445632000	4044.29
638.144	1	336378000	2486.17
1145.81	1	514901000	2406.62
1098.79	1	338135000	4018.97
1107.42	1	78928900	1478.72
1061.81	1	169138000	4211.31
1301.4	1	185318000	1866.15
1069.7	1	225319000	2430.17
1218.23	1	285610000	1251.93
599.472	1	491009000	1545.86
1414	1	324010000	1603.06
1140.57	1	116598000	1309.39
1274.72	1	656414000	3435.14
1044.51	1	54022200	2367.48
987.105	1	302333000	870.995
521.838	1	144754000	1527.8
741.919	1	317042000	812.307
755.85	1	63448800	1526.33
587.452	1	254201000	1429.91
1227.46	1	453541000	2829.4
911.31	1	42580300	1286.19
718.265	1	294576000	3060.41
1457.89	1	761424000	1540.28
719.831	1	331675000	2805.91
804.269	1	355984000	1857.19
1408.76	1	356122000	2910.94
872.239	1	182845000	2377.66
836.983	1	71707100	1268.91
409.807	1	232124000	1344.32
1032.05	1	136066000	1640.93
507.419	1	474775000	1318.74
1348.79	1	139757000	1467.34
813.21	1	205989000	947.38
1351.44	1	73836300	2567.68
949.225	1	76009200	1768.84
788.357	1	545983000	2765.84
697.214	1	179487000	2040.29
1189.42	1	297167000	1170.75
752.21	1	153911000	1079.56
1202.04	1	146948000	2581.79
1114.29	1	528328000	2753.16
666.335	1	187734000	1776.27
672.659	1	46786500	1005.56
606.531	1	409650000	772.265
1232.79	1	101167000	1525.52
1261.84	1	90107100	2169.28
920.567	1	538543000	3016.76
985.662	1	532785000	4219.7
465.776	1	130953000	1063
1424.31	1	89519800	2111.18
1458.21	1	777692000	3065.2
699.064	1	419306000	2374.53
1440.3	1	634611000	1208.87
839.783	1	397855000	4217.08
720.461	1	139869000	767.534
1009.41	1	661346000	967.901
883.363	1	755912000	1021.55
914.996	1	204597000	2590.43
1135.22	1	161650000	2593.16
1207.6	1	415668000	1027.96
1068.53	1	540285000	3194.91
687.073	1	46206200	1255.91
1076.82	1	618542000	1051.94
1340.76	1	679803000	3431.88
554.491	1	334871000	1846.05
1406.96	1	805780000	3016.13
905.712	1	264672000	2478.6
1103.21	1	160852000	3140.39
868.949	1	639296000	1039.95
1424.55	1	73422900	1506.86
1142.79	1	641039000	3236.75
1367.93	1	513506000	1398
767.821	1	52424200	1035.98
1104.81	1	381602000	2960.47
431.864	1	255503000	1128.06
1355.38	1	741655000	3050.63
1213.61	1	171566000	3948.01
792.627	1	139981000	2128.63
1409.42	1	360065000	3639.18
1175.39	1	239377000	4121.74
451.371	1	40657700	906.251
387.461	1	503293000	807.389
843.121	1	32466700	1156.13
765.145	1	130174000	2239.87
1400.13	1	169777000	3031.08
1378.54	1	646644000	1209.48
1048.21	1	284840000	2872.85
1291.52	1	194083000	1468.11
1242.71	1	26624100	2336.38
490.525	1	39442900	1070.29
680.683	1	198898000	1712.92
1363.48	1	248507000	2888.89
1062.19	1	291032000	1208.08
1203.84	1	452524000	3472.03
1486.79	1	108864000	2490.35
1214.81	1	184805000	1335.32
1122.18	1	303968000	1163.74
863.441	1	824661000	946.285
1072.32	1	210203000	955.105
391.811	1	106471000	3988.99
1387.78	1	255479000	3105.61
1392.18	1	763252000	2956.56
1093.14	1	30985400	2082.13
1043.55	1	145931000	1151.55
1048.84	1	185531000	2751.14
862.443	1	199088000	2186.2
1290.99	1	528628000	3502.8
1408.58	1	459712000	1048.55
1286.72	1	51982600	2733.86
607.682	1	430434000	2138.44
392.017	1	130794000	1642.96
379.222	1	81398800	897.23
1107.38	1	64192100	2495.48
702.721	1	578572000	2300.04
1120.25	1	127393000	2851.2
949.873	1	267642000	1112.6
1399.57	1	185338000	2585.6
437.928	1	214171000	910.822
1309.24	1	37119300	2480.62
1277.85	1	81906000	2450.26
1226.75	1	71666000	1585.88
1272.95	1	396107000	3255.8
1210.62	1	51462800	2300.7
503.715	1	305563000	1376.54
685.299	1	171947000	607.328
1198.21	1	106814000	2557.7
1138.29	1	244225000	2090.06
1411.38	1	83822300	1394.05
868.586	1	420779000	2726.39
894.652	1	137479000	1057.52
492.487	1	540087000	1452.78
947.894	1	239265000	2431.13
1046.15	1	245779000	2767.24
1084.93	1	168051000	1117.63
1233.9	1	614494000	3330.31
355.393	1	56225200	2839.9
1267.15	1	267706000	3250.15
1463.8	1	684163000	3568.98
1400.57	1	599325000	3693.68
1193.31	1	519897000	3272.55
1025.46	1	66220800	2014.02
1259.34	1	326893000	2566.25
1483.9	1	173221000	2110.94
891.094	1	209598000	2975.41
1428.44	1	73700300	1401.81
1025.78	1	153721000	3944.14
1028.67	1	154047000	1110.54
1138.63	1	324220000	980.606
858.241	1	89635400	2171.59
1418.73	1	61724200	1956.34
1075.38	1	99536000	1875.12
1138.67	1	42225300	2163.91
1135.53	1	445757000	3752
1025.35	1	577972000	2734.72
605.324	1	28102700	1671.78
651.146	1	45072600	1389.61
848.873	1	229998000	2271.64
1214.11	1	165234000	1263.49
1477.33	1	354071000	3974.62
656.483	1	101457000	2255.39
747.644	1	206543000	2011.37
1448.73	1	22902300	2511.32
1066.42	1	614949000	1036.46
1047.21	1	87318400	2612.87
797.309	1	340913000	2432.21
1115.61	1	271859000	2898.09
1096.89	1	215534000	2703.75
510.559	1	153333000	659.778
1279.16	1	593281000	2913.43
972.546	1	638030000	945.694
1329.93	1	159025000	2407.65
535.344	1	64885300	907.938
822.336	1	262833000	2686.25
603.814	1	240401000	1840.56
1392.63	1	763528000	3946.98
1465.93	1	292160000	1976.24
626.323	1	227789000	2283.76
1198.39	1	26908200	2672.51
1436.48	1	230709000	2644.03
1102.61	1	81607200	1475.84
1387.24	1	50041300	2392.54
443.58	1	177545000	853.4
675.168	1	253118000	4216.68
959.254	1	108731000	921.325
1068.92	1	269466000	2364.13
1005.8	1	49274800	1626.24
1477.45	1	388243000	2852.65
977.85	1	72036300	1637.47
1450.58	1	100458000	2785.92
1265.44	1	139387000	1861.52
695.154	1	253618000	2236.17
1011.81	1	33318800	1423.59
731.563	1	215341000	689.569
1335.12	1	835230000	3007.38
1289.05	1	187433000	3011.86
1337.35	1	286084000	1247.69
1090.2	1	572506000	2666.15
1256.16	1	941527000	1296.34
986.683	1	633520000	3173.37
924.875	1	32153000	1989.7
1186.97	1	95168400	2172.1
1382.02	1	689851000	1343.36
1479.1	1	422699000	1620.75
1205.43	1	283242000	3374
1238.91	1	151093000	2019.77
1361.36	1	347015000	3495.37
1397.06	1	506536000	3245.94
592.613	1	272518000	1580.81
1005.94	1	649996000	3322.24
1117.99	1	730342000	3063.12
1461.53	1	44448100	2589.62
794.687	1	367050000	4216.19
1168.64	1	240801000	3145.15
1445.94	1	486117000	1329.35
1033.19	1	275177000	2989.08
864.062	1	111243000	1707.01
1128.93	1	304952000	3047.96
1462.41	1	76037000	1978.63
1405.29	1	426537000	1583.27
943.611	1	611138000	2588.29
572.951	1	188947000	2226.4
618.468	1	255531000	588.092
443.123	1	305042000	1007.52
1218.79	1	329810000	3081.41
459.047	1	193070000	1207.59
1126.89	1	591600000	853.086
1174.21	1	685092000	3422.15
1262.09	1	20609800	2731.09
1129.63	1	29982400	2035.7
916.852	1	45080500	1758.59
1247.43	1	726233000	4017.53
935.178	1	508075000	2675.55
696.497	1	244273000	1965.32
542.997	1	161947000	1398.14
1014.82	1	94866800	1461.91
869.983	1	390397000	2332.45
817.76	1	33142800	2087.32
1004.9	1	208496000	2575.32
758.68	1	220619000	4213.69
591.423	1	238288000	834.193
878.681	1	270589000	2104.41
809.287	1	184369000	645.948
1189.09	1	291693000	1116.16
795.643	1	272182000	2611.75
1295.72	1	268466000	942.81
391.494	1	135981000	3398.08
1481.87	1	123744000	1748.91
672.089	1	363332000	2615.75
1439.27	1	508032000	2789.47
928.904	1	43092100	2059.34
1465.22	1	220073000	3296.35
733.867	1	484391000	2281.9
639.537	1	244538000	1928.8
1397.86	1	545543000	4049.52
1441.4	1	553874000	3260.97
1459.27	1	544640000	3653.92
1149.01	1	541355000	919.059
1364.22	1	98884700	3083.68
648.593	1	257121000	2239.21
1001.03	1	326463000	870.021
1089.51	1	391099000	907.325
423.576	1	161138000	1657.77
1194.65	1	36855700	2248.38
664.281	1	237272000	646.887
869.442	1	395918000	4225.25
1394.28	1	770847000	1478.91
796.343	1	71874500	1794.34
1308.53	1	255050000	3949.62
727.924	1	179170000	2218.94
835.315	1	403776000	2888.07
1363.07	1	237735000	3278.04
1400.94	1	408946000	2765.01
1432.03	1	335741000	2788.55
945.023	1	224158000	2996.11
1197.33	1	342260000	1061.9
1045.83	1	660542000	3326.7
695.43	1	80544200	1361.25
594.944	1	37997000	1378.07
1010.02	1	290695000	3681.82
1285.2	1	44731200	1476.93
1221.67	1	340893000	2804.99
776.761	1	703123000	2645.32
1380.85	1	491351000	4064.56
1485.68	1	126516000	4211.05
1300.69	1	144715000	1323.39
948.574	1	42413900	1200.33
610.227	1	626355000	2004.39
523.114	1	20069400	1335.65
689.347	1	93763700	1879.46
837.402	1	216175000	857.177
1448.22	1	73299100	1658.16
1422.16	1	151106000	1883.31
1400.13	1	160183000	1546.36
632.054	1	47567100	1493.7
1393.61	1	24567500	2581.66
1388.99	1	518141000	2806.53
1043.17	1	409708000	3214.1
1330.27	1	71460000	2362.23
1479.87	1	706603000	3457.26
389.366	1	474785000	1105.42
754.994	1	96723900	1734.53
1168.78	1	174225000	3070.18
1116.68	1	765557000	3573.37
601.12	1	60964700	778.733
850.222	1	77720300	2093.43
762.343	1	207367000	2220.55
669.628	1	736601000	2325.32
1136.74	1	345101000	3891.06
1486.78	1	316577000	1463.54
842.711	1	167086000	2440.08
1164.83	1	238834000	2570.73
1356.23	1	602218000	2947.02
1263.14	1	279777000	1240.41
1494.71	1	213813000	936.901
470.721	1	446997000	738.46
1180.75	1	317351000	1156.18
1369.91	1	193176000	1337.38
1450.59	1	193417000	1534.78
1468.71	1	736171000	1440.25
1256.52	1	292136000	3076.16
392.485	1	97567400	1296.93
1308.12	1	777751000	3138.65
1121.49	1	277094000	1033.86
1161.86	1	943484000	2741.33
803.728	1	258078000	630.791
619.82	1	44676200	1634.1
1252.14	1	185013000	1694.75
391.655	1	81290800	2078.38
866.192	1	292891000	2275.84
728.341	1	55004400	2172.75
1122.67	1	443725000	3259.51
391.988	1	106597000	2811.44
1048.16	1	491083000	3970.43
945.733	1	286742000	2374.94
1021.29	1	448964000	824.326
467.72	1	261096000	1368.9
1488.59	1	179606000	925.21
1255.3	1	123306000	2774.94
932.826	1	211955000	902.886
1063.09	1	360623000	3892.74
733.153	1	91918700	1053.37
1101.82	1	358552000	1250.66
1127.38	1	172430000	3515.12
782.373	1	108021000	1998.64
1196.2	1	508188000	3373.39
931.258	1	67570400	2432.84
886.676	1	100286000	1631.41
1292.82	1	338923000	3397.47
1493.69	1	335520000	3276.28
1421.27	1	76907300	1512.63
1084.63	1	452776000	2820.36
1496.82	1	253759000	3930.27
1205.2	1	449270000	3785.21
1386.89	1	721866000	3465.45
1389.88	1	510912000	1531.28
661.221	1	40422400	1636.14
1314.88	1	106743000	2193.66
894.318	1	531298000	2732.55
1478.58	1	227328000	1389.02
887.62	1	206080000	2238.25
1101.07	1	248595000	3240.82
998.085	1	94431400	2508.81
816.591	1	237019000	2224.36
1025.08	1	108628000	1112.06
1178.23	1	196144000	1125.31
810.758	1	252247000	4113.2
1097.01	1	47750000	2410.66
1407.55	1	182405000	1381.34
650.9	1	128077000	4026.35
1173.63	1	634294000	3321.31
1113.8	1	81062500	1280.78
1159.3	1	329334000	1039.33
394.734	1	66806700	1048.39
882.387	1	278091000	1080.67
346.156	1	144296000	918.2
734.824	1	120550000	1284.62
923.204	1	257161000	2761.75
1289.83	1	249300000	978.434
1495.05	1	463084000	3637.65
653.044	1	225854000	2024.65
1448.64	1	452988000	1280.32
1006.36	1	640982000	3028.15
1360.54	1	242465000	2858.51
1394.13	1	396841000	1388.91
1353.51	1	684002000	2847.61
574.87	1	269611000	488.819
974.898	1	631845000	2841.97
1388.16	1	352054000	3289.9
