1459.46	1	4126800000	4011.76
1096.39	1	1027220000	4105.55
1272.32	1	925236000	4098.53
1052.49	1	944727000	4106.72
634.509	1	1752770000	2102
725.868	1	1537170000	4099.48
682.044	1	1692640000	4101.94
747.92	1	1493000000	4097.24
1228.3	1	1105660000	4099.9
1140.42	1	1041450000	4102.77
1316.34	1	797765000	4096.47
1008.6	1	990518000	4107.78
704.042	1	1863020000	4102.81
904.145	1	1327570000	2155.76
1184.38	1	1147570000	4102.88
660.257	1	1821320000	4102.27
964.678	1	782210000	4108.34
921.003	1	877591000	4106.06
769.9	1	1405270000	4096.29
638.025	1	1741670000	4101.93
1068.35	1	726460000	4052.76
1024.3	1	722948000	4052.83
1200.44	1	718201000	4050.49
791.879	1	1129570000	4095.56
1156.47	1	823072000	4050.89
690.576	1	2232780000	4067.05
1459.63	1	657707000	3970.17
857.669	1	426680000	4088.84
619.404	1	3377090000	4108.76
893.034	1	882806000	4058.37
1404.4	1	567027000	4094.73
778.448	1	1545510000	4058.53
814.007	1	904280000	4094.28
980.63	1	1485320000	2468.55
784.035	1	2003780000	2483.51
835.768	1	711594000	4092.54
936.712	1	790795000	4059.06
1360.4	1	698240000	4096.59
1112.4	1	783900000	4053.7
594.379	1	1686430000	4108.31
822.275	1	1299460000	4060.12
1244.41	1	619441000	4052.43
672.675	1	695778000	1353.79
734.596	1	1965650000	4066.96
802.549	1	2292000000	4059.49
849.336	1	1009330000	4058.65
762.467	1	1299590000	4054.7
627.237	1	2427330000	4053.89
647.389	1	2553970000	4070.71
603.219	1	2683130000	4078.79
980.726	1	886393000	4059.21
879.278	1	482026000	4094.8
902.744	1	675733000	1606.48
1288.59	1	642990000	4047.63
811.725	1	573231000	1484.43
746.778	1	3277880000	2444.38
901.452	1	251029000	4085.74
1332.56	1	516305000	4043.92
756.102	1	1635330000	4063.16
1376.9	1	460639000	4041.14
713.799	1	1430840000	4110.69
952.526	1	835432000	2600.97
1448.51	1	379970000	4093.56
1495.58	1	625427000	3117.47
734.104	1	2859290000	2435.11
876.378	1	445955000	4114.83
1133.29	1	503243000	2195.04
832.941	1	518474000	4119.37
675.647	1	1548400000	4055.68
668.755	1	1401760000	4108.57
667.993	1	1167030000	4042.56
719.682	1	1269180000	4050.23
866.005	1	851945000	4056.09
1459.7	1	937756000	4201.01
704.482	1	3369310000	2403.99
1130.24	1	532812000	2150.59
559.035	1	2132380000	4084.84
550.34	1	1215880000	4117.27
723.02	1	2936540000	2428.74
761.552	1	2413990000	2460.56
844.109	1	767312000	4057.51
721.28	1	1188270000	2348.98
711.789	1	1146420000	4043.19
842.893	1	593751000	1713.41
715.69	1	950581000	2417.21
1069.64	1	467928000	4118.64
994.916	1	641407000	2818.18
1421.02	1	458514000	4048.74
1460.77	1	732409000	4075.26
937.49	1	327013000	4135.46
1492.56	1	312685000	4094.28
1195.73	1	753251000	2261.69
953.538	1	471608000	4055.09
961.86	1	688549000	2465.67
1025.44	1	453889000	4119.23
1028.54	1	1078580000	2334.93
572.44	1	531524000	1268.39
909.727	1	563824000	4055.7
767.184	1	615478000	1443.87
690.518	1	2060260000	2388.52
699.639	1	709349000	4051.24
897.042	1	688038000	1980.8
656.279	1	739156000	4048.45
566.134	1	671582000	1142.14
820.499	1	686868000	2118.74
681.222	1	1130510000	2382.83
787.057	1	554882000	4047.2
506.519	1	528157000	4117.26
581.555	1	1412190000	4120.54
1123.16	1	969206000	2505.91
551.948	1	479856000	1164.84
675.698	1	600036000	2369.59
743.3	1	705694000	4047.53
1113.51	1	359427000	4124.92
574.673	1	1055770000	4097.33
888.35	1	445988000	4054.15
1497.79	1	355288000	2172.3
974.654	1	605066000	4018.96
736.519	1	682329000	1439.01
571.14	1	899693000	4119.21
1041.97	1	681749000	2280.08
775.041	1	1038570000	2469.99
1189.02	1	506285000	2534.23
982.038	1	379751000	4136.87
1154.66	1	660926000	2317.81
459.837	1	400490000	1185.15
1192.1	1	641130000	2653.75
1367.33	1	833861000	2351.52
795.954	1	176707000	1063.49
622.299	1	1607630000	2469.25
671.064	1	675394000	2369.5
1157.52	1	325067000	4119.26
692.704	1	518276000	2127.61
672.863	1	374642000	2075.62
1143.83	1	760996000	2094.42
997.618	1	349245000	4051.43
708.674	1	357803000	957.108
894.606	1	820907000	2337.9
912.267	1	490515000	1794.9
514.901	1	908919000	4083.58
638.648	1	1031650000	2488.97
543.185	1	825040000	4072.12
1072.7	1	529018000	1883.42
830.227	1	428923000	1376.32
859.84	1	586110000	1881.43
523.009	1	394006000	1571.55
1122.96	1	701685000	2597.75
611.986	1	886462000	4051.42
1471.33	1	329410000	3186.12
605.422	1	1553680000	2452
587.197	1	289025000	932.673
894.22	1	353837000	4134.48
726.806	1	561108000	1385.73
830.871	1	414396000	4046.34
471.965	1	213353000	1839.7
806.774	1	514711000	2497.83
642.5	1	395770000	4053.61
945.897	1	155831000	4086.9
1076.72	1	969049000	2468.19
631.763	1	315434000	1066.61
1499.27	1	94145100	3089.63
1265.08	1	763113000	2481.18
1482.66	1	309278000	3257.41
1049.06	1	888116000	2494.91
636.884	1	463968000	4044.48
900.272	1	359012000	2579.28
1368.71	1	801982000	2471.19
620.408	1	152883000	4040.19
647.338	1	705334000	4159.34
657.426	1	1561440000	2353.08
1204.33	1	283774000	3350.59
587.441	1	1492840000	4061.23
579.287	1	788742000	4047.1
784.885	1	155760000	803.516
1407.67	1	378360000	3430.83
536.795	1	742543000	4129.71
1173.73	1	255211000	4040.38
653.371	1	59910700	4026.78
812.357	1	483377000	1885.14
1145.1	1	285257000	2038.05
745.877	1	689146000	4151.26
713.222	1	129315000	2421.92
769.784	1	357604000	1843.95
932.48	1	123502000	4081.71
1048.04	1	507838000	2148.53
626.043	1	317748000	1945.84
1466.45	1	353898000	4027.18
599.422	1	399731000	1355.14
1155.9	1	525467000	2160.9
498.401	1	292420000	4070.09
567.643	1	608508000	4060.91
695.569	1	265082000	4046.79
727.961	1	441771000	1887.25
1144.81	1	542481000	2700.32
635.073	1	517721000	1166.21
612.324	1	883302000	4160.35
501.22	1	222304000	1732.31
631.481	1	208655000	2481.82
1203.64	1	488118000	2967.48
829.333	1	391308000	2725.3
603.34	1	584849000	4167.43
590.765	1	809873000	4162.41
536.017	1	566853000	4053.31
484.191	1	279293000	4118.62
786.998	1	429414000	1776.73
704.232	1	253473000	856.774
1041.66	1	261518000	4049.85
932.157	1	188719000	4033.29
770.68	1	343584000	2481.45
1404.59	1	98728500	3442.4
1442.7	1	394163000	3439.98
732.093	1	190449000	4040.94
576.767	1	308500000	1424.42
1134.71	1	460009000	2705.14
1484.89	1	628588000	2605.21
1130.48	1	257069000	4044.48
1378.24	1	136041000	4105.84
739.211	1	109572000	4040.89
694.634	1	352718000	1139.79
762.08	1	327707000	1274.56
987.688	1	543708000	1975.58
634.925	1	914141000	4160.61
1086.04	1	264151000	4046.41
634.159	1	425703000	1727.13
615.216	1	249042000	2486.67
1055.1	1	119992000	4109.12
1251.25	1	524407000	2719.71
756.007	1	516921000	1998.6
1456.35	1	429171000	1892.77
1263.17	1	271621000	4035.47
596.172	1	372004000	2443.66
529.185	1	679207000	4113.05
679.421	1	892778000	4161.86
656.693	1	926406000	4157.12
1202.1	1	294002000	4115.96
648.421	1	294218000	1838.67
746.325	1	469061000	1820.62
424.826	1	380972000	896.092
778.717	1	415250000	4146.97
735.514	1	456734000	4157.55
790.324	1	451989000	4126.12
1308.03	1	916215000	2361.79
666.719	1	384684000	2371.05
626.062	1	422904000	4179.43
718.115	1	403837000	1685.79
526.243	1	360495000	4119.03
1215.82	1	576675000	2135.47
538.937	1	240409000	812.509
992.962	1	948783000	2464.5
1453.74	1	365661000	2819.73
924.504	1	126315000	4090.81
1054.67	1	502371000	2716.51
934.079	1	242829000	1394.44
644.691	1	680852000	2335.65
1186.25	1	390454000	2154.96
796.649	1	513031000	1915.95
575.69	1	265267000	1770.66
711.675	1	164348000	4046.8
1306.59	1	184757000	4031.37
628.41	1	212702000	1656.06
904.493	1	429022000	2156.74
510.531	1	237832000	1341.97
742.156	1	377599000	2037
951.767	1	616125000	2126.76
760.83	1	166143000	1214.84
491.725	1	280626000	4061.7
757.055	1	560061000	2097.93
944.586	1	206383000	1256.6
970.241	1	381345000	2171.63
729.073	1	278168000	4115.76
635.581	1	638845000	2326.78
1290.53	1	202808000	4127.14
905.996	1	420016000	1813.38
1275.13	1	115352000	4107.25
1441.64	1	828603000	2548.65
767.95	1	342973000	1779.44
1368.39	1	386944000	4222.06
830.96	1	363317000	2370.45
722.596	1	662914000	4156.41
702.401	1	628094000	4167.71
691.538	1	605337000	4158.06
689.709	1	340443000	1288.53
671.692	1	91268700	4036.6
962.584	1	407626000	2159.3
568.033	1	570535000	4160.88
824.974	1	495112000	2498.5
559.7	1	419538000	4174.27
1159.83	1	600079000	2243.11
1129.51	1	246013000	3014.39
1022.62	1	695596000	1996.1
834.272	1	550181000	1602.55
728.837	1	110203000	4029.79
698.661	1	259688000	4137.3
1494.89	1	524043000	2335.94
694.998	1	202886000	1051.01
824.705	1	513434000	1575.41
664.872	1	185400000	4092.81
798.165	1	472669000	2491.81
1218.89	1	249685000	4041.79
641.276	1	582763000	2116.36
1355.61	1	666307000	2469.17
758.524	1	343974000	1578.58
592.301	1	216608000	2437.07
736.681	1	511754000	1506.46
634.984	1	288054000	2165.13
1442.68	1	595014000	2679.49
797.201	1	370261000	1487.01
765.446	1	278633000	1876.21
596.024	1	277367000	1307.99
495.98	1	389397000	1152.24
1019.81	1	814710000	2471.44
1218.72	1	121562000	1224.42
746.852	1	300773000	1599.27
555.12	1	238844000	1637.72
1187.84	1	171010000	1108.44
469.939	1	237310000	4069.42
1245.47	1	692765000	2342.31
792.436	1	267109000	2492.73
1011.79	1	118995000	4100.5
1395.12	1	188531000	4033.41
1496.33	1	339066000	2639.12
598.253	1	305442000	4051.95
967.622	1	343942000	2927.11
646.543	1	181130000	974.429
628.604	1	256018000	2316.62
522.7	1	269727000	4073.49
1333.91	1	187470000	4107.38
1442.56	1	176323000	3349.2
608.215	1	52647700	4026.4
1055.28	1	632914000	2102.93
943.712	1	364504000	1840.43
563.862	1	417497000	957.905
622.383	1	370129000	2308.13
1460.73	1	254187000	3916.45
741.958	1	173624000	4157.25
1032.25	1	496271000	2245.8
1099.33	1	122663000	4117.07
708.197	1	136841000	4103.09
612.414	1	326755000	1586.29
1136.33	1	315299000	2827.92
1438.96	1	298697000	1977.37
1396.29	1	687650000	2699.12
1134.87	1	165598000	3358.22
1035.83	1	834454000	2473.33
564.106	1	74464900	4037.05
642.422	1	274694000	1663.52
1011.01	1	319634000	2459.47
1411.2	1	613692000	2701.48
793.483	1	232297000	2430.16
539.85	1	326511000	1065.85
883.918	1	332708000	2805.93
765.096	1	337844000	2182.41
612.873	1	594857000	2299.61
588.211	1	240621000	2429.39
734.27	1	338468000	2048.08
645.213	1	496255000	1181.12
1046.87	1	685482000	1956.98
1266.5	1	577160000	2141.65
1180.35	1	163201000	2154.16
546.034	1	447396000	4162.05
923.279	1	141132000	1083.52
765.615	1	714576000	4154.86
1105.97	1	662898000	2465.72
570.619	1	280875000	1346.86
660.253	1	252229000	1047.64
686.566	1	381710000	4064.97
689.22	1	256597000	1185.01
1490.78	1	526153000	2698.79
1365.14	1	252400000	2499.89
1138.08	1	280328000	4002.96
618.035	1	46525800	4031.52
1086.78	1	460939000	1917.47
680.354	1	56329100	4107.91
1138.84	1	798565000	2317.9
1369.96	1	595542000	2591.58
923.423	1	507544000	2144.07
534.326	1	132254000	4058.72
772.868	1	276904000	4039.72
1174.53	1	328040000	4216.5
1183.56	1	1004620000	2348.94
1291.1	1	619312000	2704.79
612.852	1	223865000	1975.68
800.509	1	337070000	1370.47
670.439	1	363338000	4182.52
670.97	1	460742000	1547.44
1210.41	1	191080000	2135.86
388.397	1	239082000	964.792
901.181	1	188036000	1593.13
631.487	1	136210000	2097.6
553.974	1	160526000	4051.41
1217.15	1	275638000	3942.93
911.908	1	76247400	802.218
598.39	1	254557000	792.526
601.584	1	358476000	2280.36
754.909	1	659946000	2241.02
755.614	1	566374000	4134.45
1494.94	1	193518000	3148.08
840.821	1	668545000	2313.01
1293.75	1	362429000	4216.86
1479.87	1	103836000	2590.65
1384.84	1	656506000	2678.82
1434.27	1	317784000	3149.22
1205.87	1	716363000	2018.25
562.716	1	178651000	893.253
889.317	1	280157000	1980.16
651.85	1	541145000	2501.21
1269.39	1	456275000	2091.03
788.673	1	325462000	1507.88
668.237	1	287545000	1621.2
712.967	1	231263000	1124
989.523	1	363489000	1244.94
664.724	1	114969000	4030.49
529.438	1	157372000	1896.43
1176.48	1	442115000	2114.49
630.325	1	168031000	1144.58
898.308	1	196331000	1155.02
816.949	1	504863000	2076.05
1456.62	1	595021000	2325.1
882.386	1	293739000	1983.1
492.524	1	391275000	926.292
1128.93	1	193776000	1654.95
724.494	1	168921000	2734.21
974.399	1	343809000	4121.66
1127.21	1	463059000	2785.92
812.876	1	192066000	1197.14
1461.14	1	199432000	4152.11
1017.82	1	507350000	1847.17
706.478	1	129887000	4039.34
596.961	1	334439000	1075.85
732.242	1	485279000	1314.54
782.808	1	106475000	4042.04
1320.02	1	98808300	4102.37
910.775	1	671813000	2381.02
416.917	1	278870000	857.667
1126.55	1	110446000	1140.36
1029.24	1	572234000	2576.09
774.497	1	349070000	1290
947.536	1	225026000	2574.24
1357.18	1	638903000	2698.58
974.495	1	482045000	2455.18
820.524	1	544939000	2304.68
1462.16	1	164604000	4008.04
718	1	75473100	2348.9
524.132	1	258159000	4170.47
624.254	1	353271000	1459.57
1354.62	1	310599000	3199.49
1318	1	545390000	2701.07
825.215	1	478516000	4179.91
1271.81	1	442268000	2706.49
829.902	1	427908000	2051.51
742.737	1	225245000	1187.63
1089.25	1	261454000	4220.08
1382.29	1	551928000	2138
683.438	1	109394000	4042.7
1095.07	1	880758000	2295.3
1099.79	1	511885000	1986.56
648.672	1	240677000	1059.95
1366.66	1	439770000	2150.56
967.631	1	354085000	2406.26
788.416	1	346510000	4180.33
687.244	1	295258000	1676.87
443.585	1	261929000	863.721
642.51	1	452647000	1267.51
1229.97	1	498352000	1800.97
688.036	1	249495000	1429.51
926.358	1	245234000	1596.08
752.99	1	121752000	4027.93
1181.76	1	539031000	1986.49
1442.67	1	329161000	4015.52
1293.91	1	327467000	4006.88
710.484	1	190337000	4255.03
686.851	1	147923000	935.34
1068.34	1	342635000	2822.67
463.319	1	209406000	4121.31
580.801	1	436669000	2420.45
1497.69	1	163969000	2910.41
1459.36	1	539041000	2702.12
1466.51	1	542266000	2460.73
857.175	1	285104000	1739.92
1192.69	1	756691000	2464.95
1351.83	1	419404000	2154.38
1125.98	1	479846000	2266.36
1372.88	1	315209000	1977.61
728.971	1	475191000	2232.78
1176.66	1	618336000	2479.58
1205.88	1	258907000	2147.32
717.875	1	320363000	2207.77
591.779	1	217813000	1293.84
1008.54	1	420469000	2150.24
1303.57	1	548610000	2138.11
1355.56	1	252507000	1906.36
1428.05	1	267137000	4217.17
1167.73	1	338011000	2460.26
1019.07	1	284832000	2554.31
1146.14	1	611843000	2405.85
1023.48	1	409476000	2374.61
1365.89	1	348035000	2294.34
1451.32	1	142695000	2710.7
1116.93	1	193751000	1672.19
1188.55	1	372728000	2714.53
1143.44	1	134301000	1267.02
1385.08	1	685882000	2295.77
1099.58	1	298514000	3228.83
1082.24	1	558026000	2270.85
566.233	1	216524000	1842.56
745.815	1	368615000	2157.8
1102.05	1	399805000	2389.39
1281.61	1	404065000	1998.46
1177.71	1	445173000	2699.44
1058.97	1	147877000	3706.43
1176.33	1	234169000	3994.22
1367.75	1	293613000	2240.58
933.738	1	380341000	2691.36
919.999	1	244730000	4036.94
1003.91	1	151220000	1317.04
486.368	1	287373000	1067.06
584.876	1	225141000	1238.85
731.47	1	408864000	1570.44
463.505	1	445054000	855.421
1295.79	1	157167000	2158.01
922.458	1	436300000	2460.74
963.182	1	203916000	3441.07
453.386	1	91069900	4068.57
967.418	1	107841000	4097.04
438.529	1	158297000	1331.28
1390.27	1	293545000	4218.39
1416.5	1	370063000	4214.51
1151.87	1	126991000	2172.02
531.031	1	311239000	912.08
667.231	1	120120000	1510.93
891.084	1	208543000	1582.73
561.38	1	287464000	1033.16
594.155	1	116073000	4034.58
1326.09	1	326976000	3141.1
453.723	1	196761000	1154.69
602.578	1	325663000	1581.37
1330.37	1	538589000	2469.31
549.281	1	126656000	4037.44
673.559	1	345860000	1747.98
1214.75	1	627066000	2471.08
1211.2	1	386987000	4216.52
1437.05	1	294242000	2707.05
1022.46	1	437210000	2157.78
1138.45	1	499261000	1876.7
496.042	1	190059000	1251.3
954.139	1	328356000	2475.92
1128.59	1	641368000	2455.16
1174.53	1	339775000	1573.71
940.886	1	171090000	1124.72
515.652	1	182849000	4162.65
927.469	1	561230000	2388.56
1106.08	1	533918000	2150.7
1451.83	1	650247000	2465.7
1076.46	1	599752000	2148.1
659.313	1	382431000	1278.11
810.721	1	442024000	2150.54
1124.1	1	343908000	2146.63
