338.792	1	672625000	4123.53
563.853	1	174736000	4148.4
676.004	1	307400000	4119.2
412.475	1	138494000	1396.06
460.989	1	139889000	836.178
714.471	1	627167000	101.394
391.808	1	152543000	4140.02
448.83	1	136249000	1047.82
1081.42	1	94811400	2975.08
369.675	1	145345000	835.644
406.032	1	74227800	775.557
339.4	1	137511000	4173.52
391.533	1	208253000	101.598
637.764	1	272413000	4147.81
339.315	1	296118000	98.2343
433.048	1	83853800	1225.52
883.089	1	71701800	1885.03
710.378	1	273465000	100.388
875.091	1	355985000	101.617
1197.41	1	307959000	100.063
342.099	1	78532200	4120.01
614.414	1	53949300	835.206
1192.96	1	254207000	98.0649
621.118	1	139176000	4149.79
432.497	1	58789000	1376.71
516.464	1	41454800	812.06
820.998	1	195434000	101.358
391.117	1	123848000	202.269
619.638	1	68546500	1410.65
539.88	1	104578000	4147.58
987.087	1	68159700	2555.87
391.94	1	107212000	778.438
553.395	1	260502000	98.9064
622.942	1	56751700	2001.7
392.139	1	136011000	966.445
870.906	1	125024000	101.726
446.393	1	185078000	102.649
932.867	1	67304000	2004.18
391.429	1	109579000	1111.77
1249.36	1	249283000	97.0623
664.525	1	230654000	4151.76
1115.13	1	287411000	99.1365
946.517	1	33723600	1443.57
391.562	1	86276000	647.384
391.812	1	30323300	712.302
503.112	1	37123900	1024.52
392.045	1	84070100	864.459
1060.26	1	78633800	2726.53
391.521	1	90407400	1209.96
755.834	1	81915700	2197.27
1003.74	1	32062500	3520.75
391.289	1	127429000	315.192
391.628	1	76993000	4251.93
645.928	1	68797500	1046.58
391.663	1	50906000	29.0204
1189.68	1	58235500	110.475
391.642	1	85191800	1329.75
391.721	1	87435700	423.359
1190.53	1	77056600	2276.57
391.609	1	57140400	568.741
983.51	1	76910200	2656.25
981.725	1	225499000	101.89
605.398	1	39473300	987.448
392.264	1	35013300	1041.49
391.378	1	83587800	4694.73
391.638	1	54554200	507.011
1463.96	1	165206000	99.619
392.046	1	29858000	1272.46
394.979	1	153830000	4089.88
391.377	1	72504400	4850.37
391.523	1	60084600	4346.18
391.387	1	72856400	4970.23
467.182	1	26129200	2257.05
966.463	1	54342600	2687.16
337.243	1	77846100	125.725
391.386	1	83702000	4496.05
462.198	1	71935700	928.345
391.411	1	68580000	4594.38
474.686	1	31899300	1448.13
335.923	1	9388260	66.9547
577.503	1	43006000	1375.57
391.467	1	39326200	4777.08
612.388	1	172322000	4149.97
391.388	1	54165300	5060.16
355.778	1	143566000	4148.39
416.686	1	106393000	4142.95
368.65	1	68256600	1107.03
391.502	1	66689600	1461.78
391.581	1	53529000	2260.65
392.044	1	32690700	1395.51
391.677	1	17754900	4911.77
391.587	1	32019900	4022.42
650.707	1	45663000	1757.54
391.551	1	22855600	4424.27
473.589	1	38286900	1059.47
386.609	1	40437400	783.721
1035.61	1	154277000	100.164
391.66	1	58185200	3660.38
391.581	1	49362800	1732.07
707.666	1	56043500	2727.96
577.129	1	48170500	1219.32
391.729	1	29736000	3598.3
1322.5	1	47353400	1885.49
337.514	1	45699800	4112.93
391.566	1	55012700	3487.93
391.493	1	48831800	2377.49
391.745	1	59581900	2655.2
391.536	1	52515400	1550.25
391.704	1	28937500	3738.11
1244.89	1	76855700	108.915
1189.98	1	16814900	67.0585
718.751	1	72977800	84.9209
646.535	1	130877000	4122.03
816.349	1	74244500	95.7139
421.186	1	38775600	954.635
391.576	1	45156100	3000.86
640.15	1	31309600	4203.71
856.892	1	79221800	2250.5
567.317	1	41549100	2191.62
977.168	1	60679400	100.581
1110.49	1	53358700	97.7285
391.576	1	51539500	1956.62
391.6	1	45745000	2779.27
391.619	1	58473300	2113.21
391.721	1	30230500	2191.97
451.942	1	30499600	2869.57
495.708	1	31175300	1227.88
642.912	1	46111300	2246.31
682.653	1	115583000	4121.75
316.123	1	25402900	949.582
391.537	1	41649900	3252.78
391.717	1	60135500	1846.92
389.248	1	12856100	1469.86
443.106	1	52436600	93.0828
451.85	1	20313200	2684.69
674.652	1	42791000	1578.37
654.854	1	48513800	1565.52
973.892	1	56338600	1769.86
1458.84	1	77663000	100.216
878.481	1	53160600	2384.02
324.962	1	76705800	4127.7
391.74	1	17811900	3552.31
314.708	1	71589000	4124.45
391.627	1	42618700	3096.07
1132.93	1	72473200	2200.26
451.877	1	62914900	1001.25
391.613	1	49563000	2527.3
1000.33	1	52423400	2699.37
1031.22	1	76426400	102.194
392.556	1	30466400	2036.74
490.663	1	30686400	1562.45
595.849	1	162658000	4124.96
896.417	1	22032900	1047.95
542.111	1	41335000	785.565
391.794	1	54044800	2882.92
701.023	1	48057000	2255.71
1192.1	1	31839000	2685.85
362.743	1	35902100	856.015
775.3	1	42857900	2044.61
433.036	1	107033000	4139.15
391.923	1	15389600	2727.68
801.925	1	56419600	1828.3
1384.01	1	132294000	97.7302
391.595	1	25090000	3410.54
601.98	1	47278700	1824.76
507.517	1	32957500	1116.9
988.524	1	27308000	3045.53
416.065	1	52739800	811.937
391.641	1	38495700	1651.25
392.209	1	9741900	1906.21
554.073	1	94130600	4154.09
477.313	1	39368700	1148.97
389.371	1	93523300	4176.95
391.805	1	25740700	2452.8
635.593	1	49531900	4095.43
549.51	1	36184600	97.1605
378.198	1	58206100	844.576
864.532	1	34504800	1224.3
304.999	1	94482800	4109.46
371.887	1	81001700	928.081
371.917	1	144143000	4124.37
391.76	1	26308500	3178.53
726.597	1	53313100	1888.78
921.184	1	34853700	835.353
625.243	1	42095700	1350.77
607.416	1	107855000	99.3854
357.744	1	27967500	1526.78
1222.6	1	31160200	827.861
467.078	1	26811500	1727.66
391.599	1	28038900	3348.83
406.523	1	28496000	668.076
392.043	1	10137200	1608.05
506.743	1	33265900	923.015
355.265	1	30538200	812.329
498.587	1	24782800	1004.44
1356.77	1	82722000	98.509
797.563	1	87235100	2271.24
671.694	1	37457900	1025.49
620.842	1	51222200	4095.03
689.994	1	27129400	813.033
633.448	1	41171700	1450.59
1107.33	1	54740900	2471.19
1303.74	1	90467800	99.1928
1277.82	1	44333000	2165.92
663.238	1	20419400	1007.6
1298.13	1	57819800	100.597
880.99	1	45051500	84.8354
811.974	1	32736400	782.376
490.14	1	45397300	1113.72
705.696	1	125808000	4145.67
1222.62	1	26143200	1209.76
408.414	1	55512900	858.701
1245.04	1	10624600	68.7257
1222.65	1	33704800	998.487
389.698	1	22260500	206.925
1222.43	1	21291700	752.84
552.467	1	49127800	4103.86
929.288	1	43892600	97.9478
468.523	1	133804000	4129.07
1222.37	1	28807300	665.182
602.57	1	44781100	1745.1
392.475	1	13188000	2588.86
1222.31	1	16703000	586.199
495.289	1	41675100	827.168
429.459	1	60150800	4099.15
836.958	1	53356600	1774.56
507.949	1	133325000	4122.78
603.602	1	25246700	109.531
1227.13	1	96264300	86.0615
1310.78	1	13939600	2907.98
472.845	1	50591000	822.966
1378.24	1	55433900	95.107
678.518	1	56738900	4179.04
1161.34	1	37308800	2043.82
485.871	1	150058000	4127.39
568.065	1	106313000	4144.43
667.512	1	95769100	4105.15
392.573	1	11654100	2319.64
1222.74	1	33699600	1099.92
547.535	1	42890600	4126.73
777.245	1	37459400	177.821
1222.56	1	18822200	917.733
460.798	1	45020000	4087.88
565.647	1	23946400	4196.88
455.506	1	43374200	1278.67
1222.37	1	29738400	450.546
927.516	1	57679400	2546.36
1004.64	1	23720800	1025.4
823.041	1	114612000	4144.43
760.085	1	28751400	1072.02
862.994	1	46400400	2570.14
1223.54	1	40653700	2697.4
860.101	1	35403000	2689.09
804.147	1	141205000	4116.99
1267.6	1	62005700	99.4078
979.301	1	33266500	1567.02
446.742	1	58175100	1365.83
612.053	1	37370400	4087.49
1222.42	1	13659900	530.778
961.775	1	68262700	2205.37
482.701	1	25610700	1933.65
1222.85	1	29682800	1339.04
417.203	1	44579400	1401.85
470.352	1	43762300	1339.6
1222.32	1	25171900	4920.3
900.773	1	41534300	2732.87
1222.4	1	21795600	355.075
392.164	1	27909600	138.201
1225.44	1	6886000	1178.81
374.443	1	40830400	4064.91
1222.37	1	25257100	4679.22
1222.36	1	15909600	285.19
1222.85	1	34224400	153.368
1223.36	1	25308500	1461.24
1224.48	1	71167600	4087.33
1411.09	1	54363300	102.823
707.146	1	21245200	812.827
801.36	1	42898400	1748.38
835.94	1	57499300	1987.9
1088.67	1	48969100	97.9013
722.854	1	21513300	2982.25
955.977	1	69482100	2277.9
389.605	1	19577600	935.531
1178.17	1	52867800	94.1216
490.499	1	33371000	1751.32
361.186	1	85295400	4088.31
1351.71	1	34047300	101.667
448.717	1	143929000	4126.63
467.915	1	21391200	1057.17
1222.98	1	10801200	1273.69
791.743	1	26221400	2773.32
1193.61	1	19256700	3348.86
1222.37	1	17781800	5065.37
1224.29	1	42924200	2488.66
392.149	1	9895290	3308.01
925.569	1	57569100	1888.89
1277.98	1	40031600	2228.64
726.995	1	122301000	4137.59
414.095	1	29564800	1471.07
743.761	1	28041400	1226.89
1222.4	1	15784900	4840.29
835.425	1	74074500	2279.93
1222.36	1	14734000	5001.14
462.163	1	39321200	1042.48
573.264	1	35619700	1245.02
1206.71	1	76681300	92.5278
437.201	1	46815200	1204.7
1222.38	1	10483200	15.888
383.042	1	67541600	4122.51
936.369	1	32948300	1353.42
1003.18	1	121072000	4135.94
1434.69	1	63373500	99.2151
1169.84	1	60648000	2212.52
1222.48	1	13154000	231.162
533.219	1	63517700	4112.44
1122.55	1	29049400	2914.87
1224.75	1	49669800	4200.92
1241.27	1	20470500	95.1225
630.883	1	27073600	950.524
992.5	1	78243500	4148.37
458.49	1	44714700	4155.54
1223.96	1	43660800	2157.43
473.416	1	55950400	96.005
959.535	1	145358000	4140.88
348.937	1	49117600	4080.11
710.35	1	11671900	61.1753
615.715	1	28345300	920.208
419.349	1	68409000	4091.15
583.635	1	90624000	4147.66
771.554	1	111850000	4154.49
899.386	1	45794200	1588.97
489.085	1	43019700	1404.36
1222.38	1	26199100	4575.98
718.025	1	35734300	165.425
583.382	1	26915800	2046.23
849.996	1	115468000	4138.03
420.486	1	55168400	99.1041
1129.6	1	56989500	2419.28
646.938	1	17510000	2692.07
392.303	1	28645300	351.373
1324.69	1	28603500	2288.87
501.843	1	48592800	99.5942
914.877	1	125404000	4136.38
497.358	1	33382400	104.265
607.866	1	29725500	4161
1109.77	1	107701000	4144.69
905.417	1	54777000	4151.08
1099.36	1	81176400	2225.7
668.531	1	51215000	1365.81
1322.58	1	31137700	790.986
390.531	1	11602900	273.582
402.881	1	53267900	945.613
1222.51	1	15403000	4781.81
1176.76	1	72111700	4152.44
1221.43	1	30229900	2757.09
1222.31	1	4966470	4740.03
707.822	1	22040200	117.619
1259.19	1	64577100	99.5318
1063.95	1	74201100	4162.23
1015.69	1	13357800	3522.11
1224.8	1	11370900	1406.5
1372.78	1	64059200	4138.34
1222.39	1	16009300	4483.9
1174.72	1	11015200	127.748
762.727	1	38088600	4152.68
431.503	1	31660100	1554.68
372.334	1	51498600	1023.63
675.841	1	37540400	2097.17
1223.04	1	23855800	4144.01
1135.71	1	34935200	2369.06
890.467	1	121196000	4139.3
1324.63	1	55330000	4087.07
939.834	1	118447000	4145.85
441.622	1	50097400	4124.73
576.396	1	43857200	4105.46
599.32	1	29553100	2275.11
776.998	1	18495500	261.722
434.419	1	40649000	1319.78
392.859	1	8197050	2957.96
699.349	1	30512600	2185.63
733.355	1	23428300	1110.23
451.205	1	47672000	1119.33
1376.62	1	13348200	122.594
471.16	1	44768200	896.327
346.288	1	29755900	121.458
1045.74	1	100316000	4141.67
739.883	1	18557800	822.569
1118.15	1	64684800	2288
791.91	1	120686000	4152.97
466.231	1	33507700	1410.71
373.014	1	41616800	4195.9
1223.31	1	41905700	2017.05
1161.16	1	40357800	111.064
977.427	1	59691200	1888.98
409.242	1	49552100	4109.15
1124.41	1	48805100	124.18
1425.96	1	24154700	97.9756
1124.35	1	41691300	2692.05
1224.72	1	18912500	1950.84
1322.57	1	21884100	1138.63
1217.64	1	33952700	103.894
405.298	1	62071700	4173.43
880.183	1	70052100	4152.55
713.962	1	91025300	4104.94
1405.83	1	28320600	94.3197
343.027	1	19211200	4060.9
1225.11	1	5498330	883.86
941.016	1	80113600	2255.3
742.807	1	113604000	4145.04
1089.42	1	99393600	4142.66
1356.56	1	60267500	4137.01
1294.82	1	13526900	123.371
986.573	1	38707400	4165.2
428.158	1	25945400	660.614
630.324	1	48025900	4133.31
779.255	1	84105900	4108.32
1324.85	1	45883300	125.278
1223.33	1	21174200	1571.18
1123.29	1	20767900	62.0021
908.415	1	17462300	986.504
463.148	1	25339400	834.173
403.744	1	43037700	741.099
1001.36	1	55887800	1886.69
1485.02	1	41184300	102.086
986.871	1	63308600	2196.44
1395.4	1	48651000	94.3193
930.999	1	55051400	4160.65
1027.84	1	27898500	97.0526
1070.66	1	48195800	2277.6
1479.01	1	21893000	99.6308
862.614	1	96792200	4160.44
1224.02	1	31251100	1716.84
1126.72	1	106853000	4143.61
703.369	1	14040800	4070.5
913.274	1	35514800	98.3098
367.086	1	60335300	104.901
332.006	1	24796800	661.482
833.534	1	49156200	1455.85
1224.4	1	42058600	2280.7
1295.83	1	7488570	69.0867
905.965	1	15897600	104.386
906.605	1	33935300	2678.01
1228.62	1	31951300	2230.44
828.934	1	16239900	2278.73
1422.76	1	15982400	126.017
1475.34	1	19313300	108.708
1059.76	1	54699700	2249.71
1286.1	1	47991200	101.943
1324.26	1	25197300	2229.23
503.363	1	39954100	1457.51
1026.45	1	83838600	4171.7
980.424	1	21322700	789.03
1224.76	1	33675900	2606.57
722.526	1	22387200	4198.31
1322.66	1	20554800	1261.38
1223.03	1	16709400	3541.8
403.553	1	41179900	4073.01
1223.07	1	12149300	2551.83
695.081	1	68554700	4132.11
956.581	1	42985500	104.774
1085.29	1	13582400	123.412
522.94	1	107240000	4133.84
1106.98	1	51931500	2558.62
387.973	1	10816400	3352.06
796.35	1	17216800	4072.24
1223.38	1	20201300	3057.08
586.442	1	33996100	1491.18
924.271	1	23690000	102.639
974.989	1	57671600	2470.5
1038.49	1	46445000	1978.13
1224.09	1	28171400	1880.93
985.257	1	49821500	2430.78
1169.01	1	43199300	2546.78
660.793	1	41312600	2366.62
427.823	1	40863400	4188.51
816.966	1	27965500	4102.63
879.997	1	63940400	2008.08
1125.39	1	37490800	2605.39
1223.08	1	14432300	3178.53
1224.27	1	30231600	2876.53
1032.43	1	2459030	58.1999
1156.61	1	42126200	2589.31
399.357	1	20669900	4177.06
453.679	1	41808500	835.648
874.522	1	37324900	4164.7
1225.2	1	16272600	1645.42
1118.88	1	17949300	2602.24
1224.55	1	22759700	1819.97
871.038	1	54913200	4100.83
994.367	1	66903000	106.747
460.025	1	25133700	1379.94
1322.41	1	24657400	641.056
810.148	1	45023300	4199.17
1078.84	1	76200700	4158.89
1322.53	1	21567100	283.079
842.653	1	49541900	4148.6
1427.24	1	59388200	4137.63
904.955	1	62365300	2504.89
974.405	1	108044000	4120.8
1067.5	1	16772900	3049.82
706.257	1	42517400	1889.47
1322.47	1	22408500	438.058
415.671	1	20119200	750.097
369.868	1	33260200	1179.61
898.466	1	59639500	1996.4
980.145	1	27006100	4205.03
1009.5	1	86390700	101.973
1017.13	1	28156300	4168.77
1322.8	1	17680400	1063.76
846.451	1	75589000	2242.81
804.374	1	55771500	2151.25
606.15	1	25671000	4117.79
866.922	1	19070800	3145.55
494.513	1	40285700	4194.05
978.107	1	29320200	2879.54
940.55	1	31063400	96.3112
900.788	1	39895900	4161.51
483.145	1	17112600	1727.2
1123.04	1	28703600	784.858
1321.07	1	24989200	89.5905
1322.38	1	19612600	4950.68
1183.52	1	33468500	2687.7
428.51	1	19471100	4043.38
829.302	1	44939500	2583.5
394.193	1	12157900	1794.36
338.855	1	13581600	4061.17
834.992	1	82905300	4139.95
1322.54	1	12776600	556.974
1222.78	1	14620700	3715.49
852.929	1	54600700	2009.62
794.448	1	24189400	1825.92
495.001	1	70707400	4097.35
1422.46	1	9337930	64.4561
1322.69	1	19239300	986.503
868.898	1	29060900	89.1893
1224.07	1	27258000	2404.4
507.565	1	29301000	4192.63
947.734	1	74906200	2005.92
822.018	1	59304700	1898.77
388.76	1	11795100	4070.14
636.682	1	38073900	1159.05
406.369	1	39863400	1054.17
1152.04	1	99091500	4149.78
451.162	1	35155200	4056.99
980.889	1	10414700	59.0404
564.549	1	35661800	4096.09
932.885	1	36465900	2278.51
1222.52	1	17036500	4319.4
712.479	1	11620700	179.647
859.216	1	49214900	4091.63
1071.23	1	32727100	113.817
866.705	1	43144800	1393.84
1142.22	1	49266500	4164.58
1222.95	1	9791790	3471.35
1322.47	1	19324200	5052.28
1323.94	1	19849600	1820.87
735.28	1	37461200	4083.36
1154.5	1	15362300	94.3483
1322.39	1	7927540	505.562
946.775	1	30707600	1065.74
1322.46	1	19696700	4612.95
1322.99	1	8701210	1204.97
950.104	1	50351900	4156.16
1436.9	1	20237800	2588
884.145	1	69007100	2275.55
406.938	1	30437300	1376.85
397.298	1	21280600	85.5451
351.253	1	30191500	4201.21
925.971	1	44494600	4118.81
650.554	1	24028200	996.495
665.151	1	52349200	1899.07
1214.39	1	11711200	88.5708
1124.77	1	33127900	2470.8
384.02	1	38241400	1123.28
384.181	1	15441300	4070.8
630.157	1	27768400	1062.2
567.112	1	42202700	1381.01
596.244	1	31012600	4197.5
1222.75	1	8566770	4427.9
940.392	1	30859300	1473.76
1322.46	1	18689600	4732.3
1322.84	1	15804500	916.68
1322.85	1	8489760	716.764
907.433	1	31383900	2876.6
1323	1	24686800	1375.32
1322.75	1	5069950	4672.94
1472.56	1	13934900	82.3546
317.068	1	29002700	4060.83
1322.48	1	18546900	4842.61
603.361	1	5135130	67.6062
813.707	1	48314500	2419.35
792.701	1	9479980	4090.07
1222.95	1	14468000	3326.41
984.093	1	62340100	2280.83
761.034	1	51411800	4091.44
1186.07	1	17023100	102.018
1183.75	1	74956400	4114.52
559.034	1	16345900	125.507
1084.21	1	24754000	2975.65
1222.95	1	19441900	2968.47
781.822	1	31657700	101.724
731.326	1	50341600	2259.6
1323.01	1	10262700	865.953
1456.84	1	17518700	86.6185
398.99	1	6119230	4038.83
982.605	1	60115700	2012.63
1370.96	1	11850000	112.233
812.601	1	17909200	97.6482
829.713	1	30521800	98.3207
878.103	1	29352600	169.318
1138.33	1	23728500	2909.74
781.145	1	34090200	2546.92
542.971	1	27189200	865.088
1023.31	1	18427800	93.3061
1171.85	1	13853100	97.3766
1008.09	1	68521300	2272.06
1246.84	1	67735600	4139.2
798.034	1	30946400	2185.33
788.731	1	13918600	4082.53
643.875	1	27803300	1742.22
1324.17	1	23888000	2885.83
527.428	1	41600400	848.478
751.256	1	20616000	835.803
886.245	1	67349900	2204.46
963.942	1	47367400	1898.39
850.667	1	48574700	2334.49
753.055	1	49468400	4101.14
312.536	1	31284900	4195.11
825.546	1	28451500	2311.92
1322.6	1	10888800	362.598
893.975	1	40368500	2465.78
1408.66	1	63560900	4162.74
1224.84	1	5980180	3123.64
1322.48	1	16158800	4519.87
1323.38	1	2671930	4900.42
1222.96	1	14472500	3627.12
1323.37	1	22339500	1474.61
1123.26	1	26162800	1034.68
1126.03	1	50187400	2229.54
700.941	1	44427700	1737.05
344.265	1	13108600	4199.81
1213.02	1	79583100	4138.4
841.945	1	21059300	4065.44
1278.74	1	70951500	4137.43
1223.26	1	8207870	3253.82
785.883	1	40451500	2277.32
1072.41	1	28521200	4144.22
550.463	1	11353200	4211.21
1125.75	1	33343100	1813.96
822.084	1	5331830	61.8094
1018.63	1	38874700	4116.51
1323.02	1	13358700	29.3929
769.519	1	31681500	2003.35
1123.18	1	26050200	937.411
771.125	1	61159100	1847.2
360.893	1	34137700	948.291
1122.73	1	19744300	586.018
1012.92	1	42635700	2712.11
1199.32	1	84816200	4142.15
692.405	1	37835100	4189.91
515.765	1	37262900	827.824
813.288	1	21082900	4141.1
954.616	1	22620200	1886.6
553.57	1	14803000	165.798
897.212	1	50034400	4076.16
1056.27	1	24375600	112.704
1158.66	1	16400700	1988.92
1365.73	1	18282300	4128.67
1123.48	1	22019300	1449.35
812.403	1	17269600	870.01
876.136	1	45172000	2197.26
1169.14	1	29848600	4162.72
973.888	1	20230500	1997.12
964.589	1	34659300	1754.52
340.963	1	18351700	605.156
854.424	1	48478000	2166.4
1046.65	1	66795900	2227.02
787.586	1	22156900	2725.19
1143.39	1	32892200	111.865
425.196	1	41315500	1048.9
388.073	1	10356700	1060.26
905.329	1	63195100	2261.42
1296.6	1	79177300	4130.15
899.84	1	54981400	2097.4
934.212	1	25302800	841.627
1402.98	1	5278750	91.845
853.946	1	47961400	1755.25
370.934	1	29666100	1391.11
813.708	1	16188100	4070.13
1099.3	1	43366700	4138.97
1498.15	1	13274100	116.04
967.063	1	40946700	2013.66
763.592	1	45941300	2278.2
1038.17	1	57348000	2311.35
894.285	1	63105300	1886.76
1003.74	1	57343200	2377.93
661.11	1	18345200	4189.37
1446.22	1	43665600	99.6316
1197.49	1	5932660	57.8505
1032.85	1	70990400	4108.4
999.762	1	13957300	2288.9
958.135	1	41223200	2469.14
1126.21	1	46774100	2001.51
671.546	1	21449800	4192.65
369.294	1	6367010	4059.66
384.877	1	17113600	4221.73
1063.46	1	32264700	4107.75
1422.66	1	13171000	838.941
629.854	1	24838900	4193.22
657.083	1	33617300	4117.05
778.761	1	26648800	2247.52
515.261	1	41960100	1403.14
704.514	1	14007100	887.853
923.582	1	32578800	4204.12
1091.36	1	48303500	2308.37
872.439	1	39444200	2286.24
1322.96	1	14064800	205.732
1044.66	1	30992900	107.297
393.91	1	6910370	4658.89
951.73	1	15225300	104.52
1313.25	1	19057900	95.0348
1323.66	1	28186600	1987.75
394.368	1	6659630	4751.57
1325.87	1	8589500	1318.49
464.398	1	33048700	103.362
929.447	1	43632900	2685.03
1141.52	1	15375900	1226.64
1085.34	1	39239300	2242.76
1471.18	1	6914700	144.083
336.618	1	28831600	4224.47
653.592	1	41523500	1905.43
960.719	1	22389200	2013.68
849.792	1	17177200	4217.25
1323.69	1	26218400	2698.7
502.583	1	41409500	1361.69
1124.98	1	28310500	2130.58
924.276	1	23508700	4064.44
1369.41	1	11531500	81.4259
312.869	1	22262400	101.886
993.521	1	27707100	2667.6
529.954	1	18510400	94.5388
1019.52	1	18514900	125.283
1056.78	1	27229900	4181.35
898.695	1	21429600	2880.19
973.901	1	34356700	2279.68
