338.768	1	6.44234E8	4125.05
982.653	1	6.58978E8	2639.55
563.798	1	1.56173E8	4146.94
859.967	1	4.08148E8	2568.05
892.192	1	5.89319E8	1983.5
602.684	1	2.19407E8	1143.91
639.611	1	3.10291E8	1579.35
903.024	1	2.33252E8	1145.04
595.973	1	5.40414E8	1983.17
675.986	1	2.45611E8	4120.36
1131.29	1	2.76641E8	2367.57
1081.69	1	2.35306E8	2971.75
954.041	1	2.12923E8	2337.8
777.76	1	3.40257E8	1989.28
988.579	1	2.57648E8	1987.35
583.338	1	1.19553E8	1238.9
1003.03	1	1.29029E8	1556.93
391.846	1	1.7689E8	4150.56
779.736	1	1.33599E8	1491.89
1288.73	1	1.5026E8	2569.08
818.082	1	1.34491E8	1146.23
1199.86	1	1.73611E8	1807.42
755.212	1	1.79942E8	2365.93
501.344	1	1.03216E8	1359.49
855.642	1	1.30883E8	2133.4
382.077	1	7.88389E7	1229.31
823.122	1	9.36006E7	1312.03
670.093	1	1.68799E8	1558.29
538.544	1	8.48227E7	4148.41
560.62	1	1.38462E8	1237.66
621.047	1	1.53647E8	4146.91
637.929	1	3.26923E8	4146.92
728.654	1	1.61969E8	1983.69
934.01	1	1.38474E8	1536.38
941.966	1	2.1553E8	1799.75
1119.38	1	1.42877E8	1800.43
339.608	1	1.1343E8	4180.27
1019.22	1	2.50595E8	2109.05
583.369	1	8.91001E7	1385.69
629.605	1	2.31573E8	1798.76
609.557	1	7.43545E7	1257.8
623.717	1	1.13222E8	1535.9
475.154	1	6.9625E7	1455.29
904.39	1	3.86926E8	1994.31
1126.56	1	1.39765E8	1986.55
770.491	1	1.31429E8	2343.5
566.251	1	9.62972E7	4160.76
391.461	1	1.45463E8	97.1516
621.764	1	1.17977E8	1096.46
751.448	1	1.00931E8	1359.73
550.205	1	1.07907E8	1312.51
748.732	1	1.79783E8	1805.79
452.69	1	6.40958E7	1285.1
712.427	1	9.02754E7	1457.96
359.972	1	6.22234E7	4185.79
713.467	1	2.13671E8	1999.34
394.038	1	9.56573E7	1206.29
849.948	1	1.51592E8	2017.25
828.83	1	2.82499E8	2001.53
1222.1	1	1.50739E8	1996.74
926.973	1	8.27863E7	2594.74
680.609	1	1.31446E8	2106.76
338.436	1	4.83228E7	1353.31
591.665	1	1.31524E8	1564.35
912.406	1	7.19754E7	1257.15
664.592	1	2.59471E8	4144.39
340.774	1	1.03257E8	4109.6
983.429	1	1.218E8	2699.04
840.188	1	1.04803E8	1243.13
827.256	1	1.12877E8	1239.71
1208.42	1	8.65077E7	2126.05
674.238	1	1.44682E8	1854.88
763.696	1	7.17466E7	1236.66
549.164	1	7.53329E7	1052.56
635.507	1	6.0828E7	2529.73
605.673	1	6.85918E7	2123.76
715.886	1	1.46475E8	101.851
711.883	1	6.88871E7	1145.89
874.189	1	1.00745E8	1387.76
451.655	1	4.78889E7	2866.5
768.209	1	5.7166E7	1149.39
391.644	1	1.15336E8	988.731
767.161	1	1.14916E8	1665.59
1269.39	1	7.332E7	2536.97
392.091	1	6.53303E7	908.776
1008.83	1	1.81781E8	1857.98
1066.08	1	1.53964E8	2377.47
392.123	1	1.48099E8	1097.14
391.379	1	9.91756E7	198.469
1117.43	1	1.04101E8	2699.76
657.177	1	5.33167E7	2641.21
391.404	1	9.2113E7	4521.48
391.581	1	7.13346E7	4241.99
391.878	1	9.08521E7	1342.74
982.49	1	1.11099E8	2417.37
391.503	1	9.75574E7	1248.54
1105.66	1	1.42508E8	1770.71
391.508	1	9.8315E7	702.968
991.246	1	1.56002E8	2641.53
391.391	1	9.27617E7	4798.85
395.031	1	1.34053E8	849.867
391.392	1	7.70398E7	555.674
391.771	1	4.5962E7	781.541
785.925	1	1.03439E8	1710.27
405.506	1	5.52249E7	749.17
391.393	1	8.54052E7	4999.41
391.501	1	3.84455E7	4452.36
827.813	1	2.22441E8	2102.61
885.772	1	9.7377E7	1708.85
983.118	1	6.00783E7	2612.62
1129.57	1	1.28878E8	2423.0
391.453	1	3.52896E7	625.662
391.388	1	9.13751E7	401.864
875.23	1	8.67206E7	1245.38
391.386	1	7.97693E7	4672.6
853.996	1	9.56473E7	2458.27
594.854	1	1.76693E8	4118.5
391.45	1	4.51904E7	4598.81
391.43	1	4.22958E7	24.4746
711.811	1	1.19242E8	98.6776
645.496	1	9.9191E7	1578.75
395.786	1	2.04137E8	4086.02
748.547	1	1.03966E8	2520.77
391.44	1	6.50282E7	306.207
667.711	1	1.44839E8	1934.52
1214.62	1	9.79905E7	1821.08
391.433	1	7.45994E7	4898.95
612.557	1	2.08308E8	4142.96
391.52	1	4.30592E7	482.052
374.095	1	1.41867E8	4108.94
806.497	1	2.13337E8	2368.94
542.378	1	5.20133E7	886.352
1029.83	1	2.87235E8	1977.89
817.398	1	1.78113E8	2000.13
361.662	1	6.6189E7	1118.55
650.595	1	9.09056E7	1421.09
1168.74	1	4.68932E7	1493.31
761.449	1	6.05443E7	1060.47
339.781	1	1.20683E8	103.129
479.168	1	8.39738E7	1054.72
671.64	1	1.42575E8	1261.37
792.764	1	1.06475E8	1390.36
812.91	1	1.32418E8	2208.71
1271.97	1	7.31499E7	2018.37
969.005	1	1.15125E8	2626.77
392.255	1	2.95124E7	1168.9
508.771	1	7.77765E7	1065.34
1056.61	1	1.19053E8	2557.3
391.433	1	3.63743E7	5078.07
910.579	1	1.54207E8	2129.93
1155.25	1	8.1179E7	2591.57
721.282	1	3.03535E7	2869.4
391.671	1	7.04741E7	2338.19
391.666	1	2.00561E7	4734.11
401.501	1	5.43599E7	1007.67
392.098	1	8.0922E7	1529.01
570.81	1	7.58196E7	1555.01
1015.91	1	1.13752E8	2025.67
962.732	1	1.78583E8	2011.5
391.571	1	6.03162E7	4340.26
468.602	1	8.48391E7	1129.86
391.668	1	1.20696E7	258.663
463.648	1	5.04543E7	963.682
487.454	1	9.61237E7	1180.73
391.618	1	7.27152E7	2500.96
1276.54	1	9.13583E7	2159.34
1171.53	1	1.08322E8	2036.82
738.341	1	1.32407E8	1780.16
1033.66	1	1.33331E8	1567.04
895.001	1	1.49312E8	2486.21
465.271	1	4.14215E7	866.046
554.675	1	7.84186E7	1234.13
746.881	1	1.17644E8	1902.78
730.173	1	8.40772E7	1248.55
391.602	1	5.53407E7	2197.45
1098.13	1	1.07994E8	2216.28
822.68	1	6.64197E7	1053.34
813.509	1	9.20598E7	2309.87
949.49	1	1.89565E8	1966.36
391.925	1	7.378E7	1431.48
648.554	1	1.11418E8	1500.37
391.897	1	8.64629E7	1788.98
1107.18	1	1.14961E8	2487.67
1056.79	1	1.26523E8	1696.42
915.919	1	1.03888E8	2537.69
785.17	1	1.14535E8	1566.24
579.006	1	1.53609E8	4113.2
1239.86	1	1.50396E8	2035.18
603.127	1	9.20014E7	1844.54
735.366	1	7.83368E7	2504.73
812.982	1	1.6688E8	1823.88
366.61	1	5.70887E7	993.541
391.503	1	6.4087E7	3655.01
786.096	1	2.93073E7	880.348
597.182	1	8.35158E7	2046.85
690.005	1	1.18187E8	1575.11
970.453	1	1.34898E8	1785.19
593.784	1	9.52334E7	1465.11
1153.91	1	6.10372E7	2675.35
1114.07	1	5.50884E7	2796.24
391.935	1	2.11455E7	4016.57
1278.21	1	5.74131E7	2456.71
391.632	1	3.14473E7	2270.21
1197.94	1	9.81359E7	99.9729
824.422	1	3.08933E7	2033.72
872.368	1	1.48514E8	2358.66
543.18	1	8.15996E7	1126.89
730.037	1	6.55706E7	1160.05
914.02	1	1.34802E8	1903.56
983.285	1	8.28391E7	2812.62
391.521	1	1.94271E7	4409.62
800.135	1	9.31546E7	1577.58
324.895	1	8.26639E7	4129.5
1092.36	1	1.31409E8	2107.13
605.433	1	1.43794E8	1986.68
775.629	1	7.63375E7	1327.21
391.749	1	4.72441E7	1689.01
844.481	1	2.0411E8	2125.86
1025.33	1	1.50518E8	1769.06
1039.34	1	8.21922E7	2407.96
772.684	1	4.53939E7	2666.21
867.271	1	6.1247E7	1407.51
392.131	1	7.25363E7	1948.62
897.527	1	1.4991E8	2030.02
953.475	1	1.77683E8	1807.46
1100.75	1	8.45286E7	2505.11
1085.89	1	3.31338E7	2977.49
408.179	1	1.34783E8	4087.63
1240.15	1	8.02274E7	2600.18
839.214	1	1.44697E8	1859.26
391.73	1	4.21576E7	3561.19
889.773	1	1.93331E8	2114.28
825.555	1	1.30368E8	2216.35
798.201	1	1.32098E8	2130.57
391.879	1	4.64616E7	1613.13
1218.36	1	1.33461E8	2215.44
824.461	1	1.34625E8	1386.91
443.823	1	7.11507E7	1131.32
802.733	1	1.06928E8	1817.36
721.578	1	4.71086E7	2979.2
688.927	1	1.88902E8	1975.01
757.31	1	7.12327E7	1274.6
888.073	1	1.95336E8	2002.78
387.199	1	4.84903E7	4163.65
1337.51	1	5.34565E7	2640.82
601.8	1	1.02052E8	1154.19
963.076	1	1.11403E8	1679.41
999.566	1	1.42877E8	2370.33
812.392	1	4.25795E7	887.97
619.282	1	7.2294E7	1159.62
876.401	1	1.0142E8	101.922
949.828	1	1.30264E8	1560.04
1033.09	1	5.59062E7	1507.11
391.722	1	5.7125E7	2592.89
970.183	1	1.04882E8	1495.63
452.069	1	3.66123E7	2680.69
1185.71	1	8.28538E7	2219.65
432.729	1	7.5142E7	1284.67
578.286	1	3.94933E7	898.536
869.178	1	2.23947E8	1942.82
391.678	1	3.54786E7	3488.08
666.692	1	8.28344E7	1110.04
391.898	1	4.93312E7	2116.9
790.814	1	1.15817E8	2347.71
573.229	1	7.15171E7	1650.65
1347.12	1	7.28814E7	2036.51
901.429	1	1.16038E8	2576.04
679.182	1	1.03639E8	1989.52
1013.75	1	7.47591E7	2697.57
1424.43	1	4.15192E7	2640.62
778.448	1	9.97051E7	2142.48
816.784	1	1.30035E8	2112.01
860.301	1	1.21269E8	1856.81
1087.49	1	1.26953E8	1860.33
1014.36	1	1.08277E8	1576.63
811.467	1	9.69101E7	1704.8
774.594	1	8.45164E7	1465.56
884.981	1	1.46366E8	1885.45
391.742	1	3.74416E7	2421.95
784.583	1	1.39984E8	2069.58
526.906	1	4.61917E7	888.524
793.398	1	6.65367E7	1163.14
869.35	1	2.82982E7	3126.03
1186.34	1	1.09789E8	2574.32
1104.06	1	1.13439E8	2361.72
391.743	1	5.18236E7	2930.14
1189.34	1	1.163E8	2359.22
870.127	1	1.47193E8	2571.88
614.63	1	2.94968E7	1160.03
810.874	1	7.50966E7	2026.72
973.415	1	8.75483E7	2533.35
587.296	1	4.39782E7	934.123
392.212	1	3.03157E7	1874.24
1196.81	1	2.05024E7	1011.46
1244.07	1	7.68421E7	1985.15
872.095	1	5.39864E7	98.9072
625.295	1	1.07244E8	4094.84
1237.39	1	2.78834E7	1972.41
854.408	1	1.45554E8	1957.62
391.721	1	3.93539E7	3200.27
946.594	1	1.09548E8	1877.46
864.746	1	2.94952E7	900.049
970.346	1	1.35582E8	2371.07
524.022	1	7.71533E7	1521.75
648.374	1	4.87375E7	2569.19
887.624	1	9.87767E7	1564.25
632.773	1	1.26096E8	1491.32
419.924	1	7.19885E7	1102.89
1215.93	1	1.32802E8	2393.48
357.599	1	1.20393E8	4111.69
974.948	1	7.15766E7	1415.07
1181.81	1	8.35446E7	2357.82
856.355	1	4.03843E7	1873.14
801.329	1	1.52049E8	4112.58
391.781	1	5.20104E7	2832.93
960.495	1	1.97646E8	2126.08
1491.15	1	4.30351E7	2531.48
507.109	1	6.59638E7	1268.32
650.881	1	6.0848E7	2242.87
806.064	1	9.24346E7	1366.67
551.579	1	1.02158E8	1395.11
391.872	1	5.27246E7	2721.86
1031.66	1	9.71924E7	2591.38
1061.69	1	2.71827E7	2344.21
931.237	1	8.98627E7	1129.81
829.427	1	1.12289E8	1820.55
681.574	1	1.41496E8	4127.9
904.526	1	6.88078E7	1236.94
924.492	1	2.08328E8	1991.6
1252.38	1	6.7051E7	1814.44
1080.1	1	1.33765E8	2008.51
709.573	1	9.19402E7	1701.57
1122.54	1	1.05765E8	2127.17
957.527	1	1.44174E8	2235.98
867.067	1	1.11045E8	2220.98
1214.64	1	5.69719E7	1694.35
750.955	1	1.17613E8	1479.72
732.846	1	1.35277E8	4121.09
392.02	1	4.06662E7	2044.11
644.177	1	1.30273E8	4099.47
802.882	1	1.01773E8	2028.66
1118.18	1	1.40292E8	1905.97
634.056	1	4.17354E7	4119.04
391.627	1	3.69003E7	3045.08
553.929	1	7.66031E7	99.6738
1040.94	1	1.85228E8	1931.26
724.495	1	9.63594E7	1336.94
1066.53	1	2.2943E7	3046.13
448.107	1	5.95E7	1554.18
915.586	1	8.99914E7	1989.63
611.578	1	9.79436E7	1365.36
1001.07	1	2.23959E8	1993.52
903.569	1	3.86471E7	2860.27
722.692	1	7.18335E7	1972.98
392.872	1	1.13316E7	2007.9
912.275	1	3.33659E7	1990.74
567.786	1	8.35747E7	1985.82
917.214	1	6.35589E7	1152.54
940.994	1	4.95821E7	1895.74
684.884	1	5.42649E7	1607.01
1073.64	1	9.53966E7	2028.94
714.719	1	9.76911E7	1911.65
551.974	1	1.72509E8	4117.74
1192.73	1	6.40855E7	98.0106
391.719	1	2.89179E7	3128.9
666.992	1	4.03652E7	4200.87
1123.2	1	1.08459E8	2602.67
835.838	1	1.11444E8	2448.49
764.057	1	6.51176E7	1607.99
918.034	1	1.2162E8	1665.57
352.716	1	5.74796E7	4136.14
687.3	1	1.2144E8	1771.24
391.534	1	2.66885E7	3746.46
469.262	1	1.51425E8	4122.95
603.642	1	5.40831E7	1254.84
822.539	1	6.13566E7	98.3576
912.864	1	1.16246E8	1497.32
708.882	1	2.49363E7	104.117
1026.7	1	1.32443E8	2368.41
1161.9	1	1.20748E8	2352.08
681.659	1	3.54475E7	886.226
641.15	1	9.40142E7	1657.68
1323.98	1	6.67592E7	2380.57
597.991	1	4.27132E7	867.119
903.531	1	1.52009E8	1862.16
1288.15	1	4.9959E7	1501.96
828.817	1	8.52562E7	2599.88
1055.17	1	1.2221E8	2108.43
1053.84	1	1.47715E8	1995.6
817.553	1	3.74279E7	102.884
891.437	1	1.65914E8	2376.11
1310.48	1	8.35981E7	1987.9
392.494	1	6929500.0	2775.63
729.586	1	7.06086E7	2383.85
827.42	1	1.11316E8	1712.22
925.503	1	1.57988E8	1818.92
431.851	1	1.27616E8	4122.98
802.085	1	1.47239E8	1968.54
890.964	1	1.15848E8	1813.54
702.054	1	7.25431E7	1125.26
714.413	1	6.84357E7	2391.74
729.482	1	1.03794E8	2111.16
1150.85	1	9.26719E7	2109.73
814.15	1	8.08876E7	2505.78
585.7	1	1.16197E8	1984.32
1186.0	1	5.70539E7	2496.49
1218.54	1	1.05019E8	2056.53
882.846	1	6.27616E7	2405.59
925.983	1	4.36715E7	1156.02
1148.29	1	7.05984E7	1668.51
599.971	1	2.22988E7	1966.44
517.833	1	5.66851E7	1455.71
677.922	1	5.90956E7	1603.68
445.628	1	4.86576E7	1064.37
856.539	1	9.70653E7	2088.34
1202.21	1	9.68638E7	2030.17
884.146	1	4.08217E7	1611.06
770.137	1	5.4326E7	1419.09
348.399	1	3.38743E7	1648.17
393.138	1	2.4067E7	2662.08
907.992	1	4.17725E7	1145.15
1134.23	1	1.11278E8	1807.34
812.248	1	7.47255E7	1638.08
940.474	1	1.16982E8	2123.9
407.208	1	3.6956E7	1645.94
1004.83	1	8.35349E7	2686.82
863.679	1	5.76924E7	2591.82
958.873	1	1.06913E8	2415.3
313.461	1	1.0227E8	4115.58
879.545	1	3.49068E7	932.761
867.359	1	7.72726E7	2401.48
578.84	1	4.3367E7	1400.09
905.179	1	1.27694E8	1663.95
705.341	1	1.20125E8	1801.82
709.202	1	1.3748E8	4142.98
1152.68	1	7.36817E7	2349.4
1223.47	1	4.48797E7	1157.69
1004.0	1	2.77318E7	3516.45
830.161	1	8.6858E7	2513.38
446.813	1	1.91129E8	4131.06
533.203	1	9.8812E7	4113.53
612.761	1	3.37336E7	4073.33
391.529	1	4.08655E7	3306.13
884.323	1	3.66949E7	1150.07
929.209	1	1.34734E8	1903.74
987.743	1	1.30471E8	2034.33
1208.07	1	9.56252E7	1968.08
923.223	1	9.55085E7	1459.64
510.992	1	1.05016E8	4118.87
876.464	1	1.41193E8	2119.73
820.066	1	1.53391E8	4137.13
783.862	1	1.4865E8	1964.4
1222.82	1	4.16573E7	1049.27
370.798	1	9.30716E7	4158.81
1223.39	1	4.90907E7	1262.25
1014.51	1	1.01548E8	1969.2
669.505	1	1.09639E8	1370.47
854.408	1	1.2206E8	1565.28
488.778	1	7.90398E7	1260.95
1017.73	1	8.48037E7	2402.76
906.838	1	8.473E7	1567.68
796.617	1	6.51276E7	1802.27
742.107	1	1.5343E8	1993.74
391.934	1	3.77443E7	3415.0
1194.37	1	5.62239E7	1800.25
1076.96	1	1.08544E8	2126.31
693.723	1	2.77617E7	961.44
777.493	1	1.4565E8	4134.8
1222.84	1	2.32394E7	963.782
597.51	1	7.08081E7	2138.08
707.358	1	1.0496E8	1560.68
1125.11	1	8.53767E7	2355.9
417.199	1	7.72326E7	4174.81
1033.02	1	1.71976E8	2114.58
370.412	1	4.05548E7	4073.55
1222.53	1	3.10919E7	883.27
955.248	1	1.36273E8	2583.29
901.599	1	1.4381E8	2221.06
996.034	1	1.74765E8	1847.57
1029.2	1	7.61357E7	2472.83
883.643	1	3.38267E7	1792.32
1225.01	1	8.1575E7	2137.35
787.155	1	4.0223E7	1401.68
632.839	1	1.08175E8	1974.83
336.319	1	2.6731E7	4123.24
984.352	1	1.15779E8	1788.99
1018.59	1	1.62649E8	2193.34
491.502	1	1.46141E8	4118.05
964.116	1	6.46568E7	2332.67
899.766	1	1.15385E8	1726.82
929.723	1	1.39191E8	2195.59
490.677	1	4.12146E7	4188.73
860.615	1	7.45782E7	2671.65
1224.89	1	9.28894E7	4120.73
1092.11	1	1.30396E8	1976.83
667.287	1	4.41056E7	1566.63
1143.57	1	1.38754E8	2372.59
388.426	1	1.66999E7	3345.4
931.925	1	8.13592E7	1365.9
851.305	1	1.11718E8	2220.93
936.4	1	9.01126E7	1631.15
995.039	1	5.70251E7	1918.22
1238.84	1	1.03061E8	2117.77
971.669	1	1.66715E8	2112.3
1223.84	1	2.53098E7	4045.97
1183.27	1	6.71101E7	2143.51
778.135	1	1.23641E8	1815.4
828.201	1	1.01622E8	2363.71
960.255	1	8.43963E7	1519.8
675.101	1	7.17757E7	4159.52
1004.03	1	1.2489E8	2585.28
412.458	1	4.86999E7	1134.85
1182.36	1	3.36018E7	2615.76
534.723	1	5.75846E7	1572.57
849.618	1	8.06026E7	1332.85
825.2	1	1.05053E8	1570.7
1223.37	1	4.59313E7	1368.1
880.73	1	1.07665E8	1478.31
1065.78	1	8.75889E7	2008.13
965.639	1	3.61516E7	1754.56
942.645	1	5.73738E7	1531.87
628.728	1	8.7783E7	1862.03
723.755	1	6.25153E7	4118.68
742.317	1	1.34616E8	1508.82
1033.09	1	3.79716E7	2872.45
902.764	1	1.37225E7	1174.35
907.879	1	1.61149E8	2385.01
942.516	1	9.73024E7	2578.46
358.774	1	4.09075E7	1039.24
1007.07	1	3.01146E7	1937.8
846.623	1	2.69996E7	2977.75
639.894	1	5.89218E7	2343.01
629.945	1	4.39897E7	2642.58
791.58	1	8.51761E7	2211.24
1071.06	1	7.86461E7	2611.96
703.351	1	9.78355E7	1317.64
705.509	1	5.63734E7	1987.45
423.113	1	3.91207E7	1421.07
613.756	1	7.97554E7	1666.56
864.678	1	2.20841E7	3152.68
907.197	1	7.80708E7	1334.27
1222.5	1	2.64685E7	679.609
681.788	1	8.54206E7	1472.23
1324.13	1	7.08153E7	1906.84
788.479	1	6.10004E7	2151.34
388.453	1	2.39938E7	626.023
881.876	1	5.17385E7	1968.17
581.643	1	9.60113E7	1297.93
1209.1	1	4.15871E7	1799.14
982.716	1	7.74581E7	99.1344
658.706	1	7.61348E7	1170.65
1082.24	1	2.66304E7	3035.84
1028.17	1	7.92632E7	2287.72
1279.94	1	4.04952E7	1577.2
1035.45	1	1.34932E8	2212.05
987.203	1	1.41636E8	2343.35
1310.87	1	2.69689E7	2910.3
1421.75	1	2.7148E7	1156.13
749.996	1	6.70368E7	2129.15
657.156	1	6.92433E7	1327.0
882.53	1	6.39359E7	2629.92
336.008	1	2.2852E7	112.777
945.918	1	8.45063E7	2220.61
1181.55	1	5.64894E7	1687.87
961.53	1	1.83138E8	1911.93
1129.78	1	9.04222E7	1860.34
1150.67	1	1.06753E8	1808.9
913.592	1	1.01133E8	2069.34
475.843	1	8.73452E7	1337.05
1297.18	1	6.94289E7	1928.48
427.446	1	3.44822E7	1271.1
1222.64	1	1.53978E7	815.591
543.794	1	5.65637E7	4117.93
353.219	1	3.17167E7	981.714
865.782	1	9.33221E7	1507.64
650.132	1	3.96368E7	1309.23
460.382	1	4.77717E7	4101.95
447.041	1	6.0413E7	102.419
568.524	1	4.58317E7	4105.72
768.75	1	4.57316E7	1802.22
621.25	1	3.56341E7	1848.78
1225.34	1	8.06124E7	2654.83
922.87	1	4.83177E7	2222.46
756.199	1	7.4601E7	1564.81
605.983	1	8.6436E7	1770.36
774.186	1	6.75774E7	2087.65
608.581	1	2.00406E7	758.223
901.071	1	4.40942E7	1932.66
1088.71	1	1.45426E8	2335.27
1239.15	1	4.88019E7	1719.71
822.987	1	4.5101E7	2619.81
1297.94	1	5.85055E7	2237.15
647.69	1	4.49289E7	1263.49
1082.92	1	6.34538E7	1344.51
980.203	1	7.34323E7	1971.13
980.165	1	7.72053E7	2266.08
617.956	1	4.77901E7	1016.26
1074.97	1	1.00125E8	1817.66
937.43	1	1.25461E8	2402.84
356.739	1	2.52746E7	4204.11
1048.66	1	4.87642E7	2112.84
595.42	1	8.08688E7	1248.92
796.661	1	5.56587E7	1301.32
790.816	1	1.082E8	4158.65
1223.81	1	4.30896E7	4199.58
844.176	1	5.39134E7	2010.41
1250.63	1	6.36395E7	99.1123
941.743	1	1.37842E8	2038.68
1308.23	1	5.72239E7	2138.43
1201.96	1	4.9695E7	1496.06
844.84	1	1.55073E8	4136.99
1091.54	1	4.57348E7	2273.33
701.296	1	1.10993E8	1411.04
1325.22	1	5.74776E7	2236.77
532.294	1	6.70557E7	1075.81
1222.61	1	5325210.0	1105.83
1120.92	1	2.14207E7	1849.04
952.67	1	5.32804E7	2084.62
983.81	1	4.8665E7	1153.51
1332.63	1	3.04415E7	2863.58
559.376	1	3.58391E7	2019.2
1142.97	1	5.33226E7	1599.13
803.419	1	4.91738E7	1712.3
917.392	1	5.09271E7	2240.57
1167.55	1	6.53198E7	2248.16
877.482	1	6.84832E7	1869.67
998.766	1	2.39346E7	2704.01
1035.13	1	6.89819E7	101.223
1058.14	1	5.36468E7	2389.13
760.402	1	6.0613E7	2574.92
971.785	1	1.01422E8	2230.59
684.221	1	1.09303E8	1287.64
527.159	1	1.49627E7	553.009
1222.36	1	2.7038E7	475.941
1069.4	1	1.29627E8	1891.88
894.151	1	5.20358E7	1923.06
974.867	1	5.59684E7	1992.72
608.424	1	2.02525E7	1656.16
857.267	1	4.35143E7	2564.75
1222.5	1	2.31353E7	591.15
828.367	1	8.2075E7	1943.33
1391.36	1	5.73424E7	2377.4
953.24	1	9028110.0	1889.23
791.323	1	1.12127E8	1486.18
941.293	1	4.05113E7	1968.93
1260.4	1	7.86831E7	2123.37
587.746	1	2.05462E7	4102.77
431.686	1	4.60134E7	1576.77
1222.34	1	2.54944E7	4843.22
1313.21	1	6.05643E7	2642.08
429.666	1	5.36046E7	4184.73
853.473	1	5.10599E7	2578.8
821.282	1	5.87054E7	2788.55
878.905	1	6.14125E7	2001.66
1222.62	1	1.6867E7	755.086
773.006	1	1.15354E8	2200.05
675.272	1	3.15771E7	2013.17
1224.62	1	4.90316E7	2572.46
766.477	1	1.01653E8	4126.82
772.229	1	8.33005E7	1993.29
1222.33	1	2.35898E7	270.65
1207.39	1	5.29999E7	2360.17
794.19	1	5.88569E7	2014.33
935.952	1	2.75794E7	2561.48
970.975	1	3.25435E7	1994.05
1023.06	1	5.45476E7	2829.28
661.329	1	1.30917E8	1785.28
671.9	1	2.35352E7	1321.02
1089.71	1	8.47826E7	2599.41
811.42	1	6.08675E7	4122.63
1355.62	1	7.71697E7	1983.64
741.966	1	5.23712E7	2092.54
801.306	1	3.31046E7	2418.69
654.525	1	5.65978E7	2341.44
679.574	1	3.11971E7	1194.14
1023.0	1	8.60693E7	2576.37
1010.26	1	8.26818E7	2493.26
1222.42	1	2.12179E7	387.06
622.993	1	7.08882E7	1987.07
942.771	1	6.15418E7	1754.48
1050.82	1	8.58809E7	4166.54
737.751	1	5.73508E7	1873.2
585.156	1	5.68957E7	1542.8
702.553	1	5.05015E7	4123.92
1222.35	1	1.58156E7	195.788
699.746	1	8.21911E7	2107.39
758.079	1	1.54513E8	1992.91
934.959	1	5.99854E7	1980.21
1090.1	1	4.12132E7	2204.69
1161.7	1	4.99981E7	2206.77
1222.36	1	1.75344E7	4758.4
854.703	1	3.43269E7	1491.95
1202.14	1	7.45203E7	1891.11
838.392	1	7.56464E7	2010.96
404.231	1	7.43902E7	4176.23
1223.7	1	2.91236E7	124.828
392.462	1	7491220.0	2993.07
681.505	1	5.76234E7	1115.17
977.72	1	2.66357E7	2338.44
832.99	1	1.15433E8	4141.62
807.465	1	1.10205E8	1901.77
476.584	1	5.13394E7	4191.07
471.762	1	3.77365E7	1394.66
1225.06	1	5.17553E7	1578.53
1211.03	1	4.85322E7	2689.06
1222.52	1	8791240.0	332.25
1175.19	1	3.15111E7	1710.59
1087.46	1	6.14355E7	2531.49
616.181	1	6.47733E7	1911.95
305.874	1	4.37431E7	4114.84
958.149	1	3.2806E7	2343.51
533.823	1	5.37472E7	1789.64
974.694	1	2.62068E7	2303.28
866.915	1	1.26039E8	2028.96
1222.39	1	2.42919E7	4622.43
1222.84	1	2.74754E7	63.0721
908.562	1	7.86193E7	2468.83
786.153	1	1.99878E7	4192.45
865.34	1	6.30771E7	2159.09
423.78	1	7.10576E7	4107.02
867.953	1	3.2232E7	2106.86
644.947	1	8.49053E7	1850.99
553.719	1	3.91141E7	4191.05
761.313	1	9.03928E7	2358.7
700.74	1	5.80443E7	1971.65
866.574	1	7.58964E7	1682.51
709.202	1	3.48739E7	2794.26
1495.51	1	2.46934E7	2642.77
1222.83	1	5089420.0	537.199
759.404	1	5.73137E7	4094.11
547.859	1	5.35615E7	1225.65
695.857	1	9.13775E7	1485.56
725.831	1	4.21691E7	2331.41
766.286	1	3.95286E7	2088.98
703.579	1	3.20533E7	883.941
524.55	1	1.08279E8	4136.13
503.556	1	5.80298E7	4112.12
1222.41	1	2.8362E7	4948.32
778.803	1	7.2404E7	1248.46
665.777	1	5.6852E7	4075.89
1094.69	1	7.20732E7	1686.56
1056.23	1	1.43538E8	1841.7
1219.41	1	2.86442E7	2642.08
731.906	1	4.15478E7	1781.03
1222.34	1	1.73692E7	4538.58
615.389	1	5.53462E7	1997.58
658.291	1	7.02248E7	1854.87
842.254	1	8.69016E7	1561.03
1127.45	1	1.145E8	4120.63
1303.59	1	7.07836E7	2569.79
1275.57	1	5.58942E7	1961.77
1439.63	1	4.04738E7	2016.91
819.251	1	6.10563E7	2431.13
482.513	1	3.48211E7	4123.78
539.739	1	4.50438E7	1029.13
1143.46	1	2.4286E7	1800.32
591.562	1	3.09069E7	1140.21
1043.65	1	5.14644E7	2121.94
764.76	1	6.174E7	1822.58
731.033	1	5.7481E7	4192.92
505.597	1	3.82047E7	1710.63
1176.28	1	8.7013E7	4134.85
1009.85	1	6.08985E7	2117.07
1307.67	1	1.74665E7	2972.56
1133.28	1	1.03111E8	2566.75
1222.34	1	1.63454E7	4469.87
813.028	1	7.4069E7	1558.51
566.739	1	2.59976E7	1939.08
1109.14	1	3.49088E7	2709.34
1070.01	1	2.52795E7	2107.7
667.854	1	8.90039E7	1480.34
576.154	1	9.9498E7	1791.26
726.87	1	1.16969E8	1862.1
715.611	1	4.45729E7	1849.83
982.482	1	1.12686E8	1872.63
1026.46	1	4.06978E7	2051.37
651.538	1	7.25374E7	2145.85
461.993	1	5.66375E7	4184.88
789.041	1	1.4076E7	550.551
924.97	1	9.02037E7	1267.78
586.715	1	6.28251E7	2103.65
464.89	1	8.84684E7	1228.89
1226.25	1	1.11022E8	1809.56
1020.63	1	1.39583E8	1839.45
479.449	1	2.64404E7	4109.67
946.732	1	9.20487E7	4177.17
989.204	1	2.16832E7	3046.77
962.648	1	1.36452E8	4133.61
709.532	1	4.28471E7	2354.48
1117.03	1	9.34607E7	101.742
737.411	1	5.70857E7	2195.14
1070.31	1	1.16557E8	2227.39
795.815	1	5.62568E7	1902.69
987.786	1	9.42403E7	2555.22
1057.83	1	7.89194E7	1927.18
974.886	1	4.35416E7	1898.68
604.867	1	2.67315E7	1668.32
533.722	1	7.37756E7	1988.5
1086.77	1	3.13578E7	2148.69
735.142	1	3.16738E7	2032.34
1221.91	1	2.99594E7	2978.44
516.221	1	7.09714E7	1356.67
647.779	1	1.08684E8	1769.01
579.467	1	1.56626E7	2720.08
1222.4	1	1.5532E7	4298.73
1047.47	1	1.26712E8	2355.43
718.786	1	4.70615E7	4113.91
1087.81	1	2.31681E7	1664.15
1006.33	1	1.01638E8	2282.51
1368.98	1	6.18621E7	1920.99
901.893	1	1.25224E7	1133.38
1110.86	1	9.73889E7	2624.78
1222.42	1	2.42651E7	5054.18
1245.19	1	2.46675E7	100.567
456.003	1	5.67492E7	1979.21
1222.73	1	1.49373E7	3574.78
932.826	1	4.36795E7	2112.74
1005.88	1	7.06319E7	4178.98
759.393	1	3.85518E7	1799.99
970.802	1	6.2086E7	1865.78
745.925	1	1.15462E8	4098.42
970.437	1	2.07415E7	2302.02
1128.05	1	8.81418E7	2221.91
823.912	1	7.53601E7	1892.55
702.312	1	3.11026E7	1683.03
531.301	1	4.64369E7	1162.04
764.841	1	7.81356E7	1917.56
892.901	1	5.47912E7	2578.56
972.349	1	4.80139E7	1244.69
1046.74	1	4.38671E7	2030.75
872.991	1	5.47323E7	1317.96
856.547	1	6.75825E7	1660.98
986.835	1	9.51277E7	1699.62
847.391	1	6.98616E7	1679.44
993.622	1	8.10105E7	1409.96
1325.57	1	4.29322E7	1579.66
964.655	1	2.8159E7	1841.81
1017.1	1	1.13889E8	4123.51
572.73	1	2.61448E7	921.02
1103.53	1	1.2225E8	1892.36
1227.99	1	8.59309E7	1950.08
814.454	1	4.12457E7	1957.48
694.161	1	1.20499E8	4130.48
740.446	1	5.97814E7	1577.07
868.139	1	1.16454E8	1797.8
1040.5	1	9.65739E7	2018.07
847.068	1	2.20357E7	1626.29
1193.05	1	8.29E7	4171.74
927.891	1	1.33758E8	4150.79
843.64	1	1.18514E8	2361.67
1064.22	1	6.09858E7	2093.8
1141.42	1	6.50934E7	2670.88
1481.46	1	3.9919E7	2011.97
1138.96	1	7.12423E7	4185.27
822.513	1	4.40884E7	1824.66
1187.71	1	4.48539E7	1389.54
980.383	1	2.2798E7	1761.25
1218.42	1	2.37636E7	4175.35
858.647	1	1.06605E8	1767.23
883.599	1	1.25686E8	2225.02
694.963	1	6.93437E7	1676.75
668.059	1	2.25104E7	2868.46
629.553	1	9.44856E7	2109.1
658.796	1	3.90409E7	1065.74
928.003	1	4.96385E7	2804.7
750.553	1	4.98331E7	1594.93
940.989	1	4.00321E7	1470.75
1078.63	1	3.55416E7	1941.0
595.982	1	3.01692E7	1782.05
1042.78	1	1.12555E8	1804.76
719.044	1	8.96848E7	1664.07
862.043	1	4.49408E7	2353.86
606.631	1	5.27551E7	4123.72
656.725	1	1.112E8	1977.43
930.07	1	5.1592E7	2076.25
1327.1	1	1.71632E7	2836.67
937.271	1	2.13228E7	4180.57
851.567	1	8.66584E7	1796.11
478.081	1	6.03939E7	1249.48
1110.82	1	1.43611E8	1996.26
1089.1	1	3.22697E7	2062.6
923.786	1	5.47459E7	2101.19
926.959	1	1.09131E8	2343.31
1181.36	1	4.47603E7	2747.71
456.133	1	3.14551E7	1246.07
651.161	1	4.77397E7	1221.68
1256.11	1	6.7084E7	2600.87
1124.56	1	6.23391E7	2047.58
427.418	1	4.18784E7	4054.14
646.138	1	5.6655E7	2097.19
438.198	1	2.49941E7	1092.74
1222.45	1	4742100.0	5.47016
1425.35	1	3.70681E7	4187.73
861.981	1	5.26693E7	2808.85
1442.77	1	4.72105E7	2147.07
1102.02	1	3.75293E7	1991.34
416.926	1	3.2633E7	4097.89
419.646	1	2.59361E7	1901.15
1284.38	1	4.09092E7	2573.22
1140.1	1	8.0383E7	2031.47
802.115	1	5.38349E7	2270.01
642.706	1	3.32239E7	1491.78
1223.01	1	2.97554E7	1880.39
1222.41	1	1.16848E7	4699.68
1116.09	1	8.17952E7	2365.7
1370.5	1	6.75416E7	2369.14
878.173	1	5.1399E7	1561.18
774.625	1	8.7357E7	1566.45
490.815	1	6.38628E7	1370.08
940.722	1	6.80791E7	2286.64
501.922	1	6.37454E7	1806.66
953.457	1	2.8568E7	4112.37
948.664	1	4.24365E7	4098.65
712.623	1	1.10614E7	3049.02
707.213	1	5.07445E7	1895.89
1150.18	1	5.73194E7	2547.88
501.835	1	4.97529E7	1989.26
340.98	1	1.45518E7	72.1651
599.944	1	3.0525E7	1671.81
568.094	1	7.50584E7	1346.76
1027.06	1	1.46833E7	2215.46
1281.22	1	9.40568E7	2358.13
639.642	1	3.60289E7	1794.27
1006.4	1	4.24324E7	4110.89
860.446	1	1.49541E8	4125.68
847.196	1	4.90321E7	4070.35
704.813	1	1.79355E7	4199.69
953.858	1	3.01189E7	2173.56
1326.24	1	7.05688E7	4153.12
859.15	1	2.46691E7	2025.84
518.508	1	4.80048E7	1557.63
1165.9	1	7.07901E7	1978.17
1325.69	1	6.25238E7	2015.64
719.88	1	7.0574E7	1074.2
826.607	1	2.40202E7	2159.84
509.885	1	4.98967E7	1561.08
983.094	1	3.87734E7	2502.09
1001.17	1	1.94536E7	2640.27
829.471	1	2.49472E7	4194.74
678.283	1	7.84394E7	2366.47
1243.02	1	6.98065E7	1815.28
1117.34	1	9.15814E7	4144.89
866.743	1	3.63977E7	1243.82
1068.08	1	1.86418E7	1954.78
1272.75	1	5.0786E7	2226.76
877.709	1	4.17097E7	2913.71
891.737	1	1.25239E8	4151.91
1082.69	1	2.59792E7	2603.39
1024.79	1	3.21785E7	2501.86
388.46	1	2.0551E7	4088.12
672.623	1	1.36785E7	1188.91
1293.04	1	2.5611E7	2206.44
446.847	1	4.39244E7	1280.5
1322.87	1	2.85852E7	1112.27
1199.34	1	2.61493E7	1966.21
915.505	1	7.70672E7	1808.26
980.292	1	7.109E7	4185.07
565.766	1	4.72086E7	1506.69
792.685	1	2.7639E7	2061.7
400.696	1	1.11247E7	4137.17
976.624	1	4.58694E7	1680.89
1266.02	1	9.58335E7	4143.93
910.184	1	4.89455E7	2788.08
1285.12	1	6.16092E7	4173.5
601.583	1	4.79307E7	1017.87
1269.85	1	4.75783E7	2401.07
1316.26	1	3.64826E7	1886.74
441.891	1	2.3752E7	1581.02
1294.26	1	8.20301E7	4121.49
1021.72	1	6.15485E7	1908.94
748.361	1	7.6849E7	4182.96
792.885	1	2.20374E7	4088.08
910.621	1	2.19493E7	1795.99
1180.06	1	2.04047E7	2469.52
720.535	1	5.86949E7	2125.88
988.531	1	1.47989E7	1942.21
918.556	1	9.27922E7	2367.57
1292.08	1	4.40956E7	2692.76
1305.4	1	8.31144E7	2367.54
394.569	1	1.23829E7	150.97
504.778	1	7.90567E7	1442.03
442.988	1	2.48892E7	103.752
1000.51	1	8.21334E7	1687.25
1148.91	1	6.0095E7	1556.03
636.109	1	7.62825E7	1118.83
1183.58	1	1.27429E8	1989.89
1008.05	1	9.28309E7	1775.87
878.373	1	1.3615E8	4159.87
1323.37	1	2.10818E7	1035.86
999.185	1	5.83377E7	4119.39
648.081	1	4.89025E7	2008.0
482.211	1	4.08377E7	1136.67
903.07	1	4.87906E7	2117.26
764.836	1	6.38295E7	1481.88
937.902	1	2.22339E7	1906.51
354.635	1	3.84633E7	4053.78
948.716	1	2.76589E7	2128.35
680.293	1	8.28318E7	1808.69
857.743	1	3.80741E7	2342.33
1201.81	1	3.09215E7	2358.17
301.169	1	1.87633E7	4104.65
923.521	1	1.07018E7	2285.25
680.014	1	3.24607E7	1543.41
1004.47	1	5.08486E7	2108.24
550.104	1	1.57797E7	98.9252
970.852	1	9737190.0	1939.43
873.139	1	1.76371E7	1868.5
455.407	1	2.99921E7	4136.49
911.92	1	1.33125E8	4120.4
695.228	1	4.88111E7	1053.72
756.139	1	2.52937E7	1803.37
1175.07	1	4.00849E7	2359.98
710.09	1	3.66492E7	1497.92
579.271	1	3.02112E7	1221.87
656.378	1	5.43933E7	4170.49
1436.02	1	4.18472E7	2590.85
1066.77	1	1.15547E8	4159.73
933.595	1	7.76891E7	2666.94
911.437	1	6.12598E7	4192.94
581.6	1	5.25491E7	4188.7
467.83	1	4.18365E7	1978.79
1082.9	1	1.36288E8	4145.12
1455.83	1	5.68821E7	1987.18
850.647	1	5.03476E7	1881.35
533.743	1	2.64937E7	2368.08
1020.44	1	6.38628E7	4197.92
759.167	1	1.82825E7	1486.2
905.082	1	6.58488E7	2683.94
1263.17	1	6.23474E7	2047.71
1041.44	1	4.09508E7	4182.88
1121.78	1	4.61415E7	1150.91
1350.49	1	8.71166E7	2348.42
685.331	1	6.84451E7	1901.34
884.138	1	5.92662E7	2559.37
756.872	1	3.97506E7	1889.19
384.492	1	3.31707E7	4110.87
985.298	1	1.33718E8	2115.89
760.876	1	3.64746E7	4184.71
610.99	1	9.64513E7	1551.1
1405.44	1	6.23034E7	4171.52
671.739	1	5.19797E7	2047.79
1267.57	1	1.47396E7	1979.17
1135.44	1	2.80901E7	2368.45
919.514	1	3.02224E7	2141.91
395.961	1	1.92955E7	4193.41
951.201	1	3.97223E7	2378.04
912.429	1	3.23431E7	2312.98
1243.01	1	9.54331E7	2375.25
845.386	1	1.52178E7	1933.87
997.46	1	4.79402E7	1766.62
1124.62	1	5.02686E7	1346.5
604.123	1	2.75993E7	1917.61
386.756	1	2.24107E7	903.924
576.28	1	2.41996E7	1990.92
528.569	1	2.81775E7	981.154
633.271	1	5.94016E7	1747.85
658.518	1	3.25249E7	4098.78
997.969	1	7.09556E7	2121.23
872.034	1	4.94941E7	1600.61
1339.69	1	5.84776E7	4172.14
653.569	1	3.14602E7	4110.57
600.738	1	5.54427E7	4190.45
439.748	1	6.21645E7	1225.22
1113.75	1	3.15708E7	1827.68
1105.7	1	1.11846E8	4147.34
751.535	1	2.14336E7	2012.57
1253.47	1	6.25378E7	2222.26
622.745	1	2.38957E7	1778.25
365.948	1	2.4748E7	4124.68
967.443	1	7.73119E7	1607.0
533.735	1	9.21955E7	1261.58
819.705	1	3.31806E7	1219.88
1189.22	1	2.11298E7	104.486
857.223	1	1.75123E7	2719.76
344.836	1	4.58456E7	4063.1
715.297	1	4.95913E7	1335.55
1355.37	1	4.47301E7	2230.14
722.482	1	1.41703E7	4194.86
1385.14	1	3.08772E7	104.011
892.904	1	1.39769E7	2069.07
901.92	1	5.99177E7	4126.03
927.937	1	5.49508E7	1547.29
894.337	1	1.91648E7	1875.94
806.243	1	3.58099E7	2195.48
793.635	1	8.34535E7	2569.05
1454.61	1	5.308E7	2379.02
1127.7	1	4.29313E7	2507.04
827.136	1	2.05665E7	4093.15
786.556	1	6.70957E7	2504.38
767.321	1	4.38308E7	1348.27
1288.52	1	7.55247E7	2020.01
992.07	1	5.90109E7	4114.81
920.107	1	6.10349E7	1579.28
1296.66	1	3.23284E7	2577.01
1391.68	1	5.46622E7	2003.14
899.057	1	3.12465E7	2132.73
627.089	1	7.83685E7	1639.03
813.593	1	1.40311E7	2154.2
1095.07	1	4.79799E7	4189.08
1054.57	1	6.07528E7	1761.17
1160.62	1	1.12306E8	4138.34
1136.92	1	8.21135E7	2116.66
1250.75	1	6.60601E7	2119.34
622.457	1	1.31895E7	1484.67
442.272	1	4.11928E7	4195.28
585.479	1	4.29086E7	1467.93
587.196	1	3.02291E7	1105.52
801.569	1	1.58328E7	2205.69
1047.12	1	5.37457E7	4107.07
836.014	1	5.48467E7	1044.32
943.52	1	2.69304E7	2985.26
756.556	1	5.77927E7	1163.05
1322.74	1	2.1723E7	959.015
913.283	1	2.96425E7	2230.39
807.929	1	4.95852E7	2112.67
1093.3	1	8.94878E7	1789.37
462.453	1	1.97663E7	1130.5
957.756	1	1.02729E7	1962.77
923.098	1	1.49297E7	2054.5
1024.32	1	6.8315E7	1373.4
1233.45	1	4.28524E7	2363.7
522.093	1	4.16117E7	1987.47
1112.24	1	4.17254E7	2294.39
1387.44	1	4.45302E7	2203.72
725.533	1	1.09283E8	1460.07
1135.04	1	3.60658E7	2308.91
1264.22	1	1.85036E7	1972.83
579.037	1	3.10413E7	1498.89
414.871	1	3.93193E7	1371.48
1120.2	1	2.79715E7	1987.97
474.853	1	1.28976E7	2870.13
951.687	1	5.65215E7	1147.77
1389.35	1	4.72601E7	4174.01
1058.94	1	5.69802E7	2229.45
884.979	1	5.69001E7	2312.74
736.256	1	5.09416E7	2587.88
838.032	1	5.4924E7	1929.09
1117.95	1	3.79992E7	2217.84
1143.05	1	1.16297E8	4114.74
923.96	1	2.53279E7	1376.53
965.96	1	2.67739E7	2187.39
954.659	1	1.45395E7	2032.4
549.994	1	5.21088E7	1647.2
1170.62	1	3.21275E7	2359.99
1319.69	1	1.853E7	1978.93
1034.65	1	1.14866E7	2392.71
379.702	1	3.78006E7	4057.93
915.772	1	4.71442E7	1736.19
644.871	1	5.94841E7	1071.33
933.516	1	6.93364E7	1762.66
1175.5	1	4.90792E7	2128.38
1372.56	1	5.67458E7	2160.23
1156.75	1	6.29494E7	1997.14
834.237	1	5.83771E7	1156.32
793.745	1	9.03741E7	1670.22
958.087	1	5.83818E7	1260.98
392.107	1	1.12846E7	3966.6
620.467	1	5.15068E7	2333.45
459.992	1	2.90522E7	2202.14
1026.4	1	8035180.0	2426.37
1085.16	1	8.54305E7	2440.81
1225.97	1	5.29177E7	1471.95
516.115	1	2.14664E7	1978.04
1322.4	1	1.86403E7	4818.55
1055.26	1	7.0261E7	1454.97
1229.81	1	4.0001E7	2313.08
1080.72	1	5.4742E7	2356.36
941.828	1	1.02174E7	2181.92
1436.88	1	3.91652E7	2404.67
1198.03	1	3.37075E7	2355.21
1123.64	1	6.78496E7	1568.08
1085.55	1	2.50793E7	2233.37
695.878	1	1.84566E7	864.499
1170.35	1	3.56337E7	2143.1
904.136	1	2.81212E7	1794.51
1294.92	1	6.64179E7	1808.84
1077.26	1	2.64008E7	2300.51
986.279	1	3.84477E7	2767.03
1224.89	1	4.63637E7	2360.38
1193.32	1	3.68345E7	2031.33
838.854	1	8.85921E7	2204.94
823.494	1	2.48088E7	2516.64
1477.12	1	7919370.0	1981.55
757.324	1	5.82681E7	1412.98
950.464	1	1.36609E7	2036.43
1008.81	1	4.94817E7	2206.46
1497.35	1	1.98958E7	2386.77
549.289	1	6.28962E7	1982.26
1028.74	1	5.9682E7	2698.32
427.381	1	5.44376E7	1033.63
1218.32	1	2.60047E7	4111.32
642.831	1	5.4252E7	1940.83
700.279	1	2.89907E7	2039.08
1128.86	1	6.30141E7	2681.82
1105.59	1	1.05722E8	2116.7
1324.07	1	4.63022E7	1346.98
999.282	1	5.11202E7	2208.31
1073.49	1	7.76869E7	1570.67
939.77	1	7.05911E7	4104.1
932.533	1	6.14463E7	2504.18
1323.24	1	3.74427E7	1225.59
645.343	1	4.52825E7	1371.33
846.22	1	2.70798E7	1806.68
823.463	1	5.1881E7	1653.62
659.432	1	6.97879E7	1569.34
1014.91	1	9941300.0	1900.1
551.04	1	4.96702E7	2106.95
852.485	1	1.76958E7	1735.98
802.55	1	2.00625E7	1644.44
906.603	1	3.48199E7	2301.88
785.246	1	1.1185E7	1637.55
767.786	1	4.92645E7	2248.62
1125.14	1	2.15355E7	1089.35
1026.28	1	3.4419E7	1570.06
754.606	1	1.91203E7	2591.11
1024.29	1	2.92967E7	2749.29
837.385	1	2.36645E7	2091.98
900.017	1	2.89467E7	1568.85
818.607	1	2.46935E7	2372.17
788.503	1	2.31294E7	4087.16
844.35	1	5.50167E7	1384.5
1153.91	1	4.12345E7	2227.59
870.19	1	2.43281E7	4193.41
986.493	1	3.895E7	4124.65
750.241	1	1.89944E7	1145.26
729.189	1	9.3584E7	1556.79
1210.52	1	2.87876E7	2219.2
809.482	1	5.59004E7	4191.55
829.001	1	4.98849E7	2296.18
878.823	1	2.37296E7	1795.59
1133.52	1	1.46383E7	2024.47
727.201	1	2.24899E7	1778.83
1108.22	1	1.58174E7	1844.2
1110.19	1	6.07879E7	2216.78
983.576	1	8.15857E7	1573.89
1333.78	1	6.7001E7	2343.02
925.773	1	5.95391E7	4079.63
607.815	1	4.1229E7	2335.54
555.749	1	5.22006E7	1559.82
1272.02	1	2.98122E7	2130.16
713.256	1	4.88444E7	1386.8
698.627	1	5.50427E7	1901.31
650.291	1	2.85925E7	4186.31
1205.61	1	4.41945E7	1715.38
921.863	1	2.21635E7	4193.55
1213.52	1	4.34109E7	4125.87
398.078	1	3403100.0	4146.8
1010.39	1	4.47148E7	2400.84
851.503	1	3.99877E7	2637.65
904.582	1	4.50572E7	1418.58
1014.61	1	3020290.0	1828.06
1439.25	1	3.44318E7	2347.19
759.039	1	6.29058E7	2101.2
950.88	1	6.25081E7	2675.93
439.246	1	1.7392E7	4111.27
875.724	1	1.1484E7	1797.97
1059.99	1	5.38968E7	4097.62
908.538	1	1.30811E7	1945.1
1247.11	1	4.67448E7	2318.44
1038.8	1	2.78909E7	1858.51
944.845	1	5.38097E7	1404.32
1034.63	1	4.39768E7	4171.39
799.565	1	6.26976E7	1057.5
1037.52	1	4.5837E7	4109.02
592.259	1	1.57007E7	4191.82
1044.76	1	3.39366E7	1157.02
1015.15	1	4.86649E7	2343.1
823.412	1	3.49571E7	1138.91
961.84	1	2.75446E7	1800.06
1050.31	1	9.5437E7	2229.97
998.231	1	4.32169E7	1109.92
1201.17	1	5.91014E7	2122.17
828.67	1	1.02877E8	1488.89
693.946	1	2.19873E7	1878.11
787.379	1	4.94202E7	1893.77
560.798	1	6.88413E7	1041.19
720.577	1	1.775E7	2348.7
422.114	1	1.95064E7	984.183
896.445	1	9.27716E7	2275.49
1138.65	1	3.7996E7	1485.47
890.508	1	7.34452E7	1445.6
993.823	1	5.03141E7	4192.18
1375.14	1	5.27853E7	4175.5
715.301	1	4.65707E7	2089.53
1337.98	1	4.0349E7	2473.24
1215.82	1	4.35991E7	1899.22
860.764	1	4.25612E7	4200.47
1114.96	1	2.40705E7	2124.82
689.956	1	7.29348E7	2085.69
800.544	1	6971840.0	2081.68
853.687	1	2.16225E7	4183.92
1292.32	1	2.5284E7	2561.13
882.187	1	2.46089E7	2063.25
624.089	1	9.20456E7	1286.58
734.917	1	5.31266E7	1695.74
873.09	1	4.30372E7	2295.21
750.817	1	1.10288E7	2072.24
1279.3	1	2.60573E7	102.819
1362.54	1	6.53841E7	4126.06
977.46	1	2.84726E7	2463.46
917.015	1	5.80097E7	2624.12
937.533	1	2.15234E7	1843.7
353.068	1	9696170.0	4221.56
1400.95	1	5.40459E7	1968.49
515.875	1	6.41063E7	1803.16
366.323	1	2.11904E7	4052.89
820.039	1	3.69316E7	1465.56
1023.31	1	9931230.0	2006.94
977.209	1	1.92298E7	103.782
1280.04	1	6.14459E7	2095.8
1199.57	1	4.97075E7	2280.15
973.746	1	2.25792E7	2455.63
1322.56	1	2.3243E7	647.127
1067.43	1	3.00266E7	1781.55
1322.44	1	2.05064E7	5034.05
1451.88	1	5.27326E7	4172.44
1145.8	1	7.08475E7	1970.11
480.523	1	5.90862E7	1655.54
751.664	1	4.31184E7	1055.1
859.101	1	4.03688E7	1241.23
700.828	1	3.71974E7	1598.9
1099.56	1	8805400.0	2167.56
852.151	1	4.70221E7	2325.53
1170.96	1	3.7263E7	4178.16
785.438	1	9427150.0	4118.63
952.432	1	2.95607E7	1481.11
1252.06	1	6.56657E7	4184.54
510.734	1	3.89679E7	4192.24
972.472	1	2.09225E7	4195.04
697.75	1	2.91086E7	1785.41
1046.82	1	2.76294E7	2275.7
1407.55	1	3.9223E7	2218.07
723.255	1	3.19953E7	1247.5
751.321	1	2.33947E7	1304.72
774.977	1	4.60245E7	1891.37
520.575	1	6.40349E7	1272.42
492.184	1	6.53595E7	1089.32
667.887	1	1.69238E7	1856.09
1323.99	1	3.10447E7	1490.51
971.998	1	5.08629E7	2706.52
476.533	1	2.3863E7	1152.13
516.856	1	6.48613E7	1160.75
1170.89	1	9.50653E7	2600.21
1201.02	1	7.80949E7	4121.3
1206.43	1	7.9432E7	2507.98
382.194	1	2.7603E7	4166.49
1049.97	1	2.53452E7	1910.5
1264.38	1	2.62433E7	2521.97
1080.98	1	4.34004E7	2222.63
1188.34	1	5.23142E7	1817.32
1107.18	1	3.83356E7	2572.49
493.948	1	1.30951E7	1977.24
949.033	1	6.42481E7	1332.33
1322.48	1	2.18751E7	344.43
1049.44	1	1.03665E8	1565.82
524.249	1	1.55092E7	968.26
1164.02	1	8.72911E7	1872.72
481.247	1	2.66849E7	744.07
1122.78	1	3.36823E7	2472.1
757.816	1	7.07816E7	1720.19
1110.93	1	1.6833E7	96.0127
1322.61	1	2.31291E7	796.986
710.739	1	2.51592E7	1077.0
750.118	1	3.48133E7	1726.06
1156.03	1	4.19004E7	1907.13
888.989	1	4.86546E7	2827.49
948.065	1	8.96385E7	2491.16
1322.5	1	2.02456E7	217.523
1165.78	1	5.53622E7	1575.3
748.897	1	5.8518E7	2374.91
978.773	1	6.29101E7	4115.41
878.245	1	9209710.0	1932.39
896.832	1	3.75645E7	4081.64
456.21	1	3.13823E7	4067.8
560.504	1	5.28711E7	1867.14
761.669	1	5.33011E7	2497.95
814.419	1	3.23184E7	1131.99
1223.33	1	1.37127E7	3497.45
1207.26	1	2.90123E7	1159.04
1324.08	1	3.8392E7	85.0009
1163.23	1	5.01559E7	2128.47
1156.5	1	6.22067E7	2481.83
1129.84	1	6.3776E7	1710.81
1325.65	1	5.60324E7	2131.68
1225.58	1	4.31856E7	2844.85
818.773	1	4.20798E7	1769.5
754.204	1	2.90278E7	4077.72
972.736	1	2.17613E7	4120.22
1095.39	1	5.53953E7	4112.85
1093.7	1	1.10457E7	1741.04
1144.58	1	5.43672E7	1899.44
1289.93	1	1.47546E7	1964.27
732.383	1	4.35602E7	1089.41
923.444	1	6.50159E7	2459.13
844.913	1	2.06367E7	1748.76
1256.06	1	4.02645E7	2010.43
836.985	1	4.73999E7	1320.08
435.14	1	6.81759E7	1365.7
789.363	1	4.76734E7	1824.92
1139.2	1	3.50084E7	2954.03
730.627	1	4.21802E7	1013.57
1425.22	1	6.01724E7	2353.67
1123.41	1	2.69849E7	1753.8
747.465	1	4.05918E7	2632.02
727.356	1	1.2298E7	1722.47
1195.27	1	1.234E7	1969.11
908.521	1	1.42453E7	1740.55
813.063	1	3.56569E7	2697.49
1143.7	1	4.80193E7	2518.29
1322.95	1	1.25056E7	723.802
761.982	1	1.8182E7	1353.69
1222.17	1	1.50196E7	1525.86
1322.49	1	2.09163E7	474.163
826.154	1	2.22302E7	4057.35
558.838	1	5.40713E7	4075.3
1124.2	1	4.08004E7	1245.76
1328.28	1	4.07952E7	1824.61
1019.5	1	8590440.0	2777.2
839.372	1	4.83115E7	1773.79
1283.24	1	4.39204E7	1819.73
1322.49	1	1.95586E7	4663.53
1322.47	1	1.77985E7	4535.58
995.475	1	3.61204E7	2285.81
1156.95	1	2.37083E7	4197.37
1085.18	1	9457550.0	1909.57
893.208	1	2.34163E7	1759.03
1224.23	1	3.6226E7	2755.11
1489.68	1	2.56713E7	2649.55
956.338	1	2.18556E7	1661.12
1206.67	1	3.75349E7	2639.04
874.638	1	6.04576E7	4098.35
1404.29	1	4.20937E7	1814.66
1424.69	1	2.50622E7	1575.68
961.021	1	1.36014E7	2071.66
809.809	1	7.62872E7	2610.6
486.386	1	4.83893E7	898.895
548.455	1	1.64926E7	4192.79
594.964	1	1.28639E7	1961.17
1085.87	1	1.35075E7	4217.92
1323.01	1	1.96831E7	881.412
428.139	1	2.4895E7	638.736
1030.91	1	2.37288E7	4121.93
493.086	1	3.51903E7	4057.52
947.185	1	2.73108E7	2381.44
674.018	1	3.24536E7	1754.85
895.827	1	2.2104E7	1568.54
1465.25	1	3.74351E7	99.9757
1021.12	1	4.18376E7	2644.3
1028.3	1	7.03986E7	1678.8
1222.72	1	1.34494E7	3713.01
898.408	1	2.01913E7	1117.56
1178.12	1	2.83806E7	2218.34
689.54	1	3.59117E7	4064.32
1459.96	1	2.09102E7	98.9186
1414.84	1	3.88759E7	2396.33
329.568	1	1.76335E7	2908.76
501.364	1	3.11649E7	101.71
1255.02	1	4.74009E7	4117.89
1124.57	1	1.97062E7	4045.38
780.261	1	3.18751E7	1678.17
998.476	1	5.2316E7	1562.47
721.396	1	5.11089E7	1773.7
999.523	1	5.43464E7	1496.46
864.608	1	4.19851E7	1603.03
1301.96	1	4.47924E7	98.9977
1192.64	1	1.91474E7	1950.31
770.49	1	2.83253E7	1192.86
923.158	1	1.02801E7	1324.2
719.974	1	4.08472E7	1555.38
604.497	1	2.58792E7	1578.89
1148.66	1	2.12264E7	2231.43
997.859	1	7.1741E7	2484.5
904.404	1	1.55034E7	4208.29
1154.29	1	3.01868E7	2056.76
926.456	1	1.65481E7	2543.0
1318.65	1	8288630.0	1481.23
1123.01	1	2.80909E7	957.733
949.624	1	5.94462E7	1665.59
815.028	1	2.72111E7	1486.96
859.252	1	1.58416E7	2221.34
636.429	1	7.20111E7	1245.19
977.452	1	2.73881E7	4055.43
1194.13	1	2.09022E7	1499.88
740.433	1	4.17693E7	2360.78
883.059	1	9805910.0	1741.85
614.156	1	5.84437E7	1482.44
1322.53	1	1.19247E7	4744.68
1322.78	1	8565600.0	152.486
635.407	1	3.57801E7	1577.71
1163.61	1	2.61327E7	2065.93
890.056	1	6.15149E7	1375.01
1218.07	1	1.33572E7	1388.81
742.597	1	4743510.0	4146.0
1147.02	1	3.17506E7	2302.76
1322.5	1	1.55778E7	560.077
386.169	1	3.01291E7	1294.73
1246.25	1	3.16485E7	4111.54
1007.42	1	6.20119E7	1317.05
1324.56	1	4.53399E7	4065.35
574.409	1	1.92766E7	1484.58
1000.34	1	1.73394E7	2054.97
417.131	1	2.15482E7	1017.66
934.034	1	1.3712E7	1845.02
755.623	1	8977850.0	4152.35
869.068	1	1.6602E7	1863.72
1059.96	1	1.54848E7	4189.07
674.158	1	7.09766E7	2164.71
952.049	1	1.29697E7	1239.67
729.284	1	1.39364E7	2044.41
1422.84	1	1.51597E7	877.881
617.931	1	5.89804E7	2121.91
642.407	1	4.49777E7	2484.39
644.595	1	3.06059E7	4182.73
996.083	1	3.87032E7	2742.58
690.322	1	1.52654E7	1699.84
785.135	1	1.1453E7	4070.68
794.611	1	2.56417E7	1576.05
761.989	1	7896440.0	1673.27
832.587	1	1.30639E7	1770.24
1238.92	1	4.00931E7	1862.79
1041.98	1	6.58025E7	1684.24
471.704	1	3.91691E7	4060.99
1095.14	1	4.69765E7	2415.61
1014.76	1	3.71633E7	2618.15
1102.06	1	1.35152E7	1836.56
952.821	1	5.16041E7	2869.73
808.501	1	2.29146E7	2523.34
1022.71	1	2.38597E7	1557.61
1143.73	1	3.49364E7	2215.65
934.547	1	1.75774E7	4074.51
745.168	1	2.21366E7	1733.94
1103.49	1	2.06731E7	2291.72
1213.63	1	6.42185E7	2310.85
1323.41	1	1.8335E7	2312.57
1118.47	1	1.3862E7	1740.18
837.527	1	6.8254E7	1664.17
1351.11	1	6.92091E7	2558.67
1113.76	1	5.42427E7	2448.23
521.122	1	4.83461E7	1081.31
394.515	1	6204600.0	4872.09
520.546	1	2.80322E7	4181.6
848.451	1	2.27646E7	1274.61
1107.82	1	6.26623E7	1575.61
934.021	1	2.05839E7	1482.26
1034.83	1	2.93994E7	1810.97
747.927	1	1.49732E7	2574.41
1277.88	1	3.77377E7	2699.04
615.833	1	3.92005E7	1771.34
1145.17	1	4.21967E7	1729.14
942.374	1	1.44015E7	2355.96
1323.04	1	1.72625E7	4244.55
817.298	1	2.02997E7	1397.71
1082.57	1	1.27479E7	1776.92
1472.61	1	3.84933E7	4179.75
851.639	1	2.73438E7	1461.57
1014.93	1	2.688E7	4055.67
1053.98	1	7.10307E7	2620.11
1322.53	1	1.95749E7	4924.34
456.803	1	2.5326E7	1131.88
967.595	1	1.29712E7	4210.28
446.103	1	5.35212E7	863.059
802.045	1	1.72169E7	4200.76
1422.01	1	6.46048E7	1989.24
1361.61	1	5.3918E7	1820.84
627.577	1	1.01856E7	1226.6
1090.74	1	3.55274E7	1241.82
1317.95	1	2.80089E7	2338.41
637.365	1	2.31318E7	1886.81
968.773	1	2.142E7	1414.24
1234.74	1	1.21447E7	1802.6
674.422	1	5931590.0	1136.08
1213.75	1	1.90557E7	1355.03
745.089	1	7681730.0	1847.14
895.031	1	6.35271E7	1247.47
714.007	1	3.28037E7	1778.65
341.371	1	1.34469E7	3507.31
461.51	1	2.22448E7	1910.07
922.073	1	1.72934E7	1909.16
1044.12	1	6.55857E7	2649.2
1198.61	1	4.94443E7	2211.85
1039.44	1	4.57956E7	2791.42
1191.99	1	3.76773E7	1895.62
1138.28	1	3.41546E7	2231.6
1396.85	1	2.30293E7	1841.59
1033.35	1	3.67914E7	1912.64
564.178	1	5.67624E7	1408.6
846.257	1	1.85183E7	1481.84
1268.27	1	3.02035E7	2342.7
1170.35	1	6.43511E7	2457.39
968.171	1	5.4282E7	1141.27
1211.19	1	3.3283E7	4182.8
1193.96	1	4.59922E7	2445.54
1037.09	1	2.34859E7	1742.09
788.358	1	2.2765E7	1775.74
780.396	1	2.2362E7	4061.92
875.428	1	2.55534E7	1738.91
1146.67	1	1.64665E7	2158.35
454.726	1	1.37212E7	4217.56
641.281	1	1.72592E7	1335.9
1075.91	1	7.55983E7	2492.79
488.039	1	4.71736E7	1801.94
994.998	1	5400950.0	2047.83
595.277	1	1746840.0	2093.43
630.645	1	3.92309E7	4185.31
942.266	1	2.48235E7	1293.35
1421.48	1	3.19611E7	1914.49
944.979	1	3.93298E7	1196.11
556.746	1	5.26337E7	1791.32
725.63	1	8.28256E7	2224.98
1042.21	1	1.1543E7	2152.43
714.579	1	1.52491E7	4094.12
1058.37	1	4.61533E7	2493.29
967.753	1	2.70068E7	2560.03
1475.1	1	2.07348E7	2840.77
1433.05	1	2.35601E7	2129.7
682.205	1	4.13207E7	1687.35
726.897	1	2.61585E7	1924.92
1137.86	1	2.08493E7	1911.7
1259.63	1	6.26557E7	2380.71
1010.01	1	1.20449E7	2056.86
716.296	1	2.66762E7	2212.28
1018.08	1	4.082E7	1662.35
1205.0	1	1.74702E7	1808.67
406.63	1	5.07898E7	914.243
1294.12	1	5.64163E7	2365.58
1068.32	1	4.30543E7	2548.98
670.05	1	4.88809E7	1690.01
717.352	1	2.56611E7	1247.74
1022.69	1	3.99664E7	1501.92
1101.39	1	3.4295E7	2676.91
1222.97	1	8246750.0	3645.3
1075.01	1	2.5343E7	2381.38
1217.25	1	2.27658E7	2576.98
874.877	1	1.38368E7	2190.07
561.943	1	1.8228E7	4170.53
1150.42	1	2.53058E7	4184.1
838.894	1	6.92513E7	1443.69
893.46	1	3.09456E7	1662.29
592.701	1	4.45593E7	1684.23
1425.35	1	5.33502E7	4118.21
1135.09	1	1.44425E7	1976.52
980.556	1	1.67789E7	2041.63
1081.12	1	1.18227E7	2957.01
879.515	1	2.36685E7	1675.23
869.13	1	1.41651E7	112.885
1322.7	1	7917510.0	2080.1
630.835	1	1.0847E7	1576.5
1094.31	1	6.7278E7	1498.2
929.85	1	3.80806E7	1678.43
747.939	1	5.29696E7	2214.7
1119.24	1	4.21257E7	2961.32
985.889	1	6.56648E7	1498.5
459.096	1	5.03965E7	1476.43
333.603	1	2.04898E7	4096.59
546.1	1	5.07902E7	1542.32
989.16	1	7.04928E7	2214.23
982.092	1	2.56943E7	2200.82
1100.87	1	2.16294E7	2592.11
1322.6	1	6169400.0	280.429
1186.07	1	3.90045E7	4136.76
781.697	1	6.05928E7	2293.81
616.096	1	1.55926E7	1301.34
811.561	1	3.93942E7	1190.17
394.044	1	7520160.0	5059.77
1422.53	1	3.23648E7	1480.02
589.652	1	6434730.0	4171.01
690.997	1	7592970.0	1524.67
490.877	1	1.74204E7	2006.11
735.799	1	6.95419E7	1409.37
1230.84	1	6.08233E7	2208.56
1439.92	1	2.20083E7	1682.12
1123.95	1	2.04628E7	1033.66
1322.52	1	3730080.0	5092.42
922.896	1	2.38595E7	2740.83
557.938	1	7.12114E7	1148.15
1097.7	1	1.2704E7	2352.98
925.899	1	2.46421E7	1728.17
819.558	1	1.11068E7	2578.47
1283.3	1	4.70424E7	1896.74
1122.78	1	2.2473E7	685.947
978.808	1	1.65519E7	2638.28
1035.37	1	1.39572E7	2047.88
965.949	1	1.2063E7	2277.36
900.351	1	1.52069E7	2357.93
1222.66	1	1.16744E7	4397.82
815.055	1	6.13399E7	1298.35
831.663	1	9193620.0	2055.6
615.23	1	2.14224E7	1091.79
380.714	1	3.92189E7	1360.89
1078.91	1	1.61832E7	1888.96
796.458	1	4.67174E7	2662.33
761.787	1	2.44582E7	2229.46
1218.22	1	1.38132E7	1967.71
607.944	1	4.26458E7	101.008
758.798	1	9322120.0	1352.17
1168.6	1	8.44329E7	1796.34
1122.81	1	5817060.0	2420.46
1239.42	1	5.01678E7	2697.95
1484.22	1	6.55071E7	4133.5
771.241	1	3.86568E7	1119.49
747.89	1	2.16643E7	1660.9
1081.11	1	2.82142E7	1741.16
1350.81	1	2.41664E7	1798.1
808.608	1	3292070.0	4148.03
820.331	1	1.60136E7	2244.08
887.642	1	2.26955E7	2490.94
936.566	1	1.55554E7	1312.8
1362.28	1	3.66867E7	4194.06
604.228	1	2.65739E7	1341.68
629.24	1	2.27063E7	1130.76
1323.09	1	2.1463E7	2880.68
314.744	1	2.9269E7	4195.73
696.966	1	4879410.0	1967.9
1322.44	1	3817210.0	5.88734
993.801	1	9426120.0	2145.71
1459.95	1	1.40592E7	1248.12
1407.84	1	4.7681E7	2125.05
584.393	1	3.52304E7	1038.35
979.242	1	6156270.0	2585.15
1198.58	1	3.47524E7	2706.6
1070.51	1	6.62892E7	1442.98
1236.66	1	2.79232E7	104.562
1180.3	1	5.58272E7	1827.74
865.355	1	7.59034E7	2472.38
1026.99	1	9534890.0	2157.93
635.953	1	1.03566E7	1821.49
1061.95	1	5.24955E7	2706.98
1342.1	1	3.93491E7	2418.25
1323.59	1	2.81603E7	1761.38
477.032	1	4.91746E7	1551.21
540.562	1	5.42825E7	1356.42
703.18	1	1.43777E7	1744.84
789.519	1	2.43921E7	1134.08
996.332	1	1.06783E7	2583.5
319.527	1	3.92336E7	4060.51
447.409	1	4.36504E7	4056.35
486.729	1	1.49583E7	1974.17
464.901	1	9663820.0	4051.81
1130.01	1	2.78705E7	1935.65
579.206	1	4.02209E7	2369.0
1011.85	1	8.4758E7	1464.84
1032.95	1	8897630.0	1748.08
1322.9	1	5413460.0	4600.7
1378.35	1	6.43787E7	2016.46
1322.65	1	9970360.0	4462.71
406.278	1	3.97775E7	821.786
447.742	1	2.82231E7	1985.24
810.043	1	1.51267E7	1487.93
993.282	1	3.15295E7	2424.57
1212.53	1	5.38429E7	1585.06
415.809	1	1.79159E7	4045.12
1276.9	1	2.12459E7	1804.16
1196.84	1	4.06161E7	1665.36
1122.67	1	1.72998E7	560.628
1323.26	1	2204850.0	4871.46
1122.04	1	1.07631E7	2538.2
913.263	1	4414510.0	1688.2
940.475	1	1.42872E7	1232.18
416.786	1	3.38464E7	1474.75
890.715	1	1.88706E7	4060.98
1205.74	1	1.22854E7	4197.42
1358.56	1	3.53785E7	102.334
830.368	1	2.16532E7	1316.9
899.227	1	3.42188E7	2789.11
536.12	1	3.43422E7	1923.33
425.909	1	1.12017E7	4202.21
1413.29	1	3.29428E7	2006.05
686.916	1	3.71273E7	1415.86
1173.3	1	1.6242E7	2221.62
1149.84	1	1.0925E7	2654.92
693.775	1	7.35889E7	1225.61
1289.8	1	1.72306E7	2636.5
743.015	1	1.47395E7	1677.48
1326.21	1	6.57561E7	2566.12
1047.45	1	2.51537E7	2570.96
695.854	1	1.21014E7	1843.69
514.124	1	4.24777E7	2105.29
572.305	1	6.93055E7	2108.47
1110.27	1	3.21699E7	2846.95
1006.28	1	1.18464E7	2410.38
1284.18	1	8494120.0	1967.78
909.981	1	1.59103E7	2610.54
620.867	1	3.16871E7	1226.73
1009.28	1	5828090.0	2646.36
826.491	1	1.043E7	1304.3
1417.6	1	3.35317E7	2798.79
886.91	1	1.95951E7	2171.21
1487.49	1	2.96215E7	2213.5
1009.51	1	5732230.0	2013.84
900.32	1	1.53173E7	4195.33
1113.06	1	5.01565E7	1513.17
1402.89	1	2.62906E7	2054.37
934.024	1	5954190.0	2034.14
1198.47	1	4.45476E7	2619.26
1322.78	1	5893040.0	412.452
943.949	1	2.37801E7	1630.05
610.622	1	2.213E7	1146.08
1106.24	1	2.73061E7	1489.18
603.205	1	1.28126E7	105.264
1202.03	1	3.18586E7	1406.84
835.549	1	1.86621E7	1580.31
1018.24	1	3.66509E7	2273.63
828.621	1	4.40053E7	2702.02
783.854	1	2.03059E7	1479.41
1471.86	1	2.86317E7	4110.58
611.112	1	1.69829E7	1048.89
1468.11	1	4.06941E7	2116.36
695.475	1	3.82289E7	4198.76
852.555	1	1.81463E7	2527.53
1326.92	1	4.46883E7	2658.51
1075.02	1	4.41554E7	1708.66
843.742	1	9.1892E7	2560.62
1123.4	1	2.08036E7	871.149
1247.75	1	1.12207E7	2098.19
1172.36	1	3.25339E7	2702.34
1122.57	1	1.36204E7	481.983
862.598	1	3106270.0	1553.09
1134.16	1	5825650.0	2631.49
880.414	1	2.93729E7	2453.49
572.309	1	5.9202E7	1137.69
1122.95	1	3.14248E7	1657.42
1189.57	1	2.29055E7	2696.65
756.18	1	2.4529E7	2434.3
1209.85	1	1.30438E7	1884.58
753.78	1	3.15794E7	885.446
561.774	1	2.53973E7	1300.24
1121.09	1	6.7626E7	1468.2
731.596	1	3.77613E7	2300.47
606.964	1	3.25774E7	2516.25
821.574	1	6688660.0	2315.3
1250.53	1	4.24642E7	2680.49
574.593	1	1.12295E7	4176.01
878.792	1	3.83219E7	2694.46
575.219	1	3.28364E7	1057.86
977.554	1	6595320.0	1501.79
1189.75	1	6.93079E7	2099.12
536.091	1	2.81088E7	4197.24
1062.52	1	9568020.0	1793.33
637.445	1	1.69354E7	2411.15
969.196	1	2.19698E7	2458.95
584.715	1	2.81079E7	840.099
1316.74	1	5.13251E7	4159.9
1123.65	1	1.64157E7	43.3517
1097.24	1	1.29293E7	2559.77
807.39	1	1.21162E7	1567.74
1122.66	1	1.46644E7	4578.21
1496.45	1	3.1166E7	4150.29
1443.14	1	3.22551E7	4146.4
935.206	1	3.75101E7	2309.58
1075.07	1	7416190.0	2183.35
900.562	1	1.29035E7	2431.83
1059.16	1	3.26886E7	1379.68
1489.65	1	2.34057E7	2363.27
972.525	1	2.11973E7	1564.16
430.858	1	1.91384E7	1199.99
1238.13	1	4.56878E7	4177.73
1111.84	1	3.49013E7	2068.22
776.044	1	2.40635E7	4204.25
572.719	1	2.72782E7	1244.58
602.617	1	1.6448E7	4113.54
1223.4	1	1.80014E7	3084.04
990.175	1	3076260.0	1897.77
973.442	1	2.24327E7	1709.06
786.421	1	1.71615E7	2221.19
415.74	1	2.67043E7	1982.56
1034.66	1	2.06905E7	1637.87
856.323	1	1.19859E7	2172.62
884.825	1	3.3337E7	4088.8
1095.7	1	9079130.0	1904.54
611.866	1	1.85241E7	4209.93
1281.7	1	1.66721E7	4111.92
516.951	1	3.67813E7	866.533
1024.41	1	4.52518E7	1157.71
1122.62	1	1.6961E7	4774.8
766.703	1	1.94981E7	1554.95
1028.86	1	7.82371E7	1292.82
1224.95	1	3048010.0	4356.84
1423.75	1	1.96195E7	1052.3
1122.81	1	1.84452E7	265.63
1158.39	1	8521920.0	1788.89
1022.92	1	7323420.0	1965.73
798.913	1	8298980.0	2204.32
480.227	1	3.07682E7	1983.21
620.388	1	1.49234E7	1629.13
330.792	1	2.8856E7	4058.17
485.478	1	5092400.0	4185.03
848.368	1	1.34319E7	2500.58
831.773	1	2.8577E7	953.731
601.464	1	3.51821E7	1391.92
671.302	1	3.54665E7	2414.31
967.254	1	3910780.0	1974.18
456.918	1	4.63427E7	1017.37
780.592	1	2.08845E7	1752.29
689.045	1	1.13141E7	1500.39
1387.41	1	4.18101E7	4109.01
705.997	1	2.67732E7	2411.59
1065.26	1	6360390.0	1937.22
946.508	1	3.75597E7	2750.32
1471.99	1	5.54186E7	2367.42
1368.68	1	6.29088E7	2612.09
903.657	1	5546490.0	2059.32
1379.89	1	4.93761E7	1808.43
