6-17-03_040.featureXML 284 232862000.0 1772.59 423.116 6-06-03_040.featureXML 627 203429000.0 1805.5 422.833 
6-17-03_040.featureXML 36 585031000.0 2261.57 1041.4 7-17-03_040.featureXML 97 578500000.0 1895.28 1042.65 
6-17-03_040.featureXML 14 861978000.0 878.322 492.778 6-06-03_040.featureXML 10 1395750000.0 857.594 492.173 
6-17-03_040.featureXML 156 422241000.0 1697.89 817.41 6-06-03_040.featureXML 200 985501000.0 1715.2 817.773 
6-17-03_040.featureXML 44 527527000.0 1704.72 843.668 7-17-03_040.featureXML 5 487448000.0 1345.21 843.488 
6-17-03_040.featureXML 110 704388000.0 925.758 390.132 6-06-03_040.featureXML 264 793598000.0 956.362 389.903 
6-17-03_040.featureXML 263 219150000.0 1078.83 676.219 6-06-03_040.featureXML 68 495300000.0 1089.6 676.808 
6-17-03_040.featureXML 8 749774000.0 1843.21 1021.09 6-06-03_040.featureXML 231 889995000.0 1822.81 1021.32 
6-17-03_040.featureXML 147 527241000.0 2322.38 1057.77 7-17-03_040.featureXML 76 643583000.0 1963.11 1059.04 
6-17-03_040.featureXML 98 735519000.0 1446.33 483.543 6-06-03_040.featureXML 155 1143940000.0 1458.39 483.431 
6-17-03_040.featureXML 144 822657000.0 2759.68 830.402 6-06-03_040.featureXML 147 953042000.0 2800.44 829.297 7-17-03_040.featureXML 131 406495000.0 2225.85 829.147 
6-17-03_040.featureXML 90 460319000.0 2321.94 610.333 6-06-03_040.featureXML 121 582986000.0 2344.46 610.884 
6-17-03_040.featureXML 91 487066000.0 1549.81 445.385 6-06-03_040.featureXML 180 554769000.0 1569.61 445.486 
6-17-03_040.featureXML 88 564661000.0 1882.04 530.229 6-06-03_040.featureXML 75 709524000.0 1889.45 529.803 
6-17-03_040.featureXML 511 454266000.0 2814.8 773.984 6-06-03_040.featureXML 919 549208000.0 2875.09 774.657 7-17-03_040.featureXML 34 348063000.0 2205.1 774.031 
6-17-03_040.featureXML 99 454286000.0 1447.26 812.359 6-06-03_040.featureXML 400 261038000.0 1413.44 811.914 
6-17-03_040.featureXML 339 264089000.0 2626.76 1496.23 6-06-03_040.featureXML 183 387021000.0 2618.46 1496.52 
6-17-03_040.featureXML 212 279739000.0 1539.08 405.8 6-06-03_040.featureXML 60 422035000.0 1547.92 405.291 
6-17-03_040.featureXML 23 1211090000.0 1667.29 629.971 7-17-03_040.featureXML 40 649011000.0 1266.98 629.845 
6-17-03_040.featureXML 57 352253000.0 832.686 502.425 6-06-03_040.featureXML 47 562389000.0 807.422 501.994 
6-17-03_040.featureXML 253 591758000.0 1556.25 525.069 6-06-03_040.featureXML 83 669176000.0 1577.12 524.012 
6-17-03_040.featureXML 178 678211000.0 2583.46 954.699 6-06-03_040.featureXML 92 1044300000.0 2585.03 954.47 
6-17-03_040.featureXML 437 518050000.0 1159.65 481.407 6-06-03_040.featureXML 392 614029000.0 1203.83 480.088 
6-17-03_040.featureXML 65 554802000.0 1128.03 564.723 6-06-03_040.featureXML 15 1054040000.0 1139.93 565.628 
6-06-03_040.featureXML 351 332628000.0 1419.05 674.43 7-17-03_040.featureXML 113 403040000.0 1041.88 674.245 
6-17-03_040.featureXML 24 836929000.0 2474.79 1080.01 6-06-03_040.featureXML 148 1318990000.0 2511.46 1080.74 7-17-03_040.featureXML 141 727728000.0 2080.93 1081.18 
6-17-03_040.featureXML 166 491585000.0 1332.59 440.657 6-06-03_040.featureXML 138 676297000.0 1327.0 439.662 
6-17-03_040.featureXML 52 874525000.0 2017.61 749.356 7-17-03_040.featureXML 87 474122000.0 1517.28 749.656 
6-17-03_040.featureXML 639 218400000.0 2092.06 626.31 7-17-03_040.featureXML 379 218585000.0 1514.23 626.295 
6-17-03_040.featureXML 121 469570000.0 2253.46 895.021 6-06-03_040.featureXML 53 1393140000.0 2299.15 894.013 
6-06-03_040.featureXML 11 645107000.0 1329.57 888.482 7-17-03_040.featureXML 96 157118000.0 1039.07 888.969 
6-06-03_040.featureXML 276 328187000.0 3027.81 642.337 7-17-03_040.featureXML 264 244274000.0 1876.87 642.033 
6-17-03_040.featureXML 324 478472000.0 1334.71 712.817 6-06-03_040.featureXML 483 628087000.0 1315.02 712.501 
6-17-03_040.featureXML 446 273727000.0 1776.4 943.745 6-06-03_040.featureXML 152 628741000.0 1781.06 944.811 
6-17-03_040.featureXML 150 525806000.0 2151.06 986.433 6-06-03_040.featureXML 307 683026000.0 1951.11 987.32 7-17-03_040.featureXML 1 646205000.0 1610.7 985.69 
6-17-03_040.featureXML 27 920912000.0 2471.5 960.57 7-17-03_040.featureXML 86 904989000.0 2097.31 961.418 
6-17-03_040.featureXML 491 791645000.0 1564.57 610.026 6-06-03_040.featureXML 381 1225460000.0 1574.88 610.633 
6-17-03_040.featureXML 56 688466000.0 4019.31 1136.32 6-06-03_040.featureXML 41 1326700000.0 4011.54 1135.38 
6-17-03_040.featureXML 196 308428000.0 1045.89 564.447 6-06-03_040.featureXML 54 466941000.0 1055.26 564.615 
6-17-03_040.featureXML 129 624911000.0 1950.68 679.436 6-06-03_040.featureXML 111 660987000.0 2045.23 678.705 7-17-03_040.featureXML 208 440425000.0 1432.05 679.727 
6-17-03_040.featureXML 312 353673000.0 1983.7 925.207 6-06-03_040.featureXML 45 1074650000.0 2192.02 924.989 
6-17-03_040.featureXML 72 567746000.0 1861.42 946.243 6-06-03_040.featureXML 1005 306746000.0 1853.11 946.104 
6-17-03_040.featureXML 287 433362000.0 1294.05 506.119 6-06-03_040.featureXML 284 423575000.0 1299.81 505.94 
6-17-03_040.featureXML 249 629884000.0 3518.88 1205.29 7-17-03_040.featureXML 35 470916000.0 2899.24 1204.68 
6-17-03_040.featureXML 81 798394000.0 2504.4 1129.38 6-06-03_040.featureXML 16 1309720000.0 2489.02 1127.97 
6-17-03_040.featureXML 131 518484000.0 1980.37 694.166 6-06-03_040.featureXML 18 845147000.0 1996.09 693.099 
6-17-03_040.featureXML 555 361706000.0 937.43 442.759 6-06-03_040.featureXML 560 681609000.0 934.923 442.896 
6-17-03_040.featureXML 451 593932000.0 3181.76 1260.05 6-06-03_040.featureXML 608 906897000.0 3281.3 1261.22 
6-17-03_040.featureXML 566 377820000.0 1097.03 556.432 6-06-03_040.featureXML 46 886347000.0 1142.07 556.035 
6-17-03_040.featureXML 101 702066000.0 2510.02 1050.39 7-17-03_040.featureXML 62 785060000.0 2218.98 1049.47 
6-17-03_040.featureXML 269 349561000.0 1597.32 889.967 7-17-03_040.featureXML 394 341298000.0 1265.85 891.245 
6-17-03_040.featureXML 29 657410000.0 2508.0 783.255 6-06-03_040.featureXML 67 907534000.0 2527.63 783.089 
6-17-03_040.featureXML 68 868552000.0 2165.51 715.393 6-06-03_040.featureXML 2 1931560000.0 2026.11 714.26 
6-17-03_040.featureXML 398 378600000.0 1314.01 527.431 6-06-03_040.featureXML 36 1186180000.0 1328.44 527.963 
6-17-03_040.featureXML 9 761983000.0 1341.51 672.791 6-06-03_040.featureXML 13 1050050000.0 1347.9 672.807 
6-17-03_040.featureXML 133 449767000.0 1749.99 551.037 6-06-03_040.featureXML 141 690424000.0 1758.71 551.013 
6-17-03_040.featureXML 248 446784000.0 1122.88 403.121 6-06-03_040.featureXML 124 570663000.0 1115.48 402.613 
6-06-03_040.featureXML 101 1428190000.0 2596.42 1029.22 7-17-03_040.featureXML 46 734431000.0 2174.19 1028.27 
6-17-03_040.featureXML 563 417171000.0 1448.49 590.362 6-06-03_040.featureXML 57 1095450000.0 1464.54 591.681 
6-17-03_040.featureXML 438 529822000.0 3375.2 1124.84 6-06-03_040.featureXML 1083 431274000.0 3824.03 1125.33 
6-17-03_040.featureXML 12 1114220000.0 1249.69 573.19 6-06-03_040.featureXML 20 1864000000.0 1298.84 573.434 
6-17-03_040.featureXML 227 666445000.0 2763.9 1252.42 6-06-03_040.featureXML 434 760803000.0 2776.59 1253.08 
6-17-03_040.featureXML 219 500594000.0 2251.3 1030.54 6-06-03_040.featureXML 261 663813000.0 2256.76 1031.04 
6-17-03_040.featureXML 33 430592000.0 927.796 532.343 6-06-03_040.featureXML 196 710339000.0 983.856 533.714 
6-17-03_040.featureXML 316 548676000.0 1567.72 744.389 6-06-03_040.featureXML 268 674016000.0 1600.43 743.775 
6-17-03_040.featureXML 418 538739000.0 3023.7 1214.3 7-17-03_040.featureXML 66 497158000.0 2538.73 1213.7 
6-17-03_040.featureXML 50 333696000.0 755.421 504.189 6-06-03_040.featureXML 1292 209463000.0 690.201 504.069 
6-17-03_040.featureXML 457 632876000.0 2576.17 925.369 6-06-03_040.featureXML 169 675807000.0 1764.85 925.011 
6-17-03_040.featureXML 354 500123000.0 1779.64 825.966 6-06-03_040.featureXML 990 700999000.0 1808.68 825.296 
6-17-03_040.featureXML 208 633228000.0 1197.16 634.427 6-06-03_040.featureXML 881 407817000.0 1336.25 633.411 
6-17-03_040.featureXML 35 977094000.0 1073.27 484.19 6-06-03_040.featureXML 104 991189000.0 1058.84 485.112 
6-17-03_040.featureXML 642 500163000.0 1838.05 790.972 6-06-03_040.featureXML 429 892138000.0 1864.42 790.032 
6-17-03_040.featureXML 399 306914000.0 2198.56 734.042 6-06-03_040.featureXML 17 951648000.0 2849.26 734.262 
6-17-03_040.featureXML 0 2999550000.0 1998.19 713.458 6-06-03_040.featureXML 352 1015060000.0 2257.45 714.262 
6-17-03_040.featureXML 246 647185000.0 2981.18 1141.9 6-06-03_040.featureXML 430 680151000.0 3026.41 1140.53 
6-17-03_040.featureXML 381 741012000.0 3966.02 1366.06 7-17-03_040.featureXML 321 239601000.0 3901.32 1366.76 
6-17-03_040.featureXML 51 736853000.0 1931.33 626.877 6-06-03_040.featureXML 52 798545000.0 1937.71 626.907 
6-06-03_040.featureXML 293 1196690000.0 2599.16 1050.46 7-17-03_040.featureXML 317 471320000.0 2151.51 1051.62 
6-17-03_040.featureXML 94 485762000.0 1994.84 1112.69 6-06-03_040.featureXML 43 927984000.0 2036.6 1112.02 
6-17-03_040.featureXML 262 607895000.0 3569.54 866.718 7-17-03_040.featureXML 395 226764000.0 2886.72 866.982 
6-17-03_040.featureXML 492 352816000.0 1910.54 758.773 6-06-03_040.featureXML 208 985147000.0 1919.49 760.113 
6-17-03_040.featureXML 373 658614000.0 1598.58 576.96 6-06-03_040.featureXML 143 665787000.0 1695.43 577.743 
6-17-03_040.featureXML 152 756956000.0 2032.5 832.025 6-06-03_040.featureXML 84 955463000.0 2030.52 832.711 
6-17-03_040.featureXML 137 268570000.0 1548.6 392.05 6-06-03_040.featureXML 65 466382000.0 1557.34 392.333 
6-06-03_040.featureXML 62 1347920000.0 1292.02 537.761 7-17-03_040.featureXML 418 459569000.0 901.392 536.862 
6-17-03_040.featureXML 40 990788000.0 2360.51 721.796 6-06-03_040.featureXML 30 1392900000.0 2402.63 721.534 
6-17-03_040.featureXML 61 732841000.0 1380.61 525.649 6-06-03_040.featureXML 61 995651000.0 1445.55 525.137 
6-17-03_040.featureXML 393 590521000.0 1861.1 768.224 6-06-03_040.featureXML 548 1041990000.0 2010.48 767.478 
6-17-03_040.featureXML 119 529405000.0 3718.97 1059.35 6-06-03_040.featureXML 719 286892000.0 4061.1 1059.25 
6-17-03_040.featureXML 452 627623000.0 2352.36 924.657 6-06-03_040.featureXML 535 697457000.0 2523.31 924.231 
6-06-03_040.featureXML 217 717430000.0 2152.69 906.151 7-17-03_040.featureXML 369 532331000.0 1791.21 906.128 
6-17-03_040.featureXML 469 378542000.0 3350.68 736.035 6-06-03_040.featureXML 588 340616000.0 3507.02 735.082 
