6-17-03_000.featureXML 98 3504100000.0 1033.75 643.473 7-17-03_000.featureXML 263 1752880000.0 947.873 643.348 
6-17-03_000.featureXML 3403 289135000.0 425.908 541.163 6-06-03_000.featureXML 1387 856473000.0 484.967 542.303 
6-17-03_000.featureXML 30 3137750000.0 1473.82 843.657 6-06-03_000.featureXML 77 2192600000.0 1567.79 844.532 7-17-03_000.featureXML 146 2121860000.0 1274.07 844.813 
6-17-03_000.featureXML 58 2279850000.0 1027.59 715.508 7-17-03_000.featureXML 70 1554340000.0 875.389 715.409 
6-17-03_000.featureXML 10 2993550000.0 1029.13 761.436 6-06-03_000.featureXML 26 2625390000.0 1105.44 762.083 
6-17-03_000.featureXML 45 2813910000.0 2042.42 1097.85 7-17-03_000.featureXML 179 1469940000.0 1802.95 1097.94 
6-17-03_000.featureXML 36 2330790000.0 1284.03 524.011 6-06-03_000.featureXML 85 1601900000.0 1429.32 523.87 
6-17-03_000.featureXML 187 1186360000.0 711.353 913.434 6-06-03_000.featureXML 636 612010000.0 688.806 913.237 
6-17-03_000.featureXML 576 1440100000.0 684.293 439.175 6-06-03_000.featureXML 163 813928000.0 703.592 438.636 
6-17-03_000.featureXML 39 2597210000.0 1228.93 831.844 6-06-03_000.featureXML 78 2782150000.0 1323.79 832.801 
6-17-03_000.featureXML 135 1294470000.0 673.442 664.261 6-06-03_000.featureXML 122 1339270000.0 692.109 664.47 
6-17-03_000.featureXML 2710 741888000.0 663.027 387.613 6-06-03_000.featureXML 572 760964000.0 785.605 388.715 
6-17-03_000.featureXML 20 2969020000.0 1407.65 904.059 7-17-03_000.featureXML 42 2462520000.0 1237.7 904.05 
6-17-03_000.featureXML 59 2864690000.0 1699.27 1074.65 6-06-03_000.featureXML 22 2297880000.0 1782.05 1073.24 7-17-03_000.featureXML 72 2274610000.0 1494.62 1074.29 
6-17-03_000.featureXML 359 1763980000.0 2390.71 1354.6 6-06-03_000.featureXML 327 2244350000.0 2438.69 1354.13 
6-17-03_000.featureXML 9 3575090000.0 2049.26 1134.43 6-06-03_000.featureXML 19 2927180000.0 2105.91 1134.65 7-17-03_000.featureXML 38 2522760000.0 1829.25 1134.83 
6-17-03_000.featureXML 2058 633926000.0 682.458 702.139 6-06-03_000.featureXML 3731 291111000.0 684.663 703.117 
6-17-03_000.featureXML 13 4665680000.0 1764.08 985.63 7-17-03_000.featureXML 51 1891980000.0 1537.7 986.701 
6-17-03_000.featureXML 68 2281760000.0 641.641 416.937 6-06-03_000.featureXML 357 1198320000.0 675.12 417.047 
6-06-03_000.featureXML 14 3237710000.0 1320.48 769.297 7-17-03_000.featureXML 49 2699710000.0 1078.15 769.002 
6-17-03_000.featureXML 4 4678270000.0 952.572 771.412 7-17-03_000.featureXML 1579 384535000.0 827.807 770.532 
6-06-03_000.featureXML 29 2279110000.0 2589.42 1044.68 7-17-03_000.featureXML 73 1734580000.0 2283.55 1044.87 
6-17-03_000.featureXML 107 3199080000.0 1071.1 990.924 6-06-03_000.featureXML 205 2460780000.0 1129.78 991.761 7-17-03_000.featureXML 163 1608010000.0 923.159 990.985 
6-17-03_000.featureXML 112 2936190000.0 2714.54 1129.17 7-17-03_000.featureXML 61 1976370000.0 2355.27 1129.65 
6-17-03_000.featureXML 5085 290511000.0 411.835 522.377 6-06-03_000.featureXML 2609 1085240000.0 484.101 521.237 
6-17-03_000.featureXML 214 2089860000.0 1810.47 896.969 6-06-03_000.featureXML 70 2306400000.0 1865.53 897.699 
6-17-03_000.featureXML 291 1109720000.0 1025.75 438.909 7-17-03_000.featureXML 1227 632990000.0 788.638 439.671 
6-17-03_000.featureXML 4401 238308000.0 170.907 534.699 6-06-03_000.featureXML 2434 719827000.0 456.689 534.727 
6-06-03_000.featureXML 5 3106690000.0 1198.42 673.45 7-17-03_000.featureXML 29 2732040000.0 932.775 674.183 
6-17-03_000.featureXML 11 5309290000.0 907.345 690.863 6-06-03_000.featureXML 158 1782260000.0 989.157 690.202 
6-17-03_000.featureXML 19 3008880000.0 2331.7 784.437 6-06-03_000.featureXML 71 1877850000.0 2430.45 784.395 
6-06-03_000.featureXML 288 1616730000.0 1311.63 624.751 7-17-03_000.featureXML 317 1278840000.0 1003.3 625.063 
6-17-03_000.featureXML 2399 527342000.0 4190.49 1137.02 6-06-03_000.featureXML 334 1387370000.0 4212.28 1137.06 
6-17-03_000.featureXML 120 2598170000.0 903.573 799.465 7-17-03_000.featureXML 406 1276560000.0 780.531 799.806 
6-06-03_000.featureXML 46 2671670000.0 2479.75 1122.98 7-17-03_000.featureXML 31 3099870000.0 2095.55 1123.91 
6-17-03_000.featureXML 719 2066010000.0 764.01 734.214 6-06-03_000.featureXML 422 2039100000.0 771.12 732.971 
6-06-03_000.featureXML 3 2562620000.0 1026.08 551.707 7-17-03_000.featureXML 86 1967280000.0 825.437 552.602 
6-17-03_000.featureXML 261 3014150000.0 1752.28 1089.33 6-06-03_000.featureXML 137 2704050000.0 1837.12 1088.69 
6-17-03_000.featureXML 4968 170759000.0 133.136 717.322 6-06-03_000.featureXML 4480 476087000.0 464.912 717.798 
6-17-03_000.featureXML 6 2447940000.0 792.83 708.407 7-17-03_000.featureXML 82 1320450000.0 697.584 709.612 
6-17-03_000.featureXML 280 1691600000.0 886.5 584.303 7-17-03_000.featureXML 650 1302820000.0 820.653 584.407 
6-17-03_000.featureXML 197 1838160000.0 674.59 461.771 6-06-03_000.featureXML 115 1234240000.0 735.404 462.247 
6-17-03_000.featureXML 70 1655690000.0 1984.55 1130.31 6-06-03_000.featureXML 207 1159380000.0 2044.33 1130.36 7-17-03_000.featureXML 99 1842360000.0 1751.54 1130.76 
6-17-03_000.featureXML 194 2333950000.0 1062.86 874.6 6-06-03_000.featureXML 47 2605410000.0 1125.61 873.662 
6-17-03_000.featureXML 160 2328490000.0 1723.87 839.073 7-17-03_000.featureXML 202 1897830000.0 1493.41 840.484 
6-17-03_000.featureXML 533 821807000.0 1293.38 826.971 6-06-03_000.featureXML 219 1613670000.0 1419.79 826.291 
6-17-03_000.featureXML 189 944119000.0 833.902 1218.88 6-06-03_000.featureXML 99 1086220000.0 846.267 1219.02 7-17-03_000.featureXML 2426 430016000.0 712.35 1219.89 
6-17-03_000.featureXML 118 2710860000.0 2483.64 1441.41 7-17-03_000.featureXML 392 1686680000.0 2338.8 1440.0 
6-17-03_000.featureXML 90 2695160000.0 1872.2 925.887 6-06-03_000.featureXML 188 2622200000.0 2030.6 925.615 
6-17-03_000.featureXML 14 4332740000.0 2365.55 981.031 7-17-03_000.featureXML 24 2624190000.0 2081.92 980.905 
6-17-03_000.featureXML 53 2418090000.0 1706.62 859.173 7-17-03_000.featureXML 41 1647200000.0 1486.28 859.4 
6-17-03_000.featureXML 683 3254740000.0 2420.07 1184.5 7-17-03_000.featureXML 463 612838000.0 2150.77 1184.99 
6-17-03_000.featureXML 283 2577140000.0 2196.08 1060.74 7-17-03_000.featureXML 717 2158570000.0 1895.3 1061.15 
6-17-03_000.featureXML 478 999762000.0 3187.82 812.044 7-17-03_000.featureXML 323 677819000.0 2867.19 811.735 
6-17-03_000.featureXML 72 2775210000.0 1693.53 796.652 6-06-03_000.featureXML 73 1842760000.0 1805.45 797.353 
6-17-03_000.featureXML 3425 764125000.0 3392.05 1200.86 7-17-03_000.featureXML 1199 345198000.0 2878.57 1201.51 
6-17-03_000.featureXML 239 1374680000.0 3139.17 1495.29 7-17-03_000.featureXML 102 1446840000.0 2729.27 1495.74 
6-17-03_000.featureXML 12 4817180000.0 887.069 565.56 6-06-03_000.featureXML 33 2910790000.0 965.054 566.38 
6-06-03_000.featureXML 312 939597000.0 1788.32 627.877 7-17-03_000.featureXML 187 1189200000.0 1397.17 627.748 
6-17-03_000.featureXML 3316 510610000.0 534.4 468.272 6-06-03_000.featureXML 2007 590819000.0 582.993 468.432 
6-17-03_000.featureXML 128 2544990000.0 2069.99 1117.62 7-17-03_000.featureXML 678 1908370000.0 1829.27 1118.23 
6-17-03_000.featureXML 196 2348060000.0 2325.03 1358.86 6-06-03_000.featureXML 74 2030100000.0 2373.0 1358.36 
6-06-03_000.featureXML 59 708960000.0 1679.33 472.261 7-17-03_000.featureXML 117 528767000.0 1320.47 472.528 
6-17-03_000.featureXML 18 2904900000.0 925.912 460.359 6-06-03_000.featureXML 75 1487770000.0 1027.39 460.868 7-17-03_000.featureXML 152 1205350000.0 774.194 461.039 
6-06-03_000.featureXML 271 1897160000.0 1548.59 810.676 7-17-03_000.featureXML 212 1855300000.0 1237.03 811.627 
6-17-03_000.featureXML 16 1728440000.0 802.298 831.9 6-06-03_000.featureXML 16 1901340000.0 847.39 832.697 7-17-03_000.featureXML 548 329405000.0 528.136 831.97 
6-17-03_000.featureXML 198 425197000.0 627.509 631.987 6-06-03_000.featureXML 145 2452270000.0 665.71 632.627 
6-17-03_000.featureXML 166 2684740000.0 2105.09 957.5 6-06-03_000.featureXML 330 1367780000.0 2178.49 957.306 
6-17-03_000.featureXML 25 3996860000.0 888.427 497.551 6-06-03_000.featureXML 54 1391480000.0 989.004 496.066 7-17-03_000.featureXML 205 1053480000.0 733.806 497.949 
6-17-03_000.featureXML 51 4828250000.0 1192.47 728.725 7-17-03_000.featureXML 125 2553150000.0 1071.55 727.61 
6-17-03_000.featureXML 270 1677440000.0 873.128 649.831 7-17-03_000.featureXML 793 858221000.0 728.806 649.222 
6-17-03_000.featureXML 111 1933120000.0 644.2 539.554 6-06-03_000.featureXML 88 1372570000.0 639.745 539.471 
6-17-03_000.featureXML 21 4198110000.0 841.228 519.674 6-06-03_000.featureXML 81 1605260000.0 917.739 520.187 7-17-03_000.featureXML 2841 226094000.0 656.9 519.103 
6-06-03_000.featureXML 28 2223480000.0 1987.99 820.725 7-17-03_000.featureXML 145 647684000.0 1657.8 821.066 
6-06-03_000.featureXML 105 2163520000.0 833.634 553.927 7-17-03_000.featureXML 200 1545300000.0 678.976 554.544 
6-17-03_000.featureXML 2642 869692000.0 3187.02 1022.43 6-06-03_000.featureXML 955 1352390000.0 2347.43 1023.46 
6-17-03_000.featureXML 612 1961460000.0 1330.46 723.636 7-17-03_000.featureXML 306 2150510000.0 1154.48 723.004 
6-17-03_000.featureXML 321 1710470000.0 1208.58 739.401 7-17-03_000.featureXML 64 3357050000.0 1064.78 738.899 
6-17-03_000.featureXML 1312 2014760000.0 2397.24 1385.49 7-17-03_000.featureXML 770 748865000.0 2153.38 1386.03 
6-17-03_000.featureXML 894 1280590000.0 4252.13 955.46 6-06-03_000.featureXML 1468 736478000.0 4235.61 956.372 
6-17-03_000.featureXML 2427 437292000.0 516.641 603.429 6-06-03_000.featureXML 1900 856769000.0 537.021 603.459 
6-17-03_000.featureXML 4956 301092000.0 4131.12 730.547 6-06-03_000.featureXML 1942 437134000.0 4083.27 730.507 
6-17-03_000.featureXML 85 2622750000.0 2113.87 1042.97 7-17-03_000.featureXML 133 2221990000.0 1810.03 1043.56 
6-17-03_000.featureXML 692 1565900000.0 2809.55 1483.32 6-06-03_000.featureXML 934 1878620000.0 2827.88 1484.04 
6-17-03_000.featureXML 2184 1469620000.0 2881.01 1188.88 6-06-03_000.featureXML 2977 797161000.0 3681.51 1190.02 
6-06-03_000.featureXML 57 2451460000.0 1934.64 987.076 7-17-03_000.featureXML 71 1591150000.0 1738.94 986.459 
6-17-03_000.featureXML 3221 832299000.0 3501.38 1099.77 6-06-03_000.featureXML 1018 1282360000.0 3531.16 1100.38 
6-17-03_000.featureXML 117 3640840000.0 1553.08 943.407 7-17-03_000.featureXML 1003 218563000.0 1426.77 942.833 
6-17-03_000.featureXML 1308 1883880000.0 3035.42 1125.36 6-06-03_000.featureXML 4560 650360000.0 3826.7 1126.2 
6-06-03_000.featureXML 142 842623000.0 960.647 635.138 7-17-03_000.featureXML 272 916331000.0 742.843 635.333 
6-17-03_000.featureXML 397 1804600000.0 840.971 574.545 7-17-03_000.featureXML 58 1818850000.0 843.099 573.697 
6-06-03_000.featureXML 8 2243070000.0 2051.42 904.251 7-17-03_000.featureXML 78 1817710000.0 1708.82 905.049 
6-17-03_000.featureXML 337 2714450000.0 848.98 542.226 7-17-03_000.featureXML 1080 1021540000.0 733.486 541.868 
6-17-03_000.featureXML 116 2266790000.0 827.39 661.813 6-06-03_000.featureXML 809 1339160000.0 887.265 661.945 
6-17-03_000.featureXML 649 2372550000.0 1379.56 954.611 7-17-03_000.featureXML 68 1631590000.0 2154.69 954.2 
6-17-03_000.featureXML 23 2991330000.0 1166.11 800.192 6-06-03_000.featureXML 38 2458070000.0 1243.57 801.046 
6-17-03_000.featureXML 170 2751710000.0 1295.42 814.046 7-17-03_000.featureXML 81 1642660000.0 1435.83 814.186 
6-17-03_000.featureXML 1057 632544000.0 1579.86 741.175 6-06-03_000.featureXML 2300 794437000.0 2556.47 740.188 
6-17-03_000.featureXML 751 1013470000.0 1190.5 1117.71 6-06-03_000.featureXML 430 2180810000.0 1510.43 1117.9 
6-06-03_000.featureXML 793 2205760000.0 1661.35 963.829 7-17-03_000.featureXML 287 1932370000.0 1423.62 962.944 
6-17-03_000.featureXML 302 2006880000.0 3456.46 1204.69 6-06-03_000.featureXML 206 1428670000.0 3625.21 1204.66 
6-17-03_000.featureXML 133 2317820000.0 2108.15 1159.59 6-06-03_000.featureXML 2899 450797000.0 2710.18 1159.89 
6-17-03_000.featureXML 219 2041620000.0 4241.69 1292.62 6-06-03_000.featureXML 306 1313870000.0 4236.64 1292.3 
6-06-03_000.featureXML 445 1295600000.0 1599.12 804.986 7-17-03_000.featureXML 408 1324350000.0 1270.25 805.504 
6-17-03_000.featureXML 1022 1855670000.0 3303.46 1102.88 7-17-03_000.featureXML 2580 420669000.0 3219.88 1103.02 
6-17-03_000.featureXML 123 4432530000.0 1359.17 831.306 7-17-03_000.featureXML 91 1547100000.0 1018.67 831.827 
6-06-03_000.featureXML 58 2388910000.0 2595.74 1484.22 7-17-03_000.featureXML 350 1955890000.0 2329.73 1484.66 
6-17-03_000.featureXML 873 1733530000.0 3588.24 1291.66 6-06-03_000.featureXML 2050 1002840000.0 3712.17 1292.15 
6-17-03_000.featureXML 46 3744730000.0 2204.63 1028.91 7-17-03_000.featureXML 604 1571480000.0 1932.66 1029.68 
6-17-03_000.featureXML 48 2708910000.0 2374.7 1367.2 6-06-03_000.featureXML 86 2178770000.0 2421.9 1368.12 
6-17-03_000.featureXML 2253 363473000.0 4279.65 1121.13 7-17-03_000.featureXML 2885 511032000.0 3918.26 1122.36 
6-06-03_000.featureXML 18 2934200000.0 1401.98 1033.15 7-17-03_000.featureXML 90 1896530000.0 1195.33 1034.48 
6-17-03_000.featureXML 2731 1500370000.0 3403.49 1101.65 6-06-03_000.featureXML 3552 341217000.0 3847.17 1102.23 
6-17-03_000.featureXML 204 2921360000.0 2136.17 1197.24 6-06-03_000.featureXML 296 2862770000.0 2208.48 1198.26 
6-06-03_000.featureXML 30 3895240000.0 2270.09 1311.12 7-17-03_000.featureXML 23 2419930000.0 2052.82 1311.32 
6-17-03_000.featureXML 829 746040000.0 563.188 644.485 6-06-03_000.featureXML 1529 1014560000.0 557.23 645.808 
6-06-03_000.featureXML 10 2933060000.0 1114.77 774.669 7-17-03_000.featureXML 169 1444440000.0 879.23 775.263 
6-17-03_000.featureXML 3356 959236000.0 3859.12 979.931 6-06-03_000.featureXML 1528 1200970000.0 4237.57 978.627 
6-17-03_000.featureXML 1752 506025000.0 1817.58 692.749 6-06-03_000.featureXML 42 1020820000.0 1976.72 692.98 
6-17-03_000.featureXML 57 3605200000.0 2483.32 950.699 6-06-03_000.featureXML 451 1203890000.0 3070.38 951.992 
6-17-03_000.featureXML 1244 424695000.0 2880.61 1385.71 6-06-03_000.featureXML 1454 1950500000.0 2939.26 1386.34 
6-06-03_000.featureXML 7 2404730000.0 1246.08 872.286 7-17-03_000.featureXML 141 1042030000.0 1033.01 872.352 
6-17-03_000.featureXML 2700 185809000.0 710.168 486.797 6-06-03_000.featureXML 333 581250000.0 786.157 487.881 
6-17-03_000.featureXML 227 2177090000.0 2928.49 1125.19 7-17-03_000.featureXML 3535 1047050000.0 3057.53 1124.13 
6-06-03_000.featureXML 149 2513140000.0 1039.87 678.768 7-17-03_000.featureXML 303 1644610000.0 802.063 679.3 
6-17-03_000.featureXML 415 1621280000.0 2897.7 967.749 6-06-03_000.featureXML 2841 760868000.0 3004.07 967.636 
6-17-03_000.featureXML 1720 311421000.0 1924.5 1137.95 6-06-03_000.featureXML 198 3652740000.0 1965.48 1137.02 
6-17-03_000.featureXML 1970 334539000.0 2994.9 1202.1 6-06-03_000.featureXML 53 2412220000.0 2962.66 1203.12 
6-06-03_000.featureXML 56 2210510000.0 1122.06 1173.28 7-17-03_000.featureXML 218 1147930000.0 954.165 1172.39 
