6-17-03_080.featureXML 91 251453000.0 1711.36 1062.66 6-06-03_080.featureXML 86 469900000.0 1818.02 1063.69 7-17-03_080.featureXML 139 282109000.0 1225.86 1064.03 
6-17-03_080.featureXML 250 153312000.0 1869.68 875.847 6-06-03_080.featureXML 385 370214000.0 1988.92 876.144 
6-17-03_080.featureXML 3 956092000.0 1875.43 586.914 6-06-03_080.featureXML 18 586605000.0 1947.1 586.724 
6-17-03_080.featureXML 64 905554000.0 1787.2 574.28 6-06-03_080.featureXML 38 1061540000.0 1840.98 574.552 7-17-03_080.featureXML 162 598956000.0 1256.84 574.589 
6-06-03_080.featureXML 352 379348000.0 1988.31 937.616 7-17-03_080.featureXML 322 322038000.0 1397.72 937.684 
6-06-03_080.featureXML 84 547968000.0 2601.95 991.344 7-17-03_080.featureXML 324 389491000.0 2058.33 991.605 
6-17-03_080.featureXML 143 443760000.0 1208.49 422.796 6-06-03_080.featureXML 47 413248000.0 1260.46 421.387 
6-17-03_080.featureXML 321 272012000.0 986.138 553.605 6-06-03_080.featureXML 199 330061000.0 1094.24 553.77 
6-17-03_080.featureXML 172 341500000.0 1796.17 924.413 7-17-03_080.featureXML 30 314865000.0 1337.06 923.73 
6-17-03_080.featureXML 53 570159000.0 1581.63 732.065 7-17-03_080.featureXML 55 250331000.0 1006.14 731.866 
6-17-03_080.featureXML 415 468735000.0 1437.05 553.191 6-06-03_080.featureXML 226 441903000.0 1475.09 552.455 
6-17-03_080.featureXML 185 708217000.0 1717.23 617.691 7-17-03_080.featureXML 374 347798000.0 1016.98 617.667 
6-17-03_080.featureXML 139 227896000.0 984.662 642.083 6-06-03_080.featureXML 74 217121000.0 1086.45 642.2 
6-17-03_080.featureXML 173 464809000.0 2491.72 909.422 7-17-03_080.featureXML 163 755009000.0 1956.86 909.682 
6-17-03_080.featureXML 128 578977000.0 1995.5 766.444 7-17-03_080.featureXML 123 624757000.0 1484.03 767.751 
6-06-03_080.featureXML 43 978854000.0 1852.89 618.494 7-17-03_080.featureXML 5 955762000.0 1337.8 617.182 
6-17-03_080.featureXML 94 307947000.0 2238.83 536.671 6-06-03_080.featureXML 367 481456000.0 2389.24 536.718 
6-17-03_080.featureXML 184 390756000.0 2184.62 1081.4 6-06-03_080.featureXML 147 360214000.0 2177.95 1082.01 7-17-03_080.featureXML 45 918923000.0 1806.37 1082.53 
6-17-03_080.featureXML 67 498041000.0 2193.46 1060.25 6-06-03_080.featureXML 26 628495000.0 2219.16 1059.44 
6-17-03_080.featureXML 226 174347000.0 1073.26 706.6 6-06-03_080.featureXML 89 169276000.0 1078.09 706.329 
6-06-03_080.featureXML 9 612081000.0 2488.06 742.355 7-17-03_080.featureXML 25 696998000.0 1870.16 742.77 
6-17-03_080.featureXML 257 432915000.0 3372.98 1106.99 6-06-03_080.featureXML 370 302375000.0 3408.92 1107.89 
6-17-03_080.featureXML 352 398123000.0 1815.49 587.16 7-17-03_080.featureXML 142 573546000.0 1302.08 587.482 
6-17-03_080.featureXML 291 139238000.0 1680.67 791.937 7-17-03_080.featureXML 26 546046000.0 1077.75 792.077 
6-17-03_080.featureXML 317 409509000.0 1770.38 562.683 7-17-03_080.featureXML 325 434715000.0 1297.59 562.413 
6-17-03_080.featureXML 153 244526000.0 1922.23 1015.68 6-06-03_080.featureXML 164 358040000.0 1973.91 1016.98 
6-17-03_080.featureXML 18 721159000.0 2029.71 932.263 7-17-03_080.featureXML 423 202591000.0 1585.42 933.363 
6-17-03_080.featureXML 254 554790000.0 2125.28 663.321 6-06-03_080.featureXML 110 574925000.0 2152.08 662.979 
6-17-03_080.featureXML 426 329928000.0 4003.69 1460.98 6-06-03_080.featureXML 41 727514000.0 3971.12 1460.55 
6-06-03_080.featureXML 215 584878000.0 1538.02 421.686 7-17-03_080.featureXML 491 269565000.0 792.833 422.494 
6-17-03_080.featureXML 88 603286000.0 1818.7 515.445 7-17-03_080.featureXML 90 539973000.0 1292.96 515.894 
6-17-03_080.featureXML 51 177668000.0 1097.39 596.356 6-06-03_080.featureXML 117 504192000.0 1345.24 597.235 
6-17-03_080.featureXML 117 318377000.0 1707.26 769.563 7-17-03_080.featureXML 190 484230000.0 1332.33 769.741 
6-17-03_080.featureXML 72 457085000.0 4027.64 1135.28 6-06-03_080.featureXML 32 1011120000.0 3998.55 1135.16 
6-06-03_080.featureXML 155 449045000.0 3839.09 1062.17 7-17-03_080.featureXML 116 712331000.0 4250.52 1063.37 
6-17-03_080.featureXML 160 427245000.0 1375.71 606.617 6-06-03_080.featureXML 262 326470000.0 1410.85 606.183 
6-17-03_080.featureXML 351 492821000.0 2766.62 878.695 6-06-03_080.featureXML 91 813528000.0 2810.56 878.183 
6-17-03_080.featureXML 76 653885000.0 3699.52 889.214 6-06-03_080.featureXML 463 518244000.0 3237.63 890.316 
6-17-03_080.featureXML 229 450181000.0 2562.59 1111.39 6-06-03_080.featureXML 296 448219000.0 2586.83 1110.32 
6-17-03_080.featureXML 107 688041000.0 2129.47 598.363 7-17-03_080.featureXML 64 424421000.0 1473.49 597.064 
6-17-03_080.featureXML 21 403409000.0 892.699 551.698 6-06-03_080.featureXML 37 353106000.0 940.844 551.795 
6-17-03_080.featureXML 93 628572000.0 1690.63 505.546 7-17-03_080.featureXML 150 349631000.0 1014.86 506.7 
6-17-03_080.featureXML 131 554349000.0 2592.51 583.74 6-06-03_080.featureXML 357 377046000.0 2824.61 584.611 
6-17-03_080.featureXML 15 1253980000.0 1598.85 548.98 6-06-03_080.featureXML 40 870820000.0 1800.47 549.878 
6-06-03_080.featureXML 96 602499000.0 2293.92 923.117 7-17-03_080.featureXML 13 1083240000.0 1566.57 923.737 
6-17-03_080.featureXML 142 539645000.0 2001.37 677.666 6-06-03_080.featureXML 111 534077000.0 2068.29 678.997 
6-17-03_080.featureXML 276 647842000.0 2057.11 704.936 6-06-03_080.featureXML 107 755000000.0 2167.65 704.966 
6-17-03_080.featureXML 16 839704000.0 1666.52 655.162 6-06-03_080.featureXML 15 1118030000.0 1797.45 655.869 
6-17-03_080.featureXML 299 434284000.0 3768.09 1060.47 6-06-03_080.featureXML 63 629364000.0 4221.45 1059.94 
6-17-03_080.featureXML 308 287163000.0 717.303 425.99 6-06-03_080.featureXML 92 547862000.0 908.43 425.911 
6-06-03_080.featureXML 243 791206000.0 2044.1 637.41 7-17-03_080.featureXML 449 625890000.0 1184.07 636.946 
6-06-03_080.featureXML 13 519100000.0 951.598 482.799 7-17-03_080.featureXML 368 145755000.0 395.605 483.115 
6-06-03_080.featureXML 64 656831000.0 1251.67 448.539 7-17-03_080.featureXML 362 168030000.0 526.871 449.177 
6-06-03_080.featureXML 141 565900000.0 1847.53 502.206 7-17-03_080.featureXML 331 279472000.0 1177.2 502.487 
6-06-03_080.featureXML 114 694154000.0 2282.79 741.887 7-17-03_080.featureXML 3 1447180000.0 1598.24 741.051 
6-17-03_080.featureXML 188 650237000.0 2645.52 840.471 7-17-03_080.featureXML 169 892911000.0 1821.38 841.72 
6-17-03_080.featureXML 28 982362000.0 2220.03 922.647 6-06-03_080.featureXML 245 340225000.0 2222.4 923.255 
6-17-03_080.featureXML 272 760195000.0 1894.82 633.698 7-17-03_080.featureXML 446 301186000.0 1309.32 633.487 
6-06-03_080.featureXML 20 831352000.0 1420.68 475.842 7-17-03_080.featureXML 42 360505000.0 784.009 476.45 
6-17-03_080.featureXML 216 557126000.0 1690.16 567.755 6-06-03_080.featureXML 353 643837000.0 1683.34 567.801 
6-17-03_080.featureXML 208 469672000.0 2482.32 610.564 7-17-03_080.featureXML 17 729194000.0 1812.08 610.226 
