6-17-03_020.featureXML 64 795801000.0 2135.53 1097.29 6-06-03_020.featureXML 205 1798410000.0 2132.83 1098.01 
6-17-03_020.featureXML 42 358160000.0 1650.21 501.24 6-06-03_020.featureXML 78 696541000.0 1622.51 501.126 7-17-03_020.featureXML 196 222304000.0 1732.31 501.22 
6-17-03_020.featureXML 21 1154740000.0 1107.56 634.806 6-06-03_020.featureXML 39 3208770000.0 1048.28 635.041 7-17-03_020.featureXML 194 517721000.0 1166.21 635.073 
6-17-03_020.featureXML 86 571036000.0 2901.08 1202.54 6-06-03_020.featureXML 95 1264190000.0 2922.94 1202.85 7-17-03_020.featureXML 198 488118000.0 2967.48 1203.64 
6-17-03_020.featureXML 210 293228000.0 2662.49 718.155 6-06-03_020.featureXML 752 592924000.0 2719.72 717.995 
6-17-03_020.featureXML 360 326782000.0 1529.25 900.674 6-06-03_020.featureXML 1132 611545000.0 1514.92 901.476 7-17-03_020.featureXML 387 188036000.0 1593.13 901.181 
6-17-03_020.featureXML 45 887199000.0 1120.81 645.016 6-06-03_020.featureXML 44 1929210000.0 1073.92 645.119 7-17-03_020.featureXML 355 496255000.0 1181.12 645.213 
6-17-03_020.featureXML 67 536869000.0 1143.8 812.15 6-06-03_020.featureXML 124 1532740000.0 1102.76 813.417 7-17-03_020.featureXML 424 192066000.0 1197.14 812.876 
6-06-03_020.featureXML 163 1425760000.0 2484.78 1189.58 7-17-03_020.featureXML 122 506285000.0 2534.23 1189.02 
6-17-03_020.featureXML 225 558756000.0 1199.11 489.245 6-06-03_020.featureXML 222 1487090000.0 1133.22 490.549 
6-17-03_020.featureXML 219 609603000.0 1351.41 793.079 6-06-03_020.featureXML 19 2936280000.0 1360.18 794.229 
6-17-03_020.featureXML 8 1917190000.0 2092.57 903.865 6-06-03_020.featureXML 1133 1131520000.0 2033.39 904.091 7-17-03_020.featureXML 13 1327570000.0 2155.76 904.145 
6-17-03_020.featureXML 111 463709000.0 2744.19 883.073 6-06-03_020.featureXML 279 921560000.0 2791.46 883.392 7-17-03_020.featureXML 350 332708000.0 2805.93 883.918 
6-17-03_020.featureXML 126 771076000.0 2198.68 1196.25 6-06-03_020.featureXML 154 1688750000.0 2189.45 1195.5 7-17-03_020.featureXML 91 753251000.0 2261.69 1195.73 
6-17-03_020.featureXML 77 497549000.0 875.004 387.927 6-06-03_020.featureXML 161 1065600000.0 737.686 388.307 7-17-03_020.featureXML 386 239082000.0 964.792 388.397 
6-17-03_020.featureXML 182 378683000.0 768.756 532.224 6-06-03_020.featureXML 259 1039640000.0 649.062 533.253 
6-17-03_020.featureXML 202 651690000.0 2000.65 886.034 6-06-03_020.featureXML 144 1430810000.0 1996.11 885.61 
6-17-03_020.featureXML 191 279426000.0 1815.67 528.706 6-06-03_020.featureXML 143 716860000.0 1793.21 528.686 7-17-03_020.featureXML 412 157372000.0 1896.43 529.438 
6-17-03_020.featureXML 26 956593000.0 1855.49 795.35 6-06-03_020.featureXML 28 2200420000.0 1846.11 795.773 7-17-03_020.featureXML 255 513031000.0 1915.95 796.649 
6-17-03_020.featureXML 224 981185000.0 1028.68 590.875 6-06-03_020.featureXML 281 1674220000.0 966.216 590.136 
6-17-03_020.featureXML 139 423796000.0 2642.62 828.269 7-17-03_020.featureXML 199 391308000.0 2725.3 829.333 
6-17-03_020.featureXML 58 816188000.0 1778.41 769.87 6-06-03_020.featureXML 50 1851840000.0 1763.5 770.51 7-17-03_020.featureXML 182 357604000.0 1843.95 769.784 
6-17-03_020.featureXML 113 974654000.0 2405.59 1076.53 6-06-03_020.featureXML 103 1981050000.0 2412.35 1076.25 
6-17-03_020.featureXML 151 708982000.0 1318.38 830.119 6-06-03_020.featureXML 36 3689090000.0 1299.27 830.535 7-17-03_020.featureXML 143 428923000.0 1376.32 830.227 
6-17-03_020.featureXML 29 1010820000.0 1310.79 799.178 7-17-03_020.featureXML 382 337070000.0 1370.47 800.509 
6-17-03_020.featureXML 285 430848000.0 1597.89 582.593 6-06-03_020.featureXML 293 831569000.0 1573.46 582.264 
6-06-03_020.featureXML 92 1720940000.0 946.544 539.605 7-17-03_020.featureXML 349 326511000.0 1065.85 539.85 
6-17-03_020.featureXML 346 539741000.0 1444.08 787.479 6-06-03_020.featureXML 465 926959000.0 1418.09 787.11 
6-17-03_020.featureXML 25 719490000.0 910.855 708.138 6-06-03_020.featureXML 121 810770000.0 806.176 707.954 
6-17-03_020.featureXML 239 333305000.0 3158.7 1099.02 6-06-03_020.featureXML 194 974066000.0 3180.82 1098.71 7-17-03_020.featureXML 502 298514000.0 3228.83 1099.58 
6-17-03_020.featureXML 118 367034000.0 3268.9 1203.92 7-17-03_020.featureXML 170 283774000.0 3350.59 1204.33 
6-06-03_020.featureXML 33 2198390000.0 1814.64 1072.43 7-17-03_020.featureXML 142 529018000.0 1883.42 1072.7 
6-17-03_020.featureXML 125 603840000.0 2226.24 1043.08 6-06-03_020.featureXML 2294 212217000.0 2164.5 1042.87 7-17-03_020.featureXML 120 681749000.0 2280.08 1041.97 
6-17-03_020.featureXML 71 208817000.0 758.763 911.568 7-17-03_020.featureXML 391 76247400.0 802.218 911.908 
6-06-03_020.featureXML 845 1342060000.0 2556.12 1050.43 7-17-03_020.featureXML 163 888116000.0 2494.91 1049.06 
6-17-03_020.featureXML 169 271787000.0 875.055 686.315 7-17-03_020.featureXML 471 147923000.0 935.34 686.851 
6-17-03_020.featureXML 60 839459000.0 1822.72 812.347 6-06-03_020.featureXML 38 1985690000.0 1804.63 812.335 
6-06-03_020.featureXML 48 1868290000.0 1291.63 726.159 7-17-03_020.featureXML 152 561108000.0 1385.73 726.806 
6-17-03_020.featureXML 245 492277000.0 778.457 585.735 6-06-03_020.featureXML 639 654469000.0 651.871 586.896 
6-17-03_020.featureXML 52 440904000.0 1202.7 943.904 7-17-03_020.featureXML 267 206383000.0 1256.6 944.586 
6-17-03_020.featureXML 6 1536440000.0 2414.41 980.081 7-17-03_020.featureXML 33 1485320000.0 2468.55 980.63 
6-17-03_020.featureXML 445 140821000.0 994.06 688.972 6-06-03_020.featureXML 136 799634000.0 963.11 689.197 
6-17-03_020.featureXML 309 232812000.0 998.1 424.976 6-06-03_020.featureXML 156 905021000.0 923.151 424.862 
6-17-03_020.featureXML 337 493838000.0 1529.04 1174.18 7-17-03_020.featureXML 547 339775000.0 1573.71 1174.53 
6-17-03_020.featureXML 402 234884000.0 2505.98 946.403 7-17-03_020.featureXML 437 225026000.0 2574.24 947.536 
6-17-03_020.featureXML 150 756273000.0 1679.41 673.439 6-06-03_020.featureXML 162 1440820000.0 1691.0 673.254 7-17-03_020.featureXML 538 345860000.0 1747.98 673.559 
6-17-03_020.featureXML 57 662871000.0 2540.25 952.64 6-06-03_020.featureXML 67 1478340000.0 2573.75 952.741 
6-17-03_020.featureXML 218 304481000.0 876.591 880.759 6-06-03_020.featureXML 1106 860506000.0 811.828 881.716 
6-17-03_020.featureXML 452 200719000.0 1668.32 570.266 6-06-03_020.featureXML 555 503384000.0 1654.33 570.62 
6-17-03_020.featureXML 508 381353000.0 1329.79 1161.82 6-06-03_020.featureXML 75 1819910000.0 1297.77 1161.46 
6-17-03_020.featureXML 304 744474000.0 1196.15 625.006 6-06-03_020.featureXML 53 2726920000.0 1150.45 626.204 
6-17-03_020.featureXML 54 633379000.0 807.742 703.867 7-17-03_020.featureXML 205 253473000.0 856.774 704.232 
6-06-03_020.featureXML 484 577435000.0 2675.04 724.595 7-17-03_020.featureXML 421 168921000.0 2734.21 724.494 
6-17-03_020.featureXML 230 664832000.0 1681.73 855.941 7-17-03_020.featureXML 478 285104000.0 1739.92 857.175 
6-17-03_020.featureXML 193 712424000.0 1750.86 941.981 6-06-03_020.featureXML 200 2147610000.0 1721.26 942.467 
6-17-03_020.featureXML 116 482836000.0 1312.62 953.941 6-06-03_020.featureXML 40 1369830000.0 1285.89 954.283 
6-17-03_020.featureXML 249 198325000.0 1147.61 988.056 6-06-03_020.featureXML 836 414306000.0 1082.85 988.752 7-17-03_020.featureXML 410 363489000.0 1244.94 989.523 
6-17-03_020.featureXML 11 1322290000.0 1064.86 564.73 7-17-03_020.featureXML 103 671582000.0 1142.14 566.134 
6-17-03_020.featureXML 41 301993000.0 984.72 871.237 6-06-03_020.featureXML 31 1186480000.0 951.901 872.55 
6-06-03_020.featureXML 243 1201970000.0 2649.99 1134.19 7-17-03_020.featureXML 213 460009000.0 2705.14 1134.71 
6-17-03_020.featureXML 110 851699000.0 1368.49 624.566 7-17-03_020.featureXML 444 353271000.0 1459.57 624.254 
6-17-03_020.featureXML 84 664545000.0 1048.88 556.97 6-06-03_020.featureXML 123 1593410000.0 985.185 556.841 
6-06-03_020.featureXML 9 2799500000.0 1610.74 843.168 7-17-03_020.featureXML 83 593751000.0 1713.41 842.893 
6-17-03_020.featureXML 34 743487000.0 1417.67 812.04 6-06-03_020.featureXML 272 1634100000.0 1559.32 810.791 7-17-03_020.featureXML 54 573231000.0 1484.43 811.725 
6-17-03_020.featureXML 102 316800000.0 1059.37 1187.71 6-06-03_020.featureXML 113 991547000.0 1043.53 1188.02 7-17-03_020.featureXML 314 171010000.0 1108.44 1187.84 
6-17-03_020.featureXML 135 496285000.0 2108.93 1155.01 7-17-03_020.featureXML 188 525467000.0 2160.9 1155.9 
6-17-03_020.featureXML 205 636842000.0 1603.31 687.251 7-17-03_020.featureXML 460 295258000.0 1676.87 687.244 
6-17-03_020.featureXML 14 1200680000.0 1290.99 672.625 6-06-03_020.featureXML 0 3100520000.0 1248.23 672.54 
6-17-03_020.featureXML 175 548713000.0 2070.91 1216.13 6-06-03_020.featureXML 483 1557580000.0 2051.52 1216.98 7-17-03_020.featureXML 246 576675000.0 2135.47 1215.82 
6-06-03_020.featureXML 120 2428820000.0 1455.82 731.706 7-17-03_020.featureXML 517 408864000.0 1570.44 731.47 
6-17-03_020.featureXML 72 441723000.0 831.842 562.097 6-06-03_020.featureXML 52 1842190000.0 750.854 562.813 
6-17-03_020.featureXML 99 405564000.0 1336.31 933.582 6-06-03_020.featureXML 122 1346260000.0 1289.27 934.234 
6-17-03_020.featureXML 203 369640000.0 2948.88 951.382 6-06-03_020.featureXML 336 743133000.0 2995.75 950.816 
6-06-03_020.featureXML 321 1578340000.0 2199.79 1082.91 7-17-03_020.featureXML 503 558026000.0 2270.85 1082.24 
6-17-03_020.featureXML 48 907359000.0 2416.32 783.901 6-06-03_020.featureXML 32 1633700000.0 2419.27 783.766 
6-17-03_020.featureXML 238 350368000.0 954.832 463.045 6-06-03_020.featureXML 480 831446000.0 854.577 464.276 
6-17-03_020.featureXML 199 90883700.0 3016.5 1499.22 7-17-03_020.featureXML 160 94145100.0 3089.63 1499.27 
6-17-03_020.featureXML 176 617226000.0 1918.78 987.124 7-17-03_020.featureXML 220 543708000.0 1975.58 987.688 
6-06-03_020.featureXML 467 1444700000.0 2674.73 1056.07 7-17-03_020.featureXML 251 502371000.0 2716.51 1054.67 
6-17-03_020.featureXML 87 898232000.0 2283.62 1028.51 6-06-03_020.featureXML 265 2073650000.0 2276.45 1028.85 
6-17-03_020.featureXML 79 1057830000.0 1435.48 741.916 6-06-03_020.featureXML 446 1674390000.0 1425.13 740.763 
6-17-03_020.featureXML 317 627716000.0 2671.12 1251.22 6-06-03_020.featureXML 349 1243050000.0 2708.04 1251.45 
6-17-03_020.featureXML 13 920398000.0 1175.27 760.508 6-06-03_020.featureXML 1241 616738000.0 1062.75 759.957 7-17-03_020.featureXML 264 166143000.0 1214.84 760.83 
6-17-03_020.featureXML 92 356186000.0 2571.49 1496.0 7-17-03_020.featureXML 320 339066000.0 2639.12 1496.33 
6-06-03_020.featureXML 556 308942000.0 4255.38 710.474 7-17-03_020.featureXML 470 190337000.0 4255.03 710.484 
6-17-03_020.featureXML 431 308093000.0 1599.1 716.775 7-17-03_020.featureXML 244 403837000.0 1685.79 718.115 
6-17-03_020.featureXML 511 440772000.0 1449.41 634.202 6-06-03_020.featureXML 212 2120720000.0 1432.08 635.327 
6-17-03_020.featureXML 134 629660000.0 1975.02 734.793 7-17-03_020.featureXML 354 338468000.0 2048.08 734.27 
6-17-03_020.featureXML 279 394629000.0 839.477 553.449 6-06-03_020.featureXML 251 906530000.0 735.718 553.454 
6-17-03_020.featureXML 108 897775000.0 1863.78 1088.17 6-06-03_020.featureXML 186 2109020000.0 1854.03 1087.55 7-17-03_020.featureXML 371 460939000.0 1917.47 1086.78 
6-17-03_020.featureXML 185 567282000.0 2255.59 1153.9 7-17-03_020.featureXML 124 660926000.0 2317.81 1154.66 
6-17-03_020.featureXML 49 928753000.0 826.031 423.632 6-06-03_020.featureXML 621 223605000.0 762.848 425.502 7-17-03_020.featureXML 237 380972000.0 896.092 424.826 
6-17-03_020.featureXML 177 381084000.0 3126.32 1471.27 6-06-03_020.featureXML 66 1203480000.0 3173.85 1471.46 7-17-03_020.featureXML 148 329410000.0 3186.12 1471.33 
6-17-03_020.featureXML 359 353870000.0 984.967 695.637 6-06-03_020.featureXML 84 1882200000.0 962.22 695.507 7-17-03_020.featureXML 294 202886000.0 1051.01 694.998 
6-17-03_020.featureXML 325 291823000.0 1733.68 904.624 7-17-03_020.featureXML 272 420016000.0 1813.38 905.996 
6-17-03_020.featureXML 19 1148030000.0 1821.57 859.172 6-06-03_020.featureXML 17 2212100000.0 1804.06 860.104 
6-17-03_020.featureXML 378 348118000.0 1800.0 765.493 7-17-03_020.featureXML 307 278633000.0 1876.21 765.446 
6-17-03_020.featureXML 88 1020980000.0 1948.03 1021.3 7-17-03_020.featureXML 289 695596000.0 1996.1 1022.62 
6-06-03_020.featureXML 152 896214000.0 2423.96 807.318 7-17-03_020.featureXML 155 514711000.0 2497.83 806.774 
6-17-03_020.featureXML 152 860633000.0 1962.26 1204.73 7-17-03_020.featureXML 402 716363000.0 2018.25 1205.87 
6-06-03_020.featureXML 239 889198000.0 1175.67 438.467 7-17-03_020.featureXML 524 158297000.0 1331.28 438.529 
6-17-03_020.featureXML 341 459160000.0 2620.43 1144.53 7-17-03_020.featureXML 193 542481000.0 2700.32 1144.81 
6-17-03_020.featureXML 18 910694000.0 1106.18 551.266 6-06-03_020.featureXML 7 2439490000.0 1057.3 551.065 7-17-03_020.featureXML 110 479856000.0 1164.84 551.948 
6-17-03_020.featureXML 366 398294000.0 2371.25 1048.41 6-06-03_020.featureXML 559 936593000.0 2358.83 1049.12 
6-06-03_020.featureXML 179 795553000.0 1162.66 592.072 7-17-03_020.featureXML 487 217813000.0 1293.84 591.779 
6-17-03_020.featureXML 103 693092000.0 1956.96 742.209 7-17-03_020.featureXML 262 377599000.0 2037.0 742.156 
6-17-03_020.featureXML 93 466934000.0 980.972 659.461 6-06-03_020.featureXML 193 1188530000.0 938.499 660.731 7-17-03_020.featureXML 364 252229000.0 1047.64 660.253 
6-06-03_020.featureXML 1255 498141000.0 1751.34 860.237 7-17-03_020.featureXML 144 586110000.0 1881.43 859.84 
6-06-03_020.featureXML 147 2387790000.0 1166.51 659.72 7-17-03_020.featureXML 554 382431000.0 1278.11 659.313 
6-06-03_020.featureXML 137 1090330000.0 1421.38 667.991 7-17-03_020.featureXML 529 120120000.0 1510.93 667.231 
6-17-03_020.featureXML 494 565039000.0 2059.5 951.187 7-17-03_020.featureXML 263 616125000.0 2126.76 951.767 
6-17-03_020.featureXML 262 484121000.0 2587.03 1385.05 7-17-03_020.featureXML 400 656506000.0 2678.82 1384.84 
6-17-03_020.featureXML 333 198452000.0 2321.7 794.177 6-06-03_020.featureXML 1021 1006500000.0 2346.81 794.853 
6-17-03_020.featureXML 391 614051000.0 2732.66 1126.93 7-17-03_020.featureXML 423 463059000.0 2785.92 1127.21 
6-17-03_020.featureXML 23 897112000.0 1944.09 713.938 6-06-03_020.featureXML 65 1382820000.0 1939.42 714.845 
6-17-03_020.featureXML 243 555236000.0 1830.63 728.145 6-06-03_020.featureXML 191 1437550000.0 1807.59 728.26 
6-17-03_020.featureXML 0 2383440000.0 1778.18 1020.99 6-06-03_020.featureXML 29 1900850000.0 1758.27 1022.28 
6-17-03_020.featureXML 148 985683000.0 1919.92 897.725 6-06-03_020.featureXML 91 2138670000.0 1897.51 897.063 
6-06-03_020.featureXML 228 1511350000.0 1120.2 585.261 7-17-03_020.featureXML 516 225141000.0 1238.85 584.876 
6-17-03_020.featureXML 244 137989000.0 740.434 785.634 7-17-03_020.featureXML 173 155760000.0 803.516 784.885 
6-06-03_020.featureXML 54 2047420000.0 1267.32 599.958 7-17-03_020.featureXML 187 399731000.0 1355.14 599.422 
6-06-03_020.featureXML 86 1643300000.0 2044.45 820.498 7-17-03_020.featureXML 104 686868000.0 2118.74 820.499 
6-17-03_020.featureXML 114 580331000.0 2089.07 1130.39 6-06-03_020.featureXML 172 1176360000.0 2079.16 1130.15 
6-17-03_020.featureXML 183 336433000.0 1891.78 613.368 7-17-03_020.featureXML 381 223865000.0 1975.68 612.852 
6-17-03_020.featureXML 22 880734000.0 1105.83 459.619 6-06-03_020.featureXML 30 1860230000.0 1044.5 459.919 7-17-03_020.featureXML 125 400490000.0 1185.15 459.837 
6-17-03_020.featureXML 506 656177000.0 2312.95 1307.03 6-06-03_020.featureXML 261 1662220000.0 2316.15 1305.63 
6-06-03_020.featureXML 198 1220580000.0 1701.78 766.671 7-17-03_020.featureXML 275 342973000.0 1779.44 767.95 
6-06-03_020.featureXML 138 1980500000.0 2496.14 1441.36 7-17-03_020.featureXML 274 828603000.0 2548.65 1441.64 
6-17-03_020.featureXML 12 1160530000.0 1195.22 572.503 6-06-03_020.featureXML 4 2726940000.0 1138.17 572.256 
6-17-03_020.featureXML 80 1058120000.0 1366.72 735.745 6-06-03_020.featureXML 35 3234400000.0 1338.39 736.556 7-17-03_020.featureXML 118 682329000.0 1439.01 736.519 
6-06-03_020.featureXML 8 4196400000.0 2015.51 634.83 7-17-03_020.featureXML 4 1752770000.0 2102.0 634.509 
6-17-03_020.featureXML 89 598228000.0 716.756 598.449 7-17-03_020.featureXML 392 254557000.0 792.526 598.39 
6-17-03_020.featureXML 302 461793000.0 2220.74 1366.47 7-17-03_020.featureXML 511 293613000.0 2240.58 1367.75 
6-17-03_020.featureXML 33 983858000.0 2277.63 721.108 6-06-03_020.featureXML 22 2327120000.0 2275.52 721.0 7-17-03_020.featureXML 81 1188270000.0 2348.98 721.28 
6-17-03_020.featureXML 32 940262000.0 1849.1 1454.88 6-06-03_020.featureXML 41 1822110000.0 1833.66 1455.43 7-17-03_020.featureXML 228 429171000.0 1892.77 1456.35 
6-06-03_020.featureXML 192 1201530000.0 2394.75 960.887 7-17-03_020.featureXML 93 688549000.0 2465.67 961.86 
6-17-03_020.featureXML 165 549878000.0 4045.22 668.131 7-17-03_020.featureXML 70 1167030000.0 4042.56 667.993 
6-17-03_020.featureXML 221 428684000.0 2429.56 825.145 7-17-03_020.featureXML 285 495112000.0 2498.5 824.974 
6-17-03_020.featureXML 189 598536000.0 985.797 563.454 6-06-03_020.featureXML 168 1431100000.0 923.281 562.642 
6-06-03_020.featureXML 25 1046510000.0 1738.5 472.139 7-17-03_020.featureXML 154 213353000.0 1839.7 471.965 
6-06-03_020.featureXML 157 1013980000.0 1849.62 626.925 7-17-03_020.featureXML 185 317748000.0 1945.84 626.043 
6-17-03_020.featureXML 229 352208000.0 2297.49 1494.64 6-06-03_020.featureXML 441 980989000.0 2288.66 1494.44 
6-17-03_020.featureXML 39 495291000.0 2569.5 1190.88 7-17-03_020.featureXML 126 641130000.0 2653.75 1192.1 
6-17-03_020.featureXML 37 777515000.0 2448.19 1122.18 7-17-03_020.featureXML 109 969206000.0 2505.91 1123.16 
6-17-03_020.featureXML 174 542935000.0 1005.43 506.327 6-06-03_020.featureXML 76 1615560000.0 928.537 506.951 
6-17-03_020.featureXML 35 1116040000.0 1064.85 496.085 7-17-03_020.featureXML 309 389397000.0 1152.24 495.98 
6-17-03_020.featureXML 76 975459000.0 2456.45 1289.78 6-06-03_020.featureXML 1884 896565000.0 2439.78 1290.04 
6-17-03_020.featureXML 211 535588000.0 1494.43 642.536 6-06-03_020.featureXML 390 1253740000.0 1369.85 643.766 
6-17-03_020.featureXML 30 585892000.0 3046.13 1495.22 7-17-03_020.featureXML 63 625427000.0 3117.47 1495.58 
6-17-03_020.featureXML 397 342601000.0 4049.42 706.615 6-06-03_020.featureXML 357 921395000.0 4069.6 707.813 
6-17-03_020.featureXML 31 757387000.0 1494.1 522.532 7-17-03_020.featureXML 145 394006000.0 1571.55 523.009 
6-17-03_020.featureXML 490 590801000.0 758.374 630.218 6-06-03_020.featureXML 127 446514000.0 632.203 628.856 
6-17-03_020.featureXML 143 298079000.0 905.732 647.082 7-17-03_020.featureXML 323 181130000.0 974.429 646.543 
6-17-03_020.featureXML 272 211406000.0 968.447 557.054 6-06-03_020.featureXML 240 629896000.0 904.373 557.096 
6-17-03_020.featureXML 405 362053000.0 2549.77 1484.55 7-17-03_020.featureXML 214 628588000.0 2605.21 1484.89 
6-17-03_020.featureXML 212 651039000.0 2447.75 1264.28 6-06-03_020.featureXML 351 1493560000.0 2469.72 1264.87 
6-17-03_020.featureXML 62 614239000.0 3361.86 1407.96 7-17-03_020.featureXML 174 378360000.0 3430.83 1407.67 
6-06-03_020.featureXML 93 1200090000.0 1225.85 510.949 7-17-03_020.featureXML 261 237832000.0 1341.97 510.531 
6-06-03_020.featureXML 14 2026220000.0 2133.44 1133.81 7-17-03_020.featureXML 66 503243000.0 2195.04 1133.29 
6-17-03_020.featureXML 144 1012440000.0 1722.98 787.053 6-06-03_020.featureXML 125 2183210000.0 1685.6 787.634 
6-17-03_020.featureXML 44 724807000.0 1189.11 989.595 6-06-03_020.featureXML 101 1374860000.0 1145.21 990.381 
