6-17-03_100.featureXML 333 111895000.0 1345.89 1109.53 6-06-03_100.featureXML 148 146973000.0 1419.76 1109.88 7-17-03_100.featureXML 245 98853900.0 1416.25 1109.03 
6-17-03_100.featureXML 276 402804000.0 2394.84 911.901 7-17-03_100.featureXML 54 808319000.0 2468.35 912.056 
6-17-03_100.featureXML 122 246084000.0 2298.41 605.662 7-17-03_100.featureXML 98 269633000.0 2358.23 606.429 
6-06-03_100.featureXML 74 565184000.0 3678.82 1060.47 7-17-03_100.featureXML 504 185706000.0 3702.5 1059.61 
6-17-03_100.featureXML 292 421283000.0 1969.77 874.969 7-17-03_100.featureXML 30 1333050000.0 2172.19 876.143 
6-17-03_100.featureXML 33 541337000.0 1349.04 739.685 6-06-03_100.featureXML 21 497639000.0 1420.41 739.893 
6-06-03_100.featureXML 71 415086000.0 1507.8 755.542 7-17-03_100.featureXML 222 324668000.0 1507.38 754.985 
6-17-03_100.featureXML 172 429893000.0 1214.26 567.453 7-17-03_100.featureXML 212 330014000.0 1303.76 567.469 
6-17-03_100.featureXML 28 1543940000.0 2188.87 839.348 7-17-03_100.featureXML 49 1416870000.0 2229.14 838.37 
6-17-03_100.featureXML 82 492300000.0 1185.16 619.737 7-17-03_100.featureXML 74 482088000.0 1262.27 619.814 
6-17-03_100.featureXML 398 127585000.0 1250.0 838.362 7-17-03_100.featureXML 402 125651000.0 1313.14 837.824 
6-17-03_100.featureXML 128 677167000.0 913.874 470.066 6-06-03_100.featureXML 24 694491000.0 1005.84 469.519 
6-17-03_100.featureXML 406 281669000.0 2759.12 697.109 7-17-03_100.featureXML 508 273072000.0 2892.31 696.837 
6-17-03_100.featureXML 393 186340000.0 899.623 621.215 6-06-03_100.featureXML 244 229439000.0 948.691 621.444 
6-17-03_100.featureXML 71 954902000.0 1906.29 623.184 7-17-03_100.featureXML 145 633794000.0 2052.2 623.184 
6-17-03_100.featureXML 307 87805000.0 889.387 869.713 6-06-03_100.featureXML 70 246135000.0 945.455 869.564 
6-17-03_100.featureXML 26 1473970000.0 2047.3 752.972 7-17-03_100.featureXML 22 1077720000.0 2109.96 752.304 
6-06-03_100.featureXML 13 1818350000.0 2328.2 932.943 7-17-03_100.featureXML 164 374581000.0 2268.5 933.556 
6-17-03_100.featureXML 88 1151700000.0 1900.89 761.547 7-17-03_100.featureXML 53 1231610000.0 1998.5 760.397 
6-17-03_100.featureXML 162 612423000.0 2248.05 563.225 6-06-03_100.featureXML 136 350606000.0 2507.13 563.789 
6-17-03_100.featureXML 328 162978000.0 1420.04 613.146 6-06-03_100.featureXML 29 682372000.0 1557.33 612.8 7-17-03_100.featureXML 153 403006000.0 1558.69 613.592 
6-17-03_100.featureXML 315 299649000.0 1386.82 868.159 7-17-03_100.featureXML 435 218400000.0 1448.89 867.56 
6-17-03_100.featureXML 64 699570000.0 2244.79 730.836 6-06-03_100.featureXML 41 960199000.0 2356.04 731.31 7-17-03_100.featureXML 46 760261000.0 2315.86 730.455 
6-17-03_100.featureXML 99 432052000.0 1433.0 705.395 6-06-03_100.featureXML 25 552057000.0 1507.55 704.941 
6-06-03_100.featureXML 376 445153000.0 2442.19 872.663 7-17-03_100.featureXML 63 1319130000.0 2245.52 873.091 
6-17-03_100.featureXML 339 257198000.0 3061.24 977.423 6-06-03_100.featureXML 192 411594000.0 3119.34 976.45 
6-17-03_100.featureXML 279 278694000.0 2107.24 1025.23 7-17-03_100.featureXML 157 576873000.0 2195.47 1025.79 
6-06-03_100.featureXML 68 536678000.0 2951.16 914.071 7-17-03_100.featureXML 31 876224000.0 2908.53 913.722 
6-17-03_100.featureXML 304 214062000.0 2447.11 610.476 7-17-03_100.featureXML 34 965796000.0 2530.0 611.654 
6-17-03_100.featureXML 130 1007730000.0 1881.03 586.539 6-06-03_100.featureXML 10 1420400000.0 1750.62 585.586 
6-17-03_100.featureXML 97 341941000.0 1754.3 849.802 7-17-03_100.featureXML 155 298506000.0 1801.79 848.668 
6-17-03_100.featureXML 143 311474000.0 1457.56 779.863 6-06-03_100.featureXML 64 343236000.0 1522.71 779.466 
6-06-03_100.featureXML 125 594947000.0 2524.72 780.315 7-17-03_100.featureXML 35 947559000.0 2486.5 779.584 
6-17-03_100.featureXML 343 205341000.0 4009.46 1147.17 7-17-03_100.featureXML 107 240599000.0 4050.05 1146.56 
6-17-03_100.featureXML 70 290428000.0 1269.04 658.858 7-17-03_100.featureXML 91 246917000.0 1336.53 659.403 
6-17-03_100.featureXML 67 961425000.0 1979.51 740.764 7-17-03_100.featureXML 43 1306330000.0 2045.61 741.615 
6-06-03_100.featureXML 316 536413000.0 2015.0 839.984 7-17-03_100.featureXML 71 778753000.0 2016.7 839.809 
6-06-03_100.featureXML 108 256640000.0 1686.45 982.209 7-17-03_100.featureXML 215 204483000.0 1655.38 982.482 
6-06-03_100.featureXML 99 420055000.0 2095.61 467.532 7-17-03_100.featureXML 167 314945000.0 2037.97 468.251 
6-17-03_100.featureXML 48 929014000.0 1914.03 681.281 6-06-03_100.featureXML 4 2203580000.0 1979.12 679.73 7-17-03_100.featureXML 4 1230750000.0 1973.93 679.814 
6-17-03_100.featureXML 208 968567000.0 2225.35 682.139 7-17-03_100.featureXML 154 993545000.0 2302.62 681.167 
6-17-03_100.featureXML 62 1045280000.0 1185.43 467.139 6-06-03_100.featureXML 12 1006780000.0 1125.99 468.4 7-17-03_100.featureXML 66 508523000.0 1063.91 468.934 
6-17-03_100.featureXML 7 1478300000.0 1556.88 655.311 6-06-03_100.featureXML 8 1410480000.0 1677.5 655.362 7-17-03_100.featureXML 13 1395150000.0 1654.92 655.933 
6-17-03_100.featureXML 119 333919000.0 2052.81 885.41 7-17-03_100.featureXML 82 472746000.0 2118.23 885.303 
6-17-03_100.featureXML 124 223571000.0 1404.9 803.424 7-17-03_100.featureXML 203 188876000.0 1455.97 804.45 
6-17-03_100.featureXML 56 517740000.0 2895.32 818.592 6-06-03_100.featureXML 27 785791000.0 3016.99 818.635 
6-17-03_100.featureXML 100 615446000.0 1612.54 839.57 7-17-03_100.featureXML 94 540601000.0 1690.15 839.843 
6-06-03_100.featureXML 53 831717000.0 2299.93 525.146 7-17-03_100.featureXML 61 1078030000.0 2255.49 525.464 
6-06-03_100.featureXML 221 786575000.0 1932.21 621.993 7-17-03_100.featureXML 277 589256000.0 1921.57 620.915 
6-17-03_100.featureXML 247 884117000.0 1490.26 546.627 6-06-03_100.featureXML 141 463584000.0 1144.85 545.326 
6-17-03_100.featureXML 20 683993000.0 2861.82 887.951 7-17-03_100.featureXML 23 770062000.0 2914.04 888.439 
6-17-03_100.featureXML 66 652503000.0 1809.18 846.84 7-17-03_100.featureXML 93 626239000.0 1869.65 847.3 
6-17-03_100.featureXML 75 448388000.0 2798.21 791.498 7-17-03_100.featureXML 65 648493000.0 2870.76 792.268 
6-06-03_100.featureXML 50 774357000.0 1170.75 477.515 7-17-03_100.featureXML 173 302729000.0 1084.01 477.385 
6-06-03_100.featureXML 245 421422000.0 1459.58 580.329 7-17-03_100.featureXML 216 442842000.0 1442.42 580.011 
6-17-03_100.featureXML 164 491343000.0 2381.53 770.641 7-17-03_100.featureXML 148 579311000.0 2083.59 769.967 
6-17-03_100.featureXML 138 776420000.0 1692.64 624.457 6-06-03_100.featureXML 79 873799000.0 1764.04 624.778 
6-17-03_100.featureXML 17 1392000000.0 1990.33 663.144 7-17-03_100.featureXML 5 1607770000.0 2096.81 663.175 
6-17-03_100.featureXML 22 628787000.0 799.149 442.184 7-17-03_100.featureXML 26 517770000.0 888.011 442.358 
6-17-03_100.featureXML 108 1017230000.0 2086.58 655.449 6-06-03_100.featureXML 47 862145000.0 2298.69 655.893 
6-06-03_100.featureXML 33 862016000.0 2005.13 629.223 7-17-03_100.featureXML 24 901838000.0 2000.41 628.134 
6-17-03_100.featureXML 39 766530000.0 1147.94 386.828 7-17-03_100.featureXML 88 455922000.0 1242.54 386.444 
6-17-03_100.featureXML 144 323158000.0 1983.46 1144.91 7-17-03_100.featureXML 70 532438000.0 2071.37 1144.73 
6-17-03_100.featureXML 79 481468000.0 1751.31 839.333 6-06-03_100.featureXML 113 380801000.0 1684.83 840.623 
