672.54	1	3.10052E9	1248.23
811.48	1	4.08708E9	1387.34
902.57	1	2.42423E9	1524.95
564.732	1	3.03175E9	1003.23
572.256	1	2.72694E9	1138.17
784.668	1	2.0381E9	669.306
903.805	1	2.61169E9	2076.84
551.065	1	2.43949E9	1057.3
634.83	1	4.1964E9	2015.51
843.168	1	2.7995E9	1610.74
767.075	1	2.45568E9	1334.46
708.228	1	2.73271E9	866.177
760.837	1	2.45511E9	1129.38
586.681	1	1.78173E9	793.084
1133.81	1	2.02622E9	2133.44
522.4	1	1.90384E9	1456.69
423.057	1	2.27046E9	694.846
860.104	1	2.2121E9	1804.06
771.996	1	1.58616E9	1030.46
794.229	1	2.93628E9	1360.18
703.723	1	1.35364E9	737.818
1122.32	1	2.43082E9	2439.65
721.0	1	2.32712E9	2275.52
944.448	1	1.34943E9	1158.96
980.573	1	2.76114E9	2441.25
472.139	1	1.04651E9	1738.5
1057.69	1	2.11744E9	3689.82
800.295	1	1.95037E9	1277.23
795.773	1	2.20042E9	1846.11
1022.28	1	1.90085E9	1758.27
459.919	1	1.86023E9	1044.5
872.55	1	1.18648E9	951.901
783.766	1	1.6337E9	2419.27
1072.43	1	2.19839E9	1814.64
875.506	1	1.60888E9	1314.11
736.556	1	3.2344E9	1338.39
830.535	1	3.68909E9	1299.27
553.353	1	1.47175E9	1524.19
812.335	1	1.98569E9	1804.63
635.041	1	3.20877E9	1048.28
954.283	1	1.36983E9	1285.89
1455.43	1	1.82211E9	1833.66
646.302	1	1.13562E9	857.435
1497.7	1	1.27107E9	2118.14
645.119	1	1.92921E9	1073.92
620.468	1	2.31095E9	857.717
831.747	1	7.66039E8	822.677
821.123	1	1.55038E9	1321.73
726.159	1	1.86829E9	1291.63
830.005	1	4.16444E9	1493.96
770.51	1	1.85184E9	1763.5
1495.31	1	1.0535E9	3104.04
562.813	1	1.84219E9	750.854
626.204	1	2.72692E9	1150.45
599.958	1	2.04742E9	1267.32
492.165	1	2.31437E9	737.257
960.458	1	1.50001E9	1556.62
495.976	1	1.63077E9	1011.99
737.127	1	1.76134E9	1243.05
741.508	1	1.47575E9	1941.87
645.962	1	9.40734E8	4031.29
873.135	1	1.33287E9	1260.15
880.231	1	1.39714E9	1699.32
1268.55	1	1.96456E9	2022.44
1311.53	1	1.7356E9	2279.41
714.845	1	1.38282E9	1939.42
1471.46	1	1.20348E9	3173.85
952.741	1	1.47834E9	2573.75
693.791	1	1.44514E9	1044.06
911.65	1	5.86857E8	712.829
1048.04	1	1.25739E9	2456.98
519.868	1	2.48047E9	938.066
1361.28	1	2.45484E9	2381.28
563.704	1	2.10389E9	843.39
1203.87	1	1.10618E9	3313.63
1161.46	1	1.81991E9	1297.77
506.951	1	1.61556E9	928.537
711.935	1	9.3649E8	4031.68
501.126	1	6.96541E8	1622.51
773.802	1	2.42548E9	1186.52
624.513	1	1.90107E9	1334.41
632.904	1	1.54306E9	953.136
692.512	1	9.19626E8	2010.55
417.905	1	1.07776E9	824.238
695.507	1	1.8822E9	962.22
1146.52	1	2.23886E9	1978.41
820.498	1	1.6433E9	2044.45
1255.0	1	2.41661E9	2153.1
856.246	1	1.43745E9	1057.55
631.61	1	1.10175E9	678.12
572.387	1	2.47393E9	1256.74
897.063	1	2.13867E9	1897.51
539.605	1	1.72094E9	946.544
510.949	1	1.20009E9	1225.85
865.201	1	1.62704E9	1327.75
1202.85	1	1.26419E9	2922.94
804.253	1	9.67691E8	888.36
673.797	1	1.38088E9	1466.89
678.579	1	2.37635E9	1078.98
1093.2	1	9.7269E8	1042.84
575.036	1	9.66415E8	1695.69
990.381	1	1.37486E9	1145.21
618.677	1	1.74461E9	1150.51
1076.25	1	1.98105E9	2412.35
589.443	1	1.08875E9	4042.66
729.501	1	2.23356E9	1203.16
605.205	1	2.23552E9	1488.49
596.863	1	1.51252E9	1201.11
987.367	1	1.5333E9	1906.94
733.645	1	8.62893E8	4033.95
969.246	1	1.1346E9	2878.95
781.0	1	9.1778E8	999.727
827.997	1	1.14802E9	2676.81
1188.02	1	9.91547E8	1043.53
690.06	1	1.01866E9	4032.94
667.835	1	1.01115E9	4035.92
743.153	1	1.66547E9	1096.63
721.505	1	1.15977E9	2383.69
688.159	1	1.07013E9	1037.12
668.342	1	1.89535E9	1530.77
731.706	1	2.42882E9	1455.82
707.954	1	8.1077E8	806.176
934.234	1	1.34626E9	1289.27
556.841	1	1.59341E9	985.185
813.417	1	1.53274E9	1102.76
787.634	1	2.18321E9	1685.6
687.65	1	1.81254E9	1573.23
628.856	1	4.46514E8	632.203
461.583	1	1.12041E9	518.236
985.987	1	1.21428E9	2047.11
597.61	1	1.0547E9	569.489
720.576	1	1.01733E9	4039.93
1173.73	1	2.07861E9	1520.02
1209.44	1	1.63561E9	1902.55
711.622	1	1.66274E9	1149.37
624.171	1	1.08628E9	4034.7
689.197	1	7.99634E8	963.11
667.991	1	1.09033E9	1421.38
1441.36	1	1.9805E9	2496.14
654.885	1	1.14035E9	4043.25
1044.26	1	1.96076E9	1869.06
688.076	1	9.07567E8	669.832
921.982	1	2.02422E9	2030.06
528.686	1	7.1686E8	1793.21
885.61	1	1.43081E9	1996.11
1266.42	1	6.14955E8	1049.81
602.75	1	9.58493E8	4035.58
659.72	1	2.38779E9	1166.51
1156.26	1	1.74989E9	2108.01
1483.41	1	1.41087E9	2550.61
755.849	1	6.53175E8	4029.6
537.5	1	7.98037E8	574.909
807.318	1	8.96214E8	2423.96
1126.3	1	7.23097E8	1003.17
1195.5	1	1.68875E9	2189.45
913.859	1	9.64945E8	2536.78
424.862	1	9.05021E8	923.151
626.925	1	1.01398E9	1849.62
846.654	1	1.09218E9	966.143
1207.19	1	1.16801E9	1294.89
771.625	1	1.84476E9	1415.79
388.307	1	1.0656E9	737.686
673.254	1	1.44082E9	1691.0
1189.58	1	1.42576E9	2484.78
812.894	1	2.07391E9	1483.62
678.229	1	1.53715E9	966.391
925.446	1	1.24078E9	1509.77
476.764	1	1.66087E9	958.947
562.642	1	1.4311E9	923.281
1135.28	1	1.12563E9	3996.54
640.674	1	7.10512E8	2007.39
526.928	1	1.34136E9	1218.55
1130.15	1	1.17636E9	2079.16
757.503	1	1.79613E9	1946.57
964.774	1	2.18118E9	2112.6
1242.51	1	8.76763E8	1348.45
1352.8	1	1.33302E9	2423.62
565.284	1	1.59493E9	1294.34
687.996	1	1.40582E9	1325.27
592.072	1	7.95553E8	1162.66
621.106	1	5.43154E8	1322.15
469.989	1	1.26256E9	646.57
401.716	1	7.07268E8	728.046
673.441	1	9.32303E8	1775.07
661.921	1	1.81029E9	1260.85
635.76	1	8.78052E8	2095.65
1087.55	1	2.10902E9	1854.03
1068.03	1	1.37885E9	1844.66
1043.61	1	1.38179E9	2212.99
764.655	1	7.28002E8	4034.24
1141.09	1	2.17073E9	1797.01
728.26	1	1.43755E9	1807.59
960.887	1	1.20153E9	2394.75
660.731	1	1.18853E9	938.499
1098.71	1	9.74066E8	3180.82
1088.09	1	1.73133E9	2395.71
650.778	1	2.06255E9	961.615
964.021	1	1.65047E9	1745.26
766.671	1	1.22058E9	1701.78
415.774	1	1.14371E9	555.357
942.467	1	2.14761E9	1721.26
598.842	1	1.30727E9	846.35
824.81	1	5.76736E8	797.192
806.19	1	8.30944E8	1416.02
690.409	1	3.34577E9	1203.07
1098.01	1	1.79841E9	2132.83
725.392	1	1.36741E9	899.018
907.995	1	2.12058E9	1735.87
998.194	1	6.21784E8	3106.41
443.565	1	1.21601E9	933.642
1383.01	1	1.61622E9	2078.89
679.205	1	2.26382E9	1225.97
635.327	1	2.12072E9	1432.08
850.086	1	1.39634E9	1294.37
942.174	1	1.11523E9	1031.18
1110.43	1	1.82608E9	2260.49
1452.73	1	1.21645E9	2873.88
629.787	1	6.84017E8	1033.2
701.586	1	1.78016E9	1155.85
840.815	1	2.00043E9	1665.26
873.194	1	1.52937E9	1140.78
895.164	1	1.29948E9	2258.06
490.549	1	1.48709E9	1133.22
580.581	1	1.15212E9	4041.54
599.206	1	1.35108E9	965.445
894.3	1	1.63025E9	1778.98
1014.18	1	1.16483E9	1759.83
539.117	1	1.29579E9	4038.47
585.261	1	1.51135E9	1120.2
1175.37	1	2.0715E9	1752.77
587.166	1	1.28197E9	1208.67
698.813	1	9.88289E8	4038.8
742.979	1	9.36382E8	4035.95
674.016	1	9.95055E8	1992.65
1039.5	1	1.39852E9	1893.07
786.741	1	5.82984E8	4034.32
718.038	1	1.23817E9	1819.21
944.997	1	1.55016E9	1817.3
1069.98	1	3.68203E8	4034.22
438.467	1	8.89198E8	1175.67
557.096	1	6.29896E8	904.373
1413.57	1	5.70024E8	877.284
1388.14	1	1.3703E9	1739.73
1134.19	1	1.20197E9	2649.99
633.98	1	1.19355E9	4043.59
1193.8	1	1.47983E9	2607.31
567.833	1	1.6986E9	1467.8
826.036	1	2.73112E9	1703.21
706.775	1	1.45646E9	918.336
996.703	1	1.71649E9	1315.79
808.279	1	2.3475E9	1645.74
553.454	1	9.0653E8	735.718
1443.01	1	1.40311E9	2613.24
622.138	1	8.51603E8	653.111
1142.86	1	1.48692E9	2037.72
1242.76	1	1.11304E9	1450.84
599.246	1	1.15646E9	1353.85
1174.27	1	1.14185E9	1663.39
453.812	1	8.76631E8	992.957
533.253	1	1.03964E9	649.062
917.341	1	2.21484E9	1700.91
1305.63	1	1.66222E9	2316.15
996.752	1	8.00191E8	2739.27
777.714	1	5.89652E8	4033.08
611.156	1	1.22801E9	4046.65
1028.85	1	2.07365E9	2276.45
741.653	1	2.11535E9	1559.71
968.359	1	2.13575E9	1920.32
648.242	1	2.4131E9	1183.43
1439.5	1	1.2288E9	1912.72
633.936	1	1.27809E9	1620.25
775.879	1	1.21753E9	1110.8
810.791	1	1.6341E9	1559.32
530.045	1	1.32921E9	737.039
524.23	1	1.09428E9	703.03
1053.71	1	2.16184E9	2008.11
630.747	1	1.15186E9	1543.4
1476.12	1	1.3015E9	2348.74
925.936	1	1.33228E9	1784.16
883.392	1	9.2156E8	2791.46
713.158	1	1.19869E9	1014.4
590.136	1	1.67422E9	966.216
625.969	1	1.89013E9	1249.71
1207.14	1	1.86611E9	1999.71
1202.18	1	1.35317E9	1837.32
713.143	1	1.75013E9	1250.93
1290.61	1	1.51504E9	2498.59
1004.53	1	1.23795E9	1231.23
1496.1	1	8.55101E8	2589.64
734.455	1	8.65336E8	1558.2
676.873	1	1.16238E9	4051.87
831.597	1	8.96575E8	2297.8
1014.73	1	2.1783E9	1873.59
582.264	1	8.31569E8	1573.46
600.765	1	3.78648E8	503.008
649.674	1	8.82976E8	1866.42
1217.54	1	1.26619E9	2717.68
827.126	1	2.18734E9	1578.51
710.559	1	6.23454E8	1965.46
706.904	1	1.38224E9	1049.33
675.024	1	1.44141E9	1319.69
918.182	1	1.29558E9	1457.69
839.871	1	1.39966E9	1450.63
1046.9	1	1.48901E9	2079.93
848.852	1	2.51803E9	1149.01
801.864	1	2.12538E9	973.194
1039.37	1	1.84108E9	1552.84
919.546	1	1.35973E9	977.98
998.127	1	4.56752E8	4032.04
653.425	1	7.72666E8	791.586
551.813	1	1.07778E9	886.114
948.376	1	6.47336E8	1267.09
502.228	1	8.43641E8	689.842
814.054	1	1.44778E9	1949.49
1234.12	1	1.75278E9	2181.02
1042.54	1	4.96991E8	4031.09
943.246	1	1.86113E9	1985.27
1165.47	1	1.27313E9	1698.25
720.103	1	1.94788E9	1574.08
577.817	1	2.33096E9	934.311
700.88	1	7.81701E8	794.04
1082.91	1	1.57834E9	2199.79
982.215	1	1.69311E9	1489.41
977.503	1	1.28517E9	1859.14
1175.18	1	9.14072E8	4207.98
549.69	1	1.36989E9	1134.1
478.162	1	1.4997E9	833.199
580.884	1	1.55935E9	855.339
1004.16	1	8.61474E8	2835.16
491.047	1	1.09119E9	1228.79
1175.2	1	2.10522E9	1911.49
846.919	1	1.93741E9	1770.99
917.569	1	5.34226E8	1999.31
586.255	1	9.62977E8	1029.81
908.834	1	1.12439E9	2146.61
643.169	1	1.6158E9	1536.37
950.816	1	7.43133E8	2995.75
827.35	1	2.36957E9	1796.1
842.712	1	1.64714E9	1888.68
670.676	1	8.40092E8	1257.64
1367.39	1	9.26589E8	4219.18
1175.22	1	2.35755E9	2024.24
1160.2	1	4.95565E8	1689.17
915.553	1	1.47756E9	1044.48
1122.86	1	1.39919E9	2556.12
575.103	1	2.11406E9	1036.34
587.426	1	1.46381E9	1335.02
1044.95	1	1.44267E9	1468.79
663.094	1	1.4944E9	1691.51
1251.45	1	1.24305E9	2708.04
701.354	1	4.90141E8	1075.82
1264.87	1	1.49356E9	2469.72
493.276	1	8.85042E8	1328.71
833.78	1	1.40345E9	1387.19
1262.49	1	1.3968E9	1553.77
606.1	1	7.90047E8	1428.17
748.104	1	1.34734E9	1487.49
707.813	1	9.21395E8	4069.6
878.666	1	1.91038E9	1565.76
947.763	1	1.4736E9	1904.0
1415.44	1	1.13524E9	4215.85
1033.24	1	1.22477E9	1430.46
496.408	1	1.80513E9	853.696
611.566	1	5.52532E8	2264.69
544.756	1	4.71288E8	1080.45
1202.3	1	6.46286E8	4027.17
1461.72	1	8.44161E8	3976.74
947.008	1	6.79227E8	2514.82
1173.12	1	1.86845E9	2240.41
429.041	1	6.12358E8	783.109
946.792	1	1.68774E9	1642.52
700.023	1	1.71387E9	1747.75
805.512	1	1.79796E9	1711.51
972.345	1	7.9273E8	1820.62
897.462	1	1.39181E9	999.318
803.091	1	1.06502E9	1520.66
573.067	1	7.1171E8	1555.92
1144.39	1	1.05459E9	1153.16
747.602	1	1.29868E9	1726.6
676.278	1	1.13509E9	1620.79
531.247	1	1.48866E9	1375.78
694.093	1	1.62722E9	1490.93
668.942	1	8.85616E8	1357.26
616.729	1	6.72538E8	1095.83
722.134	1	1.0065E9	1206.83
578.535	1	8.83238E8	1194.35
731.648	1	1.36576E9	1110.29
1188.27	1	1.13445E9	1238.73
1073.28	1	2.10668E9	2112.63
1057.34	1	2.12679E9	1924.1
643.766	1	1.25374E9	1369.85
1136.68	1	9.01781E8	2775.73
1387.75	1	1.43624E9	2445.38
1057.95	1	1.2726E9	1840.47
665.996	1	4.44711E8	693.479
1112.11	1	1.44286E9	1593.25
966.608	1	8.14046E8	1036.86
727.54	1	1.16935E9	1527.0
1134.13	1	9.99065E8	2005.88
758.786	1	1.78469E9	1401.6
1441.63	1	1.11388E9	2288.68
645.379	1	4.82552E8	973.226
855.846	1	1.66818E9	1474.26
645.966	1	4.0163E8	799.331
909.697	1	1.65514E9	1494.43
640.267	1	1.84082E9	1246.75
783.723	1	1.813E9	1321.9
594.631	1	3.15392E8	1278.57
638.326	1	6.41915E8	1155.08
764.858	1	1.96137E9	1866.86
820.075	1	1.00445E9	1267.23
639.662	1	8.92795E8	832.121
792.073	1	1.57902E9	1220.54
903.803	1	8.11844E8	2176.44
1087.71	1	1.32789E9	2513.36
1155.81	1	1.60876E9	1838.43
785.702	1	5.0536E8	732.534
713.961	1	2.85104E8	1569.42
1034.84	1	1.07459E9	1132.82
855.966	1	1.51705E9	1670.13
926.3	1	1.68218E9	1365.11
730.548	1	1.08091E9	800.264
1420.55	1	7.7196E8	1359.48
565.527	1	1.0753E9	1129.52
1299.36	1	8.69375E8	4212.79
851.297	1	1.10662E9	1588.17
979.976	1	1.14722E9	1409.93
1483.25	1	6.84099E8	3214.71
760.832	1	1.65159E9	1618.23
521.195	1	1.31347E9	767.935
738.068	1	9.81414E8	1993.3
1174.55	1	1.0008E9	1598.81
1289.36	1	1.61486E9	2315.84
1066.89	1	9.09346E8	1759.18
586.593	1	9.68093E8	711.892
1198.1	1	1.52635E9	2025.22
637.231	1	1.20604E8	2003.09
1142.48	1	1.38136E9	1587.98
890.163	1	7.79267E8	1878.3
977.188	1	8.24769E8	3985.19
724.763	1	6.84176E8	1112.88
1494.44	1	9.80989E8	2288.66
775.612	1	8.95714E8	1282.99
809.854	1	8.31866E8	1858.78
1174.64	1	6.05752E8	4037.01
847.985	1	7.76597E8	1516.89
740.763	1	1.67439E9	1425.13
863.346	1	1.37792E9	1573.83
718.268	1	1.20422E9	1484.87
966.342	1	4.76278E8	1829.16
946.836	1	1.64883E9	1465.6
903.386	1	1.09426E9	1657.93
813.222	1	1.23589E9	1344.38
841.929	1	7.75575E8	1286.43
1132.28	1	1.08615E9	4054.86
449.244	1	6.47434E8	1094.11
833.104	1	1.93925E9	1960.18
795.42	1	1.63996E9	1459.03
545.175	1	9.83485E8	894.932
481.171	1	7.53576E8	584.733
554.423	1	5.1404E8	1746.52
1107.54	1	1.308E9	2641.92
1219.41	1	3.79337E8	822.982
1188.31	1	1.93382E9	2116.67
796.97	1	1.32267E9	2073.95
787.11	1	9.26959E8	1418.09
1140.32	1	8.39611E8	1915.66
1056.07	1	1.4447E9	2674.73
1258.28	1	1.589E9	2074.67
1247.61	1	1.419E9	2494.76
1039.89	1	1.11537E9	2420.74
444.774	1	3.21135E8	1524.21
788.356	1	2.09712E9	1778.43
470.747	1	1.27614E9	1134.21
785.324	1	1.50927E9	1919.74
1114.66	1	5.82544E8	4026.67
886.41	1	1.82557E9	1479.47
542.659	1	1.2527E9	1220.06
744.821	1	7.50981E8	2558.03
1031.92	1	1.58025E9	2185.75
464.276	1	8.31446E8	854.577
527.668	1	1.56849E9	877.073
965.778	1	4.18453E8	2892.74
1216.98	1	1.55758E9	2051.52
724.595	1	5.77435E8	2675.04
534.706	1	9.90334E8	1153.04
1218.62	1	1.48784E9	2159.89
666.961	1	1.56015E9	1046.9
696.676	1	3.22539E8	1127.78
1039.58	1	1.5555E9	1998.3
671.726	1	6.76052E8	942.06
542.248	1	1.22306E9	1315.46
831.767	1	7.83483E8	1650.03
1257.21	1	1.47329E9	1872.2
1055.07	1	9.58796E8	2947.48
774.602	1	1.02108E9	2016.18
1158.13	1	5.29073E8	4036.4
1116.54	1	9.02151E8	4217.53
721.175	1	1.76694E9	1362.34
1419.53	1	1.21307E9	2855.23
463.874	1	6.54232E8	1265.22
1090.45	1	1.51069E9	1564.13
796.816	1	1.55803E9	1576.95
1308.07	1	1.33767E9	2097.02
522.906	1	4.55448E8	486.184
1189.62	1	1.95649E9	2322.29
1198.44	1	9.72651E8	3109.98
788.435	1	5.62285E8	1555.93
1057.7	1	8.34074E8	2769.95
1021.6	1	1.36423E9	2094.08
1174.47	1	9.02526E8	1831.58
497.154	1	8.33476E8	645.598
1008.32	1	1.24406E9	1916.37
1164.72	1	1.10206E9	1571.1
1455.6	1	1.31734E9	1927.63
855.919	1	9.1387E8	2110.5
1240.38	1	1.75749E9	1774.05
830.97	1	7.23272E8	2440.91
825.476	1	9.2586E8	1998.88
493.044	1	2.88035E8	645.356
725.555	1	2.30067E8	1443.46
698.55	1	5.57538E8	886.31
1170.64	1	2.60584E8	1804.58
1127.84	1	9.93974E8	2739.58
562.87	1	1.67907E9	4045.45
491.277	1	4.58029E8	821.117
478.907	1	8.05456E8	1338.39
467.646	1	9.75392E8	996.5
971.855	1	1.79765E9	2020.38
876.767	1	1.71018E9	1775.71
848.334	1	1.60764E9	1994.66
781.845	1	1.42932E9	1576.84
425.972	1	6.05133E8	1015.08
692.992	1	3.23237E8	1121.03
1058.95	1	1.3552E9	2354.44
1451.0	1	1.04428E9	3160.79
779.184	1	9.58205E8	1851.96
800.145	1	1.38581E9	1764.72
526.727	1	1.1408E9	1038.68
626.439	1	2.93856E8	1029.06
729.276	1	1.42924E9	1940.04
889.85	1	1.80825E9	1187.63
634.358	1	9.08294E8	775.558
670.039	1	1.76704E8	1778.89
1054.28	1	1.31583E9	1378.1
761.83	1	1.66833E9	1230.09
527.248	1	5.85869E8	1320.35
629.6	1	9.47164E8	1694.54
938.447	1	3.98306E8	4039.96
1119.41	1	1.87784E9	2176.73
857.134	1	1.33114E9	1229.6
814.51	1	1.35714E9	1198.88
743.822	1	1.086E9	915.242
736.594	1	9.15297E8	2348.77
915.986	1	8.5038E8	4218.79
570.62	1	5.03384E8	1654.33
710.474	1	3.08942E8	4255.38
684.467	1	8.7964E8	4054.22
1095.85	1	1.97933E9	1946.29
1049.12	1	9.36593E8	2358.83
730.367	1	7.11314E8	4099.98
1093.19	1	2.27278E9	1735.53
874.44	1	1.34329E9	2012.49
659.872	1	1.23663E9	1346.32
1309.05	1	1.49607E9	2546.85
1011.33	1	1.22826E9	2624.04
742.312	1	9.36872E8	1686.34
747.941	1	1.35072E9	1232.31
488.282	1	1.62152E9	934.665
1034.42	1	5.67749E8	1902.17
1098.46	1	1.74924E9	2354.32
1105.0	1	6.63459E8	4212.7
1135.71	1	9.84487E8	4207.19
1175.18	1	1.1539E9	2165.72
922.463	1	1.47551E9	1928.72
1002.28	1	1.61431E9	2033.95
438.817	1	7.73446E8	1076.96
416.846	1	5.10407E8	1018.49
840.234	1	9.25112E8	1781.47
1291.14	1	4.35145E8	864.954
416.257	1	8.83436E8	657.682
1429.54	1	1.03442E9	4213.46
946.97	1	1.1478E9	2145.16
1123.12	1	1.63047E9	2292.73
741.206	1	5.55538E8	1899.02
780.414	1	4.42513E8	1798.23
751.664	1	7.00076E8	4077.55
955.332	1	4.77153E8	4040.09
884.169	1	8.77404E8	1906.71
872.368	1	5.35826E8	1694.68
717.856	1	1.10731E9	1740.86
798.353	1	1.55876E9	1931.04
1474.69	1	1.25142E9	2259.8
551.649	1	5.26766E8	965.316
1101.15	1	1.69784E9	2539.24
762.67	1	1.12601E9	1313.89
442.292	1	5.37747E8	404.641
765.476	1	6.19168E8	1791.75
837.918	1	1.2574E9	1014.75
705.334	1	2.1374E9	1665.22
866.714	1	8.82329E8	1658.79
805.606	1	7.10272E8	4028.17
1032.95	1	1.86976E9	1339.14
1279.23	1	1.63662E9	1924.91
518.099	1	1.02335E9	854.457
976.358	1	1.53569E9	1575.12
767.96	1	7.94755E8	1093.11
729.104	1	4.10239E8	4028.09
598.814	1	6.86043E8	708.688
999.582	1	1.18241E9	1855.2
891.884	1	1.50547E9	1313.67
596.846	1	5.49926E8	639.433
1008.85	1	1.6867E9	1500.9
557.953	1	2.81161E8	845.289
1174.88	1	1.86392E9	2351.37
1229.54	1	1.79284E9	1717.6
1084.76	1	1.39506E9	1297.82
1487.77	1	8.71862E8	2317.99
484.248	1	2.98008E8	1285.5
1154.69	1	1.27109E9	2166.61
1202.46	1	1.85241E9	2276.38
425.502	1	2.23605E8	762.848
1104.08	1	1.34126E9	1526.92
1310.84	1	9.60286E8	1279.29
1200.79	1	8.94649E8	1927.92
1131.66	1	1.33177E9	1306.41
919.314	1	1.87302E9	1169.07
1036.54	1	1.36214E9	2110.91
1377.26	1	1.28522E9	1814.67
700.593	1	6.81738E8	1596.97
455.227	1	1.01276E9	868.208
866.279	1	9.48497E8	1192.47
1084.14	1	9.73404E8	2331.92
604.792	1	1.53685E9	1138.45
1017.22	1	1.38185E9	2007.52
1117.49	1	3.47708E8	2559.97
913.861	1	3.56862E8	679.088
959.364	1	1.2374E9	2168.86
905.892	1	1.56219E9	1856.65
586.896	1	6.54469E8	651.871
1048.79	1	7.21393E8	1027.6
1498.04	1	3.84729E8	2795.53
1060.15	1	1.52752E9	2113.0
688.116	1	8.3908E8	824.467
663.823	1	9.23139E8	4073.81
642.733	1	9.17638E8	4107.31
1326.83	1	9.2387E8	3103.38
814.976	1	5.19635E8	2028.23
780.913	1	6.44838E8	1730.53
938.846	1	2.62983E8	1906.39
617.571	1	4.97396E8	830.832
1026.24	1	1.40835E9	1890.44
756.333	1	9.20403E8	2019.81
901.732	1	7.66899E8	2530.79
1275.2	1	7.96E8	3338.98
1258.75	1	1.89736E9	2307.4
1188.34	1	1.02895E9	2028.94
1394.21	1	1.46802E9	2262.41
1132.58	1	1.65455E9	2204.6
518.217	1	6.72021E8	547.7
782.765	1	1.06249E9	1497.83
1156.73	1	9.03054E8	2551.05
866.91	1	5.29196E8	2023.82
822.199	1	4.44544E8	4034.07
440.233	1	1.1415E9	665.117
1098.28	1	1.61507E9	2260.28
721.999	1	1.38281E9	1662.23
1064.14	1	1.30034E9	1466.13
1407.91	1	5.4751E8	4209.07
552.54	1	9.63298E8	1403.36
920.208	1	1.32228E9	1567.31
1081.43	1	1.0904E9	1718.4
1174.69	1	8.60581E8	2776.15
915.396	1	1.31844E9	1235.28
929.983	1	1.00598E9	2593.34
422.271	1	2.36194E8	773.116
1453.14	1	1.1387E9	2564.7
1205.28	1	1.52675E9	2516.1
1137.02	1	1.63192E9	2461.26
831.037	1	3.61482E8	4025.22
621.228	1	1.32643E9	957.748
823.305	1	5.43145E8	2414.69
1495.26	1	5.52073E8	2527.24
1109.67	1	1.35096E9	2104.11
1387.16	1	1.29481E9	2335.21
625.215	1	6.21598E8	1486.01
608.649	1	7.88097E8	1756.92
1201.91	1	2.29646E8	714.471
736.097	1	8.42587E8	1678.83
938.782	1	3.11587E8	1848.08
1182.63	1	1.69274E9	1464.6
868.719	1	1.1668E9	1925.12
847.156	1	2.64878E8	1216.87
1379.64	1	1.57395E9	2163.09
936.438	1	1.09751E9	2028.71
704.404	1	1.54773E9	1313.49
1009.33	1	6.09581E8	1736.59
1261.58	1	1.34728E9	4219.53
870.186	1	1.38372E9	1830.68
686.003	1	3.96103E8	1497.5
1325.13	1	1.42823E9	1816.24
688.298	1	3.81754E8	1111.53
741.502	1	6.25767E8	1629.34
1059.32	1	3.69635E8	3796.18
1069.27	1	2.07623E9	2008.92
550.309	1	7.32363E8	1659.09
1175.61	1	1.25745E9	2564.3
1128.74	1	1.48684E9	1889.95
910.903	1	4.92093E8	4042.92
940.862	1	1.46768E9	1563.43
1296.16	1	1.42588E9	2179.93
1169.54	1	4.40542E8	1918.33
1498.82	1	2.39589E8	3052.97
1478.58	1	1.27229E9	2444.12
503.265	1	7.14901E8	1219.87
1248.4	1	1.18061E9	2895.22
630.425	1	7.50377E8	898.742
1407.71	1	1.30898E9	2441.1
1437.82	1	9.68402E8	2420.93
754.083	1	1.80933E8	1869.24
795.885	1	1.42097E9	1077.69
554.652	1	8.88233E8	4073.63
1205.64	1	4.38765E8	3968.96
845.79	1	4.6892E8	703.095
611.088	1	3.22635E8	4133.23
754.114	1	7.885E8	1573.97
460.666	1	7.51191E8	1132.88
1275.32	1	8.29897E8	4212.93
943.396	1	5.60331E8	1419.79
976.349	1	1.10104E9	1324.5
866.111	1	3.824E8	4037.97
1099.1	1	1.32982E9	2039.78
1174.47	1	9.11071E8	2104.92
595.694	1	7.38454E8	1805.45
762.714	1	1.13462E9	813.601
695.018	1	1.02997E9	1899.9
891.112	1	9.24811E8	879.874
1359.33	1	1.63865E9	2167.21
720.26	1	9.2008E8	2139.78
1329.04	1	1.19005E9	1951.33
414.994	1	5.04645E8	724.668
1147.6	1	6.75736E8	3983.05
1074.95	1	7.82624E8	1727.61
1459.18	1	6.13999E8	1233.69
1357.59	1	7.36778E8	1319.01
1148.95	1	9.55027E8	1323.07
1013.14	1	1.37708E9	2255.28
1223.13	1	5.83011E8	1692.14
541.354	1	7.2526E8	1027.56
1296.07	1	1.35612E9	2613.51
978.53	1	1.80131E9	1707.43
940.32	1	6.34718E8	1122.99
717.995	1	5.92924E8	2719.72
625.212	1	8.14714E8	1929.04
636.882	1	2.62415E8	1367.95
502.41	1	6.23399E8	963.794
1089.93	1	1.18367E9	2031.33
1233.39	1	1.25097E9	2090.41
524.444	1	4.39296E8	1271.18
1086.98	1	5.09477E8	4043.68
462.335	1	5.66934E8	604.256
1267.26	1	1.54587E9	1798.44
1300.51	1	4.39137E8	2098.62
1237.86	1	9.31266E8	1212.85
1052.06	1	1.65988E9	1754.36
1067.45	1	8.70514E8	1687.05
742.558	1	4.34087E8	1178.12
1054.76	1	3.71052E8	2127.47
1220.04	1	6.74041E8	4036.32
635.657	1	2.75307E8	1504.89
1036.38	1	7.38446E8	943.073
1187.22	1	9.99091E8	2223.89
659.767	1	1.20838E9	1579.48
1409.35	1	1.15246E9	2088.87
642.485	1	8.81345E8	690.685
1409.69	1	8.63674E8	2020.38
1472.52	1	1.22709E9	2143.57
1181.73	1	5.0409E8	2313.84
930.075	1	1.19421E9	1870.14
989.871	1	8.49243E8	1252.23
780.063	1	6.12603E8	1664.19
1350.13	1	1.59248E9	1815.49
1362.0	1	2.98959E8	4208.0
1373.08	1	1.32175E9	2053.96
543.184	1	1.04891E9	796.372
1353.85	1	1.25888E9	1734.45
620.6	1	8.16215E8	4100.74
931.043	1	9.18516E8	1099.62
684.077	1	6.54814E8	2263.99
1246.35	1	1.38481E9	2158.05
1409.6	1	1.51797E9	1746.73
1104.68	1	1.16766E9	1320.98
771.53	1	4.05419E8	1299.58
936.344	1	5.35592E8	1654.29
940.293	1	8.71302E8	2180.12
615.73	1	8.36043E8	1017.51
666.522	1	7.88713E8	868.49
884.275	1	3.48526E8	1130.62
332.865	1	1.55873E8	904.111
853.757	1	1.0952E9	1864.0
631.801	1	5.38874E8	835.563
487.513	1	3.06975E8	713.627
877.983	1	6.32582E8	1915.68
1085.26	1	6.02767E8	1968.41
879.607	1	8.26313E8	1634.7
671.269	1	9.77986E8	1139.63
681.304	1	5.42846E8	1157.52
1116.87	1	1.51304E9	1904.35
408.043	1	5.68632E8	898.684
445.611	1	4.09217E8	1445.78
641.405	1	8.14404E8	1803.29
761.906	1	1.03129E9	2114.28
933.457	1	7.70134E8	2118.66
487.593	1	3.70004E8	824.565
1163.2	1	1.50081E9	2015.64
955.343	1	9.20069E8	2671.07
1093.39	1	1.41395E9	1460.08
1363.95	1	9.85574E8	1995.87
698.872	1	3.61769E8	4120.83
868.344	1	3.41181E8	1737.21
972.29	1	1.19492E9	2385.46
617.142	1	7.58753E8	1243.76
1331.89	1	1.27486E9	2647.97
1230.41	1	1.29573E9	2011.5
1289.12	1	7.14802E8	2581.11
1131.0	1	1.16219E9	1762.8
714.417	1	8.64436E8	1389.26
1031.95	1	6.86155E8	3058.09
1224.93	1	2.00238E9	2282.18
836.85	1	3.53324E8	1833.28
928.044	1	1.17336E9	1658.14
1270.0	1	8.69423E8	3155.49
773.584	1	6.22551E8	4071.0
1332.81	1	1.44107E9	2299.46
1335.61	1	1.38678E9	2132.67
990.697	1	1.14434E9	1374.48
988.752	1	4.14306E8	1082.85
738.804	1	2.85445E8	867.008
679.281	1	6.86586E8	2141.46
1468.26	1	6.91161E8	1334.14
1010.88	1	6.07516E8	4218.11
1165.42	1	5.72186E8	2223.33
1236.71	1	6.19718E8	871.44
916.428	1	8.17449E8	2660.68
1283.01	1	4.30153E8	2295.1
1050.43	1	1.34206E9	2556.12
1491.04	1	8.8439E8	2095.67
977.709	1	1.2776E9	2549.26
867.606	1	6.83733E7	1876.58
958.037	1	1.34909E9	2235.38
886.585	1	9.0871E8	1363.96
1076.67	1	1.6032E9	1930.69
705.423	1	4.2698E8	1235.22
1356.78	1	1.1746E9	1533.75
774.236	1	1.0286E9	1505.83
668.55	1	2.82244E8	1615.77
833.782	1	1.05312E9	1210.8
1030.35	1	1.22559E9	1993.0
1045.74	1	6.5548E8	1783.65
1330.18	1	1.195E9	2566.67
1042.33	1	9.25469E8	2283.46
751.564	1	1.22866E9	2141.63
632.746	1	3.73183E8	4123.54
796.16	1	6.10286E8	4045.11
1103.29	1	7.71658E8	2706.79
1382.18	1	7.0563E8	2252.22
817.374	1	4.62064E8	4050.64
696.423	1	5.63459E8	1284.33
856.586	1	1.30922E9	2254.29
1397.92	1	1.35689E9	2177.49
1381.9	1	1.79651E9	2505.26
908.869	1	1.31351E9	1590.31
652.977	1	6.29107E8	1305.41
1428.83	1	1.18475E9	1925.72
1476.5	1	8.98724E8	1947.81
887.436	1	5.96622E8	1792.66
1371.48	1	1.69715E9	2295.71
995.59	1	5.35134E8	1217.26
849.73	1	4.05219E8	1686.84
1194.56	1	8.93034E8	1849.03
1122.69	1	1.41062E9	1697.99
682.115	1	2.48727E8	1558.47
408.909	1	4.64843E8	650.993
1240.14	1	1.63268E9	1873.88
1385.92	1	4.11364E8	1043.83
1182.94	1	7.6622E8	3589.26
1155.77	1	1.49183E9	2370.91
391.674	1	2.82626E8	1444.54
1222.29	1	1.60239E9	1862.16
598.433	1	9.15742E8	4088.71
738.95	1	5.83845E8	2729.19
1299.56	1	1.03461E9	2887.42
1191.88	1	1.03182E9	1927.37
840.812	1	8.37115E8	1540.36
1346.29	1	1.34084E9	2504.41
1217.9	1	7.62378E8	1126.41
1150.17	1	1.77107E9	1709.6
1410.54	1	1.20154E9	2184.05
826.406	1	1.26508E9	1879.88
517.953	1	5.72298E8	1027.65
1384.72	1	1.09676E9	2000.78
1021.67	1	9.29332E8	2188.98
1003.23	1	5.70626E8	1955.5
916.366	1	1.31329E9	1822.87
1012.12	1	7.37971E8	2169.02
1497.91	1	3.20443E8	2431.12
1476.6	1	8.96333E8	4210.44
1120.42	1	7.53801E8	1249.77
1326.23	1	1.42624E9	2193.44
688.937	1	6.347E8	1421.24
1047.18	1	2.99427E8	1998.04
579.255	1	5.42913E8	665.182
740.931	1	2.88656E8	1490.36
653.551	1	5.50489E8	1577.01
1349.53	1	1.39032E9	1949.87
1106.36	1	1.68608E9	1762.56
775.537	1	7.11487E8	1884.56
1123.55	1	9.62363E8	2656.96
789.633	1	5.23894E8	1095.93
1023.34	1	2.0526E9	1633.04
695.74	1	8.65285E8	2107.26
1083.33	1	4.92737E8	1579.19
569.929	1	6.23007E8	1084.83
1439.98	1	9.99931E8	1819.75
665.043	1	1.68543E8	1113.35
922.682	1	1.02943E9	2402.73
550.215	1	7.38224E8	657.533
1030.7	1	1.13563E9	2518.17
973.187	1	1.50903E9	1222.19
1048.67	1	9.05074E8	1678.75
1133.48	1	6.30072E8	3465.16
1122.1	1	3.95766E8	742.915
731.037	1	5.45694E8	1636.85
1154.85	1	5.13652E8	2042.32
989.53	1	1.17607E9	2150.63
611.806	1	1.03366E9	915.351
933.25	1	4.76283E8	1563.27
876.918	1	8.57255E8	1400.73
1174.89	1	1.18245E9	2665.66
961.526	1	4.7474E8	1839.37
809.95	1	7.3521E8	1274.65
1038.79	1	1.11134E9	1748.15
1304.23	1	1.53767E9	1779.08
1054.38	1	1.09125E9	2197.41
655.966	1	1.62469E8	1247.59
1453.98	1	1.15497E9	4211.09
1424.25	1	1.08809E9	1793.17
1201.02	1	9.26461E8	4214.0
1142.35	1	2.34555E8	3990.75
1340.2	1	1.09412E9	1738.82
1307.74	1	5.76457E8	4029.84
1021.04	1	6.85234E8	1954.65
1414.47	1	1.2391E9	1884.25
607.532	1	7.04116E8	965.543
1112.76	1	9.76182E8	2479.43
767.15	1	2.844E8	1174.12
959.614	1	8.71579E8	1100.06
895.254	1	8.48936E8	2181.76
1497.96	1	3.07541E8	1935.59
871.66	1	5.06155E8	1558.47
1437.08	1	4.73947E8	2556.82
1279.97	1	1.40179E9	1603.87
496.983	1	3.95071E8	937.935
739.504	1	1.24385E9	1790.95
626.747	1	1.93529E8	814.548
848.821	1	5.20888E8	2727.2
638.696	1	5.10403E8	1309.97
970.505	1	9.0667E8	2311.01
588.325	1	1.68339E9	1502.67
657.069	1	9.94238E8	1069.95
515.867	1	6.21804E8	1351.4
1175.43	1	6.92664E8	3230.85
502.698	1	8.64082E8	1106.57
1413.07	1	4.98463E8	1820.07
834.165	1	9.68838E8	1140.37
726.74	1	7.72608E8	2353.14
650.017	1	4.96517E8	1279.13
1411.41	1	1.45423E9	2546.83
1003.04	1	1.22057E9	1780.39
1078.01	1	1.05688E9	2246.98
1175.21	1	7.56908E8	3048.39
682.593	1	5.28675E8	1394.71
528.018	1	7.9614E8	4052.06
743.5	1	8.57837E8	1005.46
1163.98	1	9.84946E8	2288.69
595.833	1	5.58573E8	1454.39
1409.06	1	9.5504E8	2816.98
576.711	1	7.96821E8	4101.82
1153.31	1	1.30067E9	1520.15
1257.64	1	8.16986E8	1602.02
1144.74	1	1.65053E9	2171.64
1139.72	1	9.84807E8	1708.57
978.378	1	8.39862E8	1134.62
966.467	1	6.26669E8	1260.42
536.144	1	3.35873E8	1237.67
676.969	1	5.65581E8	1553.57
710.008	1	6.97917E8	1773.59
957.878	1	6.53074E8	1815.37
720.742	1	2.60481E8	4125.85
1026.25	1	1.3045E9	1191.38
1351.49	1	1.40859E9	2284.54
1298.66	1	5.8546E8	2279.99
1340.09	1	8.86699E8	2545.52
623.702	1	5.04359E8	1645.82
616.466	1	7.85168E8	1366.43
809.644	1	5.53004E8	2016.49
642.788	1	4.53926E8	2360.12
1148.69	1	1.09006E9	1416.58
1027.71	1	5.27993E8	4027.16
1279.41	1	1.60041E9	1735.71
1323.27	1	7.71981E8	2114.93
1186.4	1	7.52792E8	1868.38
1273.8	1	7.67217E8	1969.66
518.795	1	9.69053E8	1117.91
591.462	1	5.69226E8	906.991
1251.8	1	5.99644E8	2240.27
834.872	1	5.67576E7	1458.04
957.625	1	1.52031E9	1994.73
578.927	1	7.77358E8	1366.51
683.454	1	5.67269E8	908.946
1150.08	1	9.37553E8	2310.61
794.853	1	1.0065E9	2346.81
1320.45	1	1.76986E9	2371.14
1044.42	1	1.17891E9	1296.52
549.972	1	1.39411E8	1743.43
693.439	1	6.52824E8	1780.12
803.586	1	5.00613E8	1368.24
759.252	1	1.16664E9	1711.13
1423.63	1	1.53568E9	2355.94
598.844	1	1.72457E8	4012.04
494.414	1	1.07133E8	1068.66
839.985	1	1.12746E9	2218.45
1120.37	1	7.76324E8	2399.85
519.414	1	5.34801E8	1755.74
970.494	1	6.61829E8	1649.44
816.231	1	7.04091E8	1737.53
1279.74	1	1.40878E9	2513.47
1213.58	1	9.80449E8	2260.26
753.184	1	3.56676E8	1660.85
984.733	1	1.17092E9	2637.12
955.599	1	5.37191E8	2065.56
923.338	1	1.53445E9	2274.35
1027.94	1	1.17223E9	1552.8
1367.49	1	8.94108E8	1816.55
1433.14	1	1.93974E8	1853.01
1355.47	1	5.96661E8	2225.34
1216.63	1	1.2786E9	2430.1
1173.06	1	1.02033E9	1239.3
1063.3	1	7.5416E8	1638.67
1410.13	1	1.32831E9	2286.2
992.763	1	6.43102E8	1820.22
1195.75	1	1.09556E9	1764.13
1147.64	1	1.22679E9	2667.3
776.632	1	3.89504E8	1720.96
1206.48	1	1.09164E9	2374.71
856.681	1	1.17796E9	1388.88
668.824	1	4.60368E8	1960.5
953.728	1	6.98329E8	1800.52
644.01	1	1.86218E8	907.129
681.828	1	3.13239E8	1483.89
1389.44	1	1.04429E9	1886.05
790.254	1	3.631E8	671.504
1263.87	1	1.11399E9	1724.38
898.99	1	1.53895E9	1419.14
900.301	1	4.53849E8	1726.28
1075.77	1	1.11742E9	1342.15
1212.92	1	1.44749E9	1755.11
1127.57	1	7.52911E8	1821.34
1451.25	1	6.06612E8	1143.45
1409.83	1	7.95913E8	2370.71
1291.55	1	4.10659E8	2245.99
610.234	1	7.8885E8	1321.91
710.437	1	5.82846E8	1548.26
1395.96	1	1.26641E9	2662.23
1223.22	1	3.97155E8	1976.6
980.713	1	7.65718E8	2170.53
790.247	1	6.92772E8	1281.65
972.318	1	9.38658E8	2243.31
1494.68	1	6.29346E8	2391.5
654.797	1	3.09744E8	4130.73
618.904	1	2.76025E8	4030.88
548.851	1	3.77554E8	4037.05
1006.58	1	9.61967E8	1676.97
1372.66	1	7.56097E8	2220.9
1208.34	1	1.58129E9	1494.29
754.829	1	2.10307E8	2086.09
1406.82	1	2.41507E8	736.962
1237.99	1	1.6065E9	2275.06
1188.36	1	2.37004E8	1808.69
1414.08	1	9.71695E8	3315.85
539.054	1	6.15398E8	1594.19
1259.69	1	5.87491E8	1675.83
778.79	1	5.45066E8	1380.0
1363.38	1	1.55087E9	2528.51
1243.56	1	9.98157E8	2752.96
924.855	1	9.76574E8	2191.69
1235.61	1	5.21207E8	1325.31
1335.98	1	6.18676E8	4016.4
560.915	1	6.98758E8	1231.16
1293.17	1	9.21393E8	1362.52
1089.94	1	4.32249E8	2275.33
1052.02	1	6.68235E8	4217.25
1134.7	1	5.98088E8	1647.42
848.246	1	3.74123E8	1053.94
948.766	1	3.77391E8	2061.99
619.491	1	1.25246E9	1546.55
881.716	1	8.60506E8	811.828
1354.93	1	5.13906E8	4210.85
1279.31	1	1.38281E9	2395.31
1322.05	1	1.50986E9	1704.74
750.377	1	4.62576E8	1418.32
768.129	1	8.32785E8	1528.53
1285.31	1	1.19547E9	1526.52
1099.7	1	1.85849E9	1846.73
828.768	1	2.47375E8	566.15
1209.4	1	9.75394E8	2773.83
1011.85	1	6.84681E8	882.417
609.587	1	5.21442E8	1075.72
1370.41	1	9.16464E8	3054.0
1123.03	1	1.08958E9	2060.02
986.182	1	1.38436E9	2310.43
1244.1	1	3.82918E8	2228.55
521.597	1	5.63661E8	4074.48
1034.67	1	9.96082E8	1779.14
1292.82	1	1.08696E9	1765.43
573.227	1	4.85898E8	4022.15
712.626	1	4.9904E8	1482.33
973.587	1	5.05346E8	1485.28
633.092	1	2.60429E8	1190.41
538.665	1	3.04133E8	476.184
669.437	1	6.05681E8	818.934
729.666	1	1.02196E9	2025.99
901.476	1	6.11545E8	1514.92
904.091	1	1.13152E9	2033.39
458.046	1	4.63426E8	946.205
1040.46	1	1.19993E8	2064.88
775.137	1	8.93484E8	2108.13
1185.16	1	4.93828E8	1955.23
1263.64	1	6.77975E8	4040.04
766.77	1	6.78168E8	682.707
1149.51	1	1.95653E8	2075.3
820.089	1	1.30235E9	2148.35
531.379	1	8.35882E8	963.124
1381.16	1	4.60424E8	1915.12
997.177	1	1.45884E9	1595.49
1120.58	1	1.45261E9	1427.29
1411.3	1	7.04555E8	1940.66
943.016	1	9.39207E8	1366.77
1015.35	1	5.28989E8	1589.93
1167.42	1	3.9992E8	1868.63
990.054	1	8.13234E8	1993.08
997.615	1	3.97725E8	1943.21
776.094	1	3.62041E8	1608.55
1206.05	1	3.81321E8	2451.85
393.264	1	5.63275E8	675.377
1375.59	1	8.91177E8	2397.46
725.041	1	9.93914E8	991.771
1138.59	1	1.6489E9	2315.3
731.335	1	3.22857E8	1390.25
1210.0	1	9.6859E8	1403.22
1457.24	1	1.39873E9	2028.92
1026.67	1	4.38884E8	1408.74
1033.5	1	1.59481E8	1844.57
1142.78	1	9.19533E8	1479.52
1480.53	1	1.03004E9	2726.64
1052.94	1	9.53746E8	1611.79
863.988	1	2.32698E8	1879.23
912.216	1	7.83028E8	1958.24
404.452	1	1.44889E8	1410.48
751.158	1	1.98519E8	4011.6
553.326	1	6.18875E8	1228.83
807.539	1	1.51215E9	2184.57
1429.74	1	9.82198E8	2576.36
397.417	1	7.72275E8	904.819
774.931	1	1.28727E8	4004.98
987.855	1	3.53662E8	1828.82
774.129	1	3.29619E8	1677.76
1266.27	1	2.84468E8	1966.39
802.052	1	3.56836E8	847.386
1218.87	1	1.12755E9	2351.95
774.974	1	3.82147E8	969.937
1165.37	1	3.69749E8	1935.01
1346.03	1	1.25529E9	2096.08
536.616	1	5.40408E8	1102.92
823.214	1	6.90623E8	1415.79
1285.19	1	7.72474E8	2198.42
949.63	1	6.44737E8	966.471
1434.69	1	8.71423E8	3154.62
896.858	1	4.1687E8	1676.97
678.48	1	7.09569E8	670.933
719.265	1	5.11746E8	871.338
1281.38	1	1.01672E9	2134.79
1260.26	1	8.08897E8	3181.32
1468.84	1	7.77285E8	1887.69
940.775	1	3.02923E8	1505.0
891.288	1	8.49718E8	1609.7
1374.75	1	6.92147E8	2525.53
1315.64	1	1.48187E9	2009.27
823.4	1	6.96183E8	1190.15
969.951	1	1.00706E9	2473.78
959.101	1	4.3946E8	1726.8
963.188	1	6.20833E8	973.653
1370.35	1	3.04678E8	2415.78
715.424	1	2.72504E8	938.392
983.03	1	8.5904E8	1787.87
1132.15	1	8.74208E8	2522.68
957.42	1	1.30578E9	1381.96
1442.14	1	4.01788E8	4208.76
523.899	1	4.872E8	1667.78
730.887	1	3.08575E8	1728.01
1339.04	1	1.38981E9	2395.34
1062.13	1	9.56347E8	1553.2
1321.32	1	4.64015E8	2572.86
1066.27	1	8.14663E8	2876.4
823.05	1	2.23676E8	1944.4
858.55	1	1.42867E8	1173.11
1033.95	1	8.57699E8	4208.06
946.602	1	3.5363E8	907.617
809.126	1	9.2973E8	2290.75
566.518	1	3.33121E8	1558.61
1125.68	1	9.52615E8	1987.23
558.04	1	9.51162E8	1329.78
1072.28	1	5.11232E8	2203.48
1122.34	1	3.71158E8	2500.43
1002.14	1	1.85895E8	1719.7
567.451	1	3.74163E8	4126.26
1253.98	1	1.11879E9	1766.43
1294.16	1	1.10829E9	2080.6
1003.02	1	1.03702E9	2124.0
1065.57	1	1.29234E9	2284.29
1107.91	1	1.01723E9	2822.81
877.828	1	4.37319E8	1483.58
1403.67	1	2.29782E8	2322.61
1319.61	1	9.78855E8	1447.05
754.123	1	6.01263E8	1150.89
916.333	1	8.27841E8	1326.34
1429.44	1	1.2232E9	2270.6
1288.34	1	1.09268E9	2018.11
1164.54	1	1.11693E9	1425.59
1251.11	1	9.34702E8	2347.25
802.616	1	1.07855E9	1165.89
759.957	1	6.16738E8	1062.75
637.704	1	7.04848E8	2287.78
625.626	1	3.16336E8	776.573
1119.11	1	5.53562E8	1821.51
906.558	1	1.32478E8	1795.79
709.961	1	3.37084E8	1430.26
1017.21	1	1.1574E9	2431.13
1496.7	1	8.94162E7	2341.37
767.519	1	7.68121E8	965.174
513.709	1	4.76411E8	795.951
748.446	1	1.1445E9	1324.41
702.978	1	2.14158E8	984.106
1266.5	1	1.22461E9	2578.73
1487.13	1	1.27402E9	1907.56
860.237	1	4.98141E8	1751.34
1346.91	1	4.15648E8	2201.23
1234.17	1	7.9898E8	3085.42
1042.71	1	3.93349E8	1668.07
1443.62	1	1.1135E9	2714.02
449.347	1	3.61007E8	823.441
1268.69	1	1.43577E9	2165.96
1266.33	1	1.16064E9	2677.49
559.571	1	5.64157E8	1503.82
983.801	1	4.63366E8	1255.61
1233.86	1	8.21451E8	4213.11
1396.17	1	4.31961E8	937.65
1127.99	1	9.80447E8	2951.45
997.235	1	1.46222E9	1474.41
1351.62	1	5.81814E8	4035.01
802.078	1	4.19602E8	730.526
1412.21	1	1.18051E9	3974.79
1132.13	1	8.22497E8	2385.83
1434.81	1	1.04925E9	2873.82
1227.83	1	9.29013E8	1793.89
1235.67	1	5.97008E8	1134.55
774.338	1	4.61181E8	1949.34
871.84	1	6.04098E8	1469.49
652.745	1	2.58535E8	1127.87
1043.74	1	1.70955E8	1622.01
655.177	1	1.44954E9	1468.66
951.023	1	1.07862E9	2310.2
834.633	1	1.24913E8	1890.67
1067.45	1	3.80739E8	2203.05
393.155	1	3.77393E8	968.294
1445.96	1	1.23001E9	2370.75
1107.23	1	1.16331E9	1666.9
1089.1	1	3.40826E8	1795.06
1199.29	1	5.26403E8	1468.57
649.344	1	5.02117E8	621.504
884.831	1	9.81737E8	943.918
799.108	1	2.28559E8	1354.78
1369.29	1	2.73666E8	2489.63
598.075	1	9.14129E8	1072.16
1220.83	1	6.41781E7	1793.24
1012.74	1	7.34943E8	2758.63
1190.06	1	1.08574E9	1380.17
1219.86	1	4.63142E8	1948.34
788.488	1	7.92506E8	2009.84
1240.03	1	1.10784E9	2637.1
1293.31	1	1.19676E9	2723.97
1370.32	1	8.43456E8	3276.31
1261.95	1	3.72779E8	2001.0
1448.91	1	4.01002E8	1882.6
959.728	1	2.83822E8	1918.93
1320.04	1	1.2325E9	2463.7
767.607	1	3.68894E8	1957.73
884.505	1	1.29969E8	1835.19
504.333	1	5.9215E8	589.779
898.544	1	5.2986E8	704.988
645.161	1	2.58307E8	1457.96
988.617	1	9.26261E8	2498.79
1306.3	1	3.76601E8	2022.33
924.107	1	2.34642E8	1109.83
1178.98	1	1.3146E9	2460.01
1356.44	1	1.21563E9	2627.16
1399.1	1	5.87218E8	2361.31
726.585	1	2.44079E8	1738.43
1170.16	1	2.98736E8	2664.34
867.012	1	3.5602E8	1460.59
966.054	1	6.26578E8	2542.49
889.515	1	8.9081E8	2322.07
1317.31	1	1.08035E9	1906.54
1277.71	1	6.45616E8	1476.08
864.384	1	9.54009E8	2558.56
1249.08	1	1.07675E9	2579.36
1284.29	1	1.19099E8	2250.49
1158.93	1	6.23097E8	1615.07
1016.15	1	2.18734E8	1941.27
974.331	1	3.40636E8	1766.72
511.973	1	5.40386E8	1526.09
708.532	1	2.08033E8	1393.62
1246.8	1	1.42228E9	1552.06
1473.51	1	1.00584E9	1810.39
1269.93	1	5.43415E8	2397.26
1363.59	1	2.90854E8	2298.5
573.549	1	2.12106E8	861.04
854.859	1	9.66042E7	1782.23
1312.2	1	4.09692E8	2447.28
759.913	1	1.01841E9	1493.91
1438.39	1	1.48955E8	4229.8
533.17	1	6.56505E8	834.477
1209.5	1	7.44651E8	2866.58
1332.38	1	9.91306E8	2770.66
744.319	1	1.89989E8	1378.93
960.081	1	4.63173E8	2492.71
1026.12	1	9.21166E8	1707.87
1378.7	1	8.65501E8	1608.08
1231.69	1	1.45953E9	2445.43
632.79	1	4.6329E8	1320.06
472.712	1	7.32428E8	1221.12
1173.05	1	8.5087E8	2975.54
959.775	1	1.20975E9	1472.2
906.219	1	7.88645E8	1234.28
1016.7	1	3.24587E8	1679.92
1226.52	1	3.79923E8	2211.1
872.376	1	4.33914E8	1075.9
516.825	1	3.36653E8	1442.58
1022.31	1	1.4182E9	2348.35
1484.06	1	8.7587E8	2823.84
1194.11	1	1.5379E9	1555.43
1286.37	1	5.65357E8	1301.52
1390.43	1	8.63293E8	2870.75
1297.91	1	1.11649E9	1693.24
1467.04	1	2.96533E8	4210.86
1226.18	1	1.47888E9	2547.51
1403.62	1	2.50789E8	4219.12
1036.55	1	9.73151E7	1489.16
684.574	1	8.62019E8	1796.94
1427.93	1	9.40504E8	2700.12
1346.31	1	7.15811E8	1249.49
936.826	1	5.86749E8	1770.68
1205.08	1	1.52548E9	2119.44
1424.56	1	3.30023E8	2640.87
1396.92	1	1.30303E9	2529.1
1192.33	1	3.45401E8	4214.77
1265.68	1	3.35588E8	1925.47
1034.62	1	4.57257E8	1259.67
1152.89	1	8.66868E8	1238.26
1066.98	1	4.49591E8	1926.42
764.832	1	2.3501E8	4116.12
1194.9	1	2.79672E8	1479.58
835.143	1	1.04219E9	919.22
1372.91	1	1.99515E8	2357.1
606.686	1	2.33841E8	1027.26
908.711	1	9.22136E8	2319.01
810.722	1	6.48192E8	2105.83
869.33	1	4.36644E8	1397.11
1096.37	1	9.30596E8	2790.05
1056.16	1	5.57504E8	1477.23
796.424	1	3.39786E8	1716.17
1286.68	1	2.31825E8	2094.53
910.631	1	7.53697E8	2410.75
791.657	1	5.13273E8	997.223
1172.39	1	2.90937E8	2494.11
1354.95	1	2.42074E8	2547.58
718.917	1	7.2937E8	2449.48
1494.01	1	3.62666E8	2809.11
1111.35	1	8.14419E8	1023.54
1165.18	1	6.37045E8	1499.55
1204.5	1	2.7087E8	1755.8
612.731	1	1.56155E8	1250.83
964.975	1	1.8385E8	2276.61
608.611	1	5.23197E8	1219.38
953.035	1	6.22858E8	1735.15
1078.67	1	1.21033E9	2617.69
971.222	1	5.29224E8	2186.61
1363.25	1	1.29583E9	1903.69
576.479	1	6.93283E8	1440.58
1112.29	1	4.22167E8	1438.74
1082.16	1	8.05969E8	1498.7
1104.84	1	2.00235E8	1599.87
1170.54	1	1.32973E8	2020.73
1369.84	1	5.68273E8	2980.18
1246.9	1	8.57163E8	2380.97
911.336	1	1.27769E8	959.087
1124.47	1	2.00784E8	2121.16
1201.49	1	2.95143E8	2429.39
1279.61	1	9.22195E8	1823.67
528.194	1	2.93732E8	1127.34
1059.49	1	6.53411E8	1713.05
980.487	1	2.37445E8	2092.34
816.23	1	8.61046E8	817.018
1224.26	1	1.34297E9	1515.9
1364.37	1	1.75332E8	2241.87
1281.23	1	1.21777E9	2671.15
1284.53	1	6.04345E8	1685.57
547.456	1	5.27217E8	4125.42
1075.52	1	7.7301E8	1533.89
1054.83	1	2.49489E8	2288.42
591.113	1	6.52366E8	1690.69
1202.53	1	1.50894E9	1658.98
1196.81	1	2.51965E8	2104.09
1082.33	1	8.86696E8	2058.27
1463.55	1	3.67287E8	1832.99
1022.69	1	2.16296E8	2272.65
1180.86	1	1.86794E8	2232.55
890.533	1	6.01267E8	1703.71
613.855	1	1.99347E8	1517.18
641.729	1	3.02532E8	4029.31
1048.41	1	4.43976E8	705.842
1442.8	1	1.20593E9	2020.53
1233.4	1	3.0117E8	1271.78
1181.56	1	2.46819E8	1989.96
1171.32	1	2.45456E8	2435.74
1004.27	1	4.0311E8	2217.54
1128.86	1	1.63714E9	1536.44
1271.2	1	8.93934E8	2780.97
848.338	1	5.5461E8	891.405
728.919	1	1.08609E8	1602.05
1036.28	1	7.18201E8	1660.2
1259.83	1	8.18271E8	3966.67
1017.94	1	1.08157E9	1406.55
729.887	1	5.6845E8	1875.05
1296.49	1	8.1172E8	3450.56
848.295	1	3.39651E8	1436.42
1301.53	1	1.93464E8	2547.99
735.017	1	6.09945E8	987.433
587.272	1	3.73513E8	1271.29
1340.88	1	6.3521E8	2006.0
723.46	1	5.5739E8	1063.44
960.643	1	5.28731E8	1202.97
1415.23	1	7.75656E8	2930.61
1197.29	1	2.50194E8	2486.0
1120.43	1	1.59929E8	2117.97
823.698	1	2.34642E8	1635.32
1497.76	1	3.71406E8	2206.01
1081.54	1	1.52943E8	1992.58
595.613	1	8.15094E7	4015.22
1098.23	1	7.05374E8	1652.29
1130.25	1	1.06244E9	2861.42
758.499	1	4.48938E8	697.512
906.359	1	1.22491E9	1333.2
1369.87	1	5.50147E8	2143.3
1060.6	1	1.18527E9	2469.25
841.545	1	1.21035E9	2087.22
1169.12	1	7.31601E8	1003.25
1009.17	1	9.49245E8	1085.3
1253.48	1	2.29675E8	4209.97
1037.49	1	1.20662E9	2609.81
1432.67	1	9.96934E8	1484.29
900.773	1	5.92204E8	1197.15
888.133	1	4.50078E8	2154.6
537.979	1	3.75746E7	1326.66
1009.66	1	3.31354E8	2699.39
1228.32	1	3.70933E8	1192.92
1385.28	1	9.07361E8	2706.21
1403.61	1	5.33858E8	1982.36
482.216	1	8.76383E8	1052.31
1167.67	1	4.88094E8	2395.05
1460.33	1	1.06546E9	2495.22
1342.89	1	6.95707E8	1668.98
636.253	1	4.61747E8	1827.79
1214.55	1	1.40689E8	1969.8
925.45	1	4.9882E8	2120.11
716.043	1	2.45233E8	828.101
545.036	1	1.68662E8	1686.63
739.863	1	4.30207E8	714.796
597.921	1	1.00998E8	1409.23
1308.04	1	8.48553E8	2210.94
578.489	1	4.01944E8	1126.09
881.382	1	4.00242E8	2283.14
1278.01	1	4.71693E8	2305.17
1108.2	1	6.40384E8	2187.34
920.211	1	2.19186E8	1631.0
1357.07	1	8.66539E8	3139.91
1298.62	1	5.14464E8	3994.61
1316.01	1	6.04692E8	1820.07
1135.7	1	2.35747E8	4135.07
844.25	1	1.03223E9	1368.08
1201.84	1	3.66813E8	1296.1
1106.02	1	7.14161E8	1416.91
582.838	1	2.78884E8	755.833
1365.71	1	2.16809E8	2114.3
1399.0	1	2.24349E8	2444.82
1242.57	1	4.81494E8	2404.92
1116.36	1	4.83434E8	2352.95
1484.62	1	7.80196E8	2028.23
1262.61	1	4.27116E8	2788.09
1339.51	1	1.2294E8	2068.72
1061.07	1	2.48357E8	1787.37
1221.44	1	4.85955E8	4213.18
773.903	1	7.24883E8	796.449
511.443	1	1.85264E8	1448.38
790.647	1	2.33567E8	1495.08
1116.64	1	4.93353E8	2669.29
1436.93	1	1.29144E9	2117.82
1249.47	1	5.71049E8	1870.58
662.381	1	2.33726E8	1432.66
995.79	1	2.0893E8	2089.31
811.483	1	3.72422E8	3178.68
1387.5	1	1.03195E9	4213.3
1135.01	1	3.84693E8	3949.74
918.767	1	5.81447E8	2148.1
1453.16	1	1.18582E9	1746.98
1194.91	1	4.869E8	3977.58
1168.89	1	7.18242E8	882.87
657.703	1	1.01224E9	1796.99
1474.42	1	1.1075E9	2526.96
1342.5	1	8.97075E8	2866.86
1365.57	1	2.32446E8	2457.8
704.725	1	5.76313E8	2014.22
1009.47	1	5.01618E8	1601.01
1211.82	1	6.04772E8	3426.34
1187.7	1	3.60985E8	1743.95
1360.1	1	6.68786E8	2054.53
609.766	1	5.21722E8	824.964
1021.48	1	4.14289E8	4218.89
896.687	1	5.61397E8	2000.76
797.392	1	5.13554E8	2275.98
1115.28	1	1.09739E9	1987.9
994.226	1	2.08394E8	1924.27
1213.86	1	2.6646E8	4208.67
1307.94	1	5.23613E8	2413.8
639.823	1	2.58933E8	913.798
829.442	1	8.17201E8	1026.92
758.308	1	9.2032E8	928.071
902.947	1	1.77777E8	1790.02
1111.07	1	5.21156E8	2563.37
1155.22	1	1.19745E8	1665.72
906.245	1	5.16027E8	2629.94
1211.39	1	1.23687E8	2078.09
1096.78	1	1.03292E9	2894.83
743.244	1	3.45466E8	4122.35
1022.05	1	4.92341E8	1323.93
525.68	1	2.73567E8	645.084
1199.16	1	9.20039E8	1157.32
1292.92	1	1.58123E9	1872.59
956.876	1	7.14167E8	4217.61
1334.45	1	9.01793E8	1363.99
1347.91	1	8.35904E8	1615.18
1119.35	1	8.63816E8	1332.48
1240.22	1	3.48325E8	2500.93
1043.35	1	7.78202E8	2952.44
1185.64	1	9.58005E8	1596.51
1298.63	1	6.22178E8	3051.26
1461.0	1	7.18641E8	2126.07
894.973	1	3.24935E8	4038.38
1013.74	1	3.17857E8	2101.63
1236.95	1	6.72983E8	2364.69
1027.39	1	4.6324E8	1483.11
1024.54	1	8.0577E8	1823.16
1418.78	1	7.762E8	1437.62
1042.26	1	8.41879E8	1210.52
1013.59	1	9.92432E8	1191.9
1093.52	1	6.31988E8	2169.85
1290.23	1	4.52866E8	4002.83
790.531	1	6.12234E7	1390.49
1293.18	1	2.55058E8	4212.05
658.146	1	2.28165E8	873.382
952.288	1	6.30913E7	1421.6
862.257	1	4.57061E8	1125.4
1226.7	1	5.42954E8	3114.18
1315.25	1	1.45642E9	2695.8
847.303	1	6.23045E8	2486.11
1300.6	1	6.96742E8	2005.89
1332.39	1	4.683E8	2473.19
1164.19	1	8.65091E8	1785.14
1496.14	1	5.19666E8	2677.4
1453.02	1	1.37104E9	2173.14
737.602	1	1.20596E9	2205.74
827.65	1	1.61132E8	1346.04
673.2	1	2.87124E8	2138.26
1272.41	1	5.80891E8	2308.86
909.756	1	3.65903E8	1151.78
845.593	1	5.05711E8	832.834
1357.46	1	1.24495E9	2749.24
904.68	1	5.63227E8	1960.81
1396.06	1	8.6036E8	3163.97
855.757	1	3.75012E8	2567.84
1293.94	1	4.10461E8	2849.79
1378.54	1	3.43201E8	4215.93
1085.89	1	1.1995E8	1912.98
482.111	1	5.15486E8	677.529
1334.02	1	4.75596E8	2035.2
974.344	1	5.59001E8	2112.9
1242.9	1	1.35661E9	1670.99
481.244	1	1.62423E8	911.656
698.67	1	4.76113E8	1849.52
678.734	1	2.61071E8	1402.9
1412.81	1	8.75858E8	3223.27
1089.96	1	9.14251E8	1653.21
1187.07	1	3.32669E8	4213.87
1309.1	1	4.77056E8	1876.44
633.536	1	3.05851E8	1124.59
903.894	1	6.00596E8	940.598
705.157	1	6.69728E8	1442.1
1322.65	1	1.02449E9	4210.58
566.209	1	5.45337E7	4007.2
1270.56	1	4.08137E8	1867.92
1166.42	1	7.04254E8	2134.17
1161.74	1	1.5045E8	2180.22
1496.51	1	4.18629E8	2015.33
784.562	1	5.60787E8	1165.82
1063.18	1	1.87676E8	2203.23
550.963	1	3.08837E8	1480.03
873.548	1	6.2041E7	1357.76
1489.02	1	8.91223E8	2425.15
893.592	1	3.47346E8	1950.83
1125.78	1	9.66874E8	1620.26
1323.45	1	9.68198E8	2916.74
513.416	1	2.1576E8	730.434
759.706	1	3.37986E8	584.43
819.426	1	5.512E8	1581.07
914.359	1	2.16751E8	1102.75
1166.52	1	4.90087E8	746.751
1314.07	1	1.19857E9	1562.44
1234.65	1	8.9347E8	1930.89
1446.98	1	8.77715E8	2237.32
771.171	1	7.11889E7	3999.19
509.786	1	2.20474E8	728.341
1258.26	1	5.64141E8	1981.0
860.636	1	1.63571E8	1627.49
568.155	1	2.53608E8	998.85
1150.53	1	1.05473E9	1892.31
1100.17	1	8.59538E8	2451.04
927.403	1	7.64602E8	1263.23
928.622	1	4.7045E8	4216.72
1323.54	1	7.88644E8	1344.64
1160.76	1	4.20245E8	1933.22
675.027	1	1.10314E8	1407.4
1035.36	1	7.90587E8	2708.37
1444.85	1	3.78462E8	1761.08
1202.66	1	2.12504E8	2815.65
918.572	1	1.02739E8	2212.91
1004.54	1	1.22625E9	1404.77
821.486	1	1.00626E9	1020.46
955.822	1	2.78116E8	1888.43
1473.48	1	1.12051E9	1712.36
1261.98	1	1.14314E9	2896.08
1034.36	1	1.23402E8	2059.73
1445.72	1	5.37812E8	2849.32
1110.66	1	8.1256E8	1859.18
1201.23	1	9.40346E8	3000.17
835.986	1	3.09876E8	1739.08
995.833	1	5.31762E8	1043.73
1236.75	1	3.19232E8	2555.73
782.338	1	4.749E8	1227.0
1493.37	1	8.72893E8	1793.75
1152.39	1	6.95941E8	2940.64
1153.79	1	5.17324E8	1785.5
920.513	1	4.01339E8	2331.92
1439.13	1	1.10225E9	1662.18
1144.39	1	6.35482E8	1034.07
563.585	1	1.77385E8	1064.85
861.191	1	6.36978E8	811.693
630.031	1	5.24351E7	1092.94
1388.57	1	1.45433E8	2187.13
886.926	1	5.89137E8	2567.64
865.03	1	7.45316E8	2077.4
1178.43	1	5.34374E8	3970.99
1443.97	1	9.77092E8	1582.26
681.169	1	8.89354E8	1880.45
1417.23	1	9.2396E8	3140.91
1135.29	1	9.54648E8	1410.7
655.591	1	3.93072E8	1729.69
1408.74	1	8.35121E8	1666.0
749.462	1	2.46797E8	1948.28
915.987	1	3.39094E8	1399.28
858.868	1	4.01289E8	2013.86
541.892	1	8.02945E7	1161.57
1302.27	1	7.03809E8	2476.34
624.863	1	4.23597E8	1413.99
757.457	1	3.04108E8	856.437
743.341	1	1.43209E8	1281.5
1162.27	1	2.35638E8	1885.21
559.19	1	4.60226E8	1088.79
1495.93	1	4.96184E8	4210.56
980.7	1	2.92357E8	2010.62
1360.08	1	2.786E8	1814.45
700.879	1	3.13351E8	1224.15
1423.72	1	1.14144E9	1710.63
1371.56	1	8.90444E8	1731.82
1168.67	1	9.87683E8	1136.88
1098.22	1	2.26129E8	4216.06
655.663	1	3.08945E8	1663.45
830.575	1	9.13944E8	2117.96
798.052	1	4.60233E8	2180.26
1421.3	1	6.5121E8	2225.5
1376.18	1	2.56573E8	1980.58
696.18	1	2.82432E8	1592.17
1280.87	1	2.50738E8	2061.7
1241.28	1	2.7875E8	1597.69
1134.34	1	5.9088E8	3557.9
1400.46	1	4.21975E8	1687.3
1070.77	1	8.24912E8	2797.92
1257.32	1	9.44958E8	2443.42
998.609	1	3.1423E8	1700.62
988.118	1	5.86244E8	1566.48
705.679	1	1.92949E8	1533.55
538.657	1	8.31875E7	897.826
1198.5	1	7.22033E8	2717.21
1195.29	1	7.85793E8	2411.25
1260.23	1	1.1564E9	1416.32
1152.75	1	3.26655E8	1597.43
1104.27	1	4.96372E8	3975.8
859.327	1	5.16754E8	1951.37
1236.58	1	4.39187E8	1518.99
511.818	1	4.89598E8	862.929
934.692	1	6.92402E8	1465.23
721.7	1	7.78711E7	1885.15
714.799	1	2.36047E8	1677.91
1080.32	1	3.74116E8	2538.18
931.235	1	1.61395E8	2056.13
1415.41	1	7.40052E8	3600.6
641.597	1	1.69099E8	1010.04
856.623	1	9.11178E8	2344.85
673.174	1	3.88386E8	1875.63
1154.98	1	5.8279E8	2246.09
1206.63	1	6.42047E8	2192.93
843.213	1	2.17004E8	1208.81
1303.13	1	3.35226E8	2400.39
1429.8	1	6.39657E8	2055.47
1490.28	1	8.28566E8	3986.51
968.591	1	3.93673E8	1534.76
1234.64	1	3.90389E8	1611.83
1131.26	1	2.77223E8	2305.56
1146.87	1	3.86825E8	2256.6
1362.2	1	8.21782E8	1682.23
717.155	1	6.04531E8	2052.46
738.015	1	1.6862E8	1166.08
1317.76	1	3.64735E8	2090.15
1032.81	1	7.51298E8	1029.41
1045.3	1	2.48933E8	1385.97
965.697	1	2.01082E8	1677.71
852.627	1	2.87537E8	1935.44
979.474	1	8.66666E7	2499.34
1314.99	1	3.62993E8	1741.39
943.768	1	2.35026E8	2068.75
988.689	1	1.24945E9	1669.16
790.555	1	2.25196E8	2290.15
1392.97	1	1.08849E9	1816.31
1003.31	1	3.04849E8	1151.96
1311.61	1	4.32079E8	1678.72
1141.12	1	3.09852E8	2235.28
659.201	1	1.15073E8	1001.04
1137.43	1	4.41442E8	1158.93
1316.81	1	9.83425E8	3005.73
1370.25	1	1.36653E9	2687.4
1109.35	1	7.69756E8	2355.86
786.832	1	4.93814E8	2274.1
1388.42	1	5.56204E8	2611.29
1264.09	1	3.18475E8	2386.11
1436.48	1	9.70525E8	3013.72
1029.24	1	2.01356E8	1777.09
1368.99	1	1.14597E9	2816.91
957.769	1	1.1193E8	1025.56
1343.48	1	8.91566E8	4211.19
1252.03	1	8.92329E8	1975.39
1085.48	1	1.53239E8	2269.87
1025.46	1	3.53756E8	1266.88
1374.5	1	2.44379E8	4211.16
1219.09	1	1.20061E9	1601.42
1041.57	1	4.96528E8	2508.11
736.774	1	1.22597E8	1052.71
1337.73	1	1.06539E9	1535.19
1477.56	1	9.44514E8	2940.58
1230.23	1	3.9981E8	1599.27
1407.18	1	1.23229E9	2636.62
1026.18	1	5.20524E8	2679.03
1352.96	1	1.69943E8	1673.42
450.151	1	3.30479E8	1189.86
1260.26	1	9.54278E8	2992.62
637.878	1	5.66488E8	2194.05
1402.43	1	3.44909E8	2103.77
1259.81	1	2.85458E8	2680.27
1232.19	1	3.09418E8	2349.88
514.727	1	1.9195E8	978.739
1038.44	1	7.83393E8	2333.46
806.873	1	3.00343E8	1101.93
1322.77	1	4.76972E8	2298.19
1172.79	1	3.07396E8	3937.99
1288.67	1	7.18135E8	2803.36
802.477	1	7.02313E8	2645.3
1082.27	1	3.89354E8	1795.57
1417.8	1	4.83645E7	1767.47
816.76	1	4.12322E8	4208.36
1360.47	1	7.55547E8	1183.3
1273.91	1	4.75702E8	2094.35
1482.62	1	1.3321E8	2368.47
1346.44	1	7.99833E8	2686.2
687.79	1	6.0191E8	1694.12
876.073	1	6.60585E8	2245.68
822.415	1	1.61121E8	1505.45
955.215	1	3.48431E8	2405.09
1023.81	1	5.76905E8	2557.28
618.2	1	2.91219E8	1451.6
1014.44	1	8.49201E7	1815.54
1308.57	1	3.39273E8	1661.46
1215.55	1	5.51995E8	1681.89
1168.34	1	8.35706E7	2077.41
621.257	1	7.98013E8	1721.85
708.919	1	3.13753E8	4149.56
1113.18	1	4.76765E8	1211.04
1466.38	1	1.07179E9	2302.41
857.21	1	4.8749E8	4025.15
1492.75	1	9.71462E8	1697.81
1144.4	1	1.38816E8	1533.3
1408.8	1	3.61645E8	3138.72
1464.93	1	7.73662E8	2428.95
728.525	1	5.06839E7	1386.89
1395.57	1	8.32677E8	1617.16
1081.69	1	1.16674E8	2473.65
967.148	1	1.62262E8	1606.42
1313.1	1	5.85816E8	2917.59
965.109	1	9.67433E7	1989.54
1189.02	1	1.03731E9	1693.28
881.047	1	5.10464E8	2186.76
749.815	1	2.37903E8	2069.92
1405.31	1	5.39587E8	1841.22
1090.46	1	7.4112E7	2455.67
889.507	1	3.06388E8	731.098
1435.64	1	5.47816E8	2197.32
642.002	1	1.51824E8	1090.72
784.62	1	6.49869E8	803.67
880.091	1	1.88685E8	897.323
841.251	1	1.64308E8	2005.5
983.334	1	1.1842E8	1953.12
600.504	1	3.56409E8	2254.71
1349.34	1	3.41165E8	1174.0
1068.46	1	6.76989E7	2155.47
1189.72	1	6.07356E8	2754.25
1297.91	1	3.81461E8	3931.76
919.781	1	7.06769E8	894.593
720.93	1	1.26008E8	1432.35
1423.73	1	7.72879E8	2152.59
1211.48	1	2.72327E8	1635.58
807.074	1	3.17822E8	1943.13
984.568	1	8.02891E7	1581.18
1361.57	1	7.27817E7	2443.8
1107.03	1	8.07321E8	1974.9
1360.58	1	1.51242E8	2305.31
1211.73	1	2.29494E8	1827.65
707.972	1	7.92188E7	1174.72
1144.97	1	1.44397E8	1643.38
1230.36	1	8.53341E8	1439.33
814.252	1	3.80005E8	1014.89
1436.13	1	2.52542E8	2359.02
580.508	1	1.86568E8	1285.98
1349.65	1	7.28793E8	1881.96
1248.15	1	2.84728E8	4212.65
1228.49	1	2.03628E8	1939.14
884.198	1	7.73665E7	1789.25
830.767	1	5.21768E8	2211.35
1290.04	1	8.96565E8	2439.78
1275.71	1	8.94447E8	3074.21
1415.03	1	3.40144E8	1317.46
1127.74	1	1.93981E8	2240.59
909.815	1	6.60025E8	2250.85
1363.07	1	7.19942E7	1751.42
513.688	1	4.29234E8	4045.5
1295.78	1	1.06528E9	1606.73
874.204	1	5.44411E8	2155.02
1304.19	1	7.02036E8	1942.02
1401.02	1	5.41551E8	1901.7
1060.38	1	1.02406E9	1129.04
1291.6	1	1.08621E9	2949.05
1435.06	1	1.98589E8	1996.79
824.596	1	5.89062E8	2260.82
978.62	1	4.72743E8	1942.61
835.898	1	2.69446E8	1582.99
544.896	1	3.80104E8	695.794
1073.63	1	9.79334E8	1421.88
798.665	1	2.5012E8	1655.77
1227.24	1	9.35207E8	2653.37
1288.94	1	2.46583E8	4216.5
1423.19	1	3.22134E8	2564.45
944.025	1	4.29346E8	1236.43
1049.24	1	2.366E8	1934.96
955.691	1	6.85973E8	2763.15
1374.45	1	4.47267E8	1924.39
1195.87	1	4.50203E8	1317.29
916.047	1	4.16864E8	2086.79
1274.63	1	6.93482E8	2237.51
1476.54	1	6.31879E8	2064.91
1285.54	1	2.87359E8	4211.35
1166.39	1	6.73734E8	2497.37
915.472	1	7.56669E8	2770.16
760.622	1	3.4684E8	999.503
776.004	1	9.55743E8	2218.37
1490.79	1	4.01207E8	2649.03
648.276	1	4.80512E8	1728.34
1041.97	1	1.76434E8	1386.06
1185.09	1	1.04677E8	1526.8
1264.94	1	7.13026E8	2244.02
1062.13	1	6.4842E8	3687.26
939.209	1	7.81479E8	2270.57
939.221	1	6.70744E8	2458.59
1425.83	1	7.92675E8	1991.31
966.164	1	7.89379E8	1351.55
882.521	1	7.96554E8	1232.59
1483.43	1	7.42036E8	2640.62
1139.0	1	8.78127E8	1236.08
993.415	1	9.2801E8	2426.47
1116.7	1	7.50037E8	1743.88
458.785	1	9.24268E8	676.564
1490.14	1	6.3619E8	2209.56
698.796	1	6.89023E8	1403.35
687.586	1	7.43804E7	979.663
1246.15	1	1.12074E9	2997.37
673.194	1	2.6533E8	2072.92
1337.55	1	8.50899E8	2240.78
1031.37	1	3.30182E8	2419.09
1115.6	1	1.03097E9	2965.63
651.266	1	6.54943E8	2098.06
1330.84	1	9.57635E8	1607.9
1334.91	1	1.0685E9	1788.59
718.046	1	5.14298E8	2222.68
1291.11	1	3.12183E7	1651.32
1150.37	1	7.45732E8	2579.9
457.521	1	3.99205E8	1411.33
897.494	1	8.48821E8	2409.15
1307.64	1	2.59155E8	2926.36
1473.64	1	6.12276E8	3347.71
1299.48	1	4.02706E8	2389.57
1399.05	1	9.8667E8	1306.31
1005.33	1	2.70718E8	1566.49
746.893	1	5.43929E8	2185.22
1352.7	1	4.79819E8	2029.87
1472.58	1	3.50288E8	2691.46
1448.01	1	2.06966E8	1968.02
1466.18	1	2.07964E8	2200.96
689.996	1	3.99934E8	2134.56
1100.67	1	1.41506E8	2207.25
1079.66	1	2.8401E8	1859.58
1313.75	1	2.49622E8	4222.63
1163.6	1	1.6751E8	2426.11
992.56	1	8.40647E8	930.154
872.096	1	9.12177E7	1621.39
664.714	1	8.27513E7	1633.58
1180.39	1	7.11839E8	3158.08
783.852	1	3.7399E8	1075.74
971.065	1	6.73081E8	4214.47
1087.19	1	7.7296E8	1374.21
1475.92	1	4.26176E8	2623.64
793.37	1	2.86709E8	2191.95
1305.25	1	3.73184E8	1862.29
794.283	1	4.09875E8	914.944
1160.06	1	2.34258E8	2469.33
858.599	1	2.1192E8	1314.79
1451.09	1	2.14544E8	2493.01
1368.33	1	6.04055E8	3621.76
895.753	1	8.11493E7	1837.53
733.442	1	8.35212E8	2115.16
1270.02	1	5.12397E8	1494.19
1295.53	1	3.10238E8	1968.84
1485.18	1	7.67848E8	3110.68
712.045	1	3.71776E8	2157.61
1150.33	1	8.29861E8	2858.99
631.331	1	2.02991E8	2025.19
1362.2	1	9.4297E8	3987.9
1415.09	1	7.5919E8	3435.97
933.093	1	2.07062E8	1749.6
1142.93	1	5.92924E8	2892.46
1107.84	1	3.25738E8	2417.89
1370.38	1	6.90749E8	3494.73
1203.25	1	4.36627E8	1229.18
1436.98	1	5.96041E7	2309.1
1012.08	1	4.68536E8	3173.23
1485.58	1	2.82188E8	1721.72
920.723	1	2.62606E8	518.785
719.17	1	3.16805E8	1123.5
768.264	1	6.29894E7	1277.58
1086.3	1	1.7172E8	1446.28
1081.46	1	2.34636E8	1644.57
936.157	1	7.14435E8	2386.68
1248.58	1	2.09546E8	1785.8
1399.51	1	3.55183E8	2081.69
1413.16	1	4.41175E8	3514.57
999.335	1	1.29894E8	1657.76
962.667	1	2.81867E8	1640.86
702.078	1	1.38187E8	1544.14
899.593	1	4.18215E8	1285.9
1101.31	1	7.12603E8	3305.22
899.674	1	9.40135E7	1353.08
1227.03	1	2.28939E8	2152.78
994.975	1	2.35329E8	1742.84
879.292	1	8.80935E8	2381.67
474.399	1	3.42946E8	1058.96
610.595	1	4.48847E8	1678.14
1340.19	1	6.27213E8	3952.79
967.426	1	7.60762E8	2993.11
1013.8	1	8.91895E8	2509.3
1321.87	1	6.77226E8	2824.44
1347.71	1	2.9003E8	2610.46
1328.48	1	1.57686E8	2483.6
1087.23	1	9.95847E8	1209.38
928.017	1	4.4289E8	1443.9
1333.29	1	2.79921E8	1698.95
1484.28	1	3.54719E8	2223.92
570.162	1	1.33779E8	888.142
1412.31	1	9.94957E8	1525.62
1341.26	1	2.36856E8	2639.77
660.662	1	3.84531E8	1999.59
1006.81	1	6.16597E8	2518.73
930.612	1	4.10616E8	1984.03
1316.14	1	5.13362E8	2778.59
537.351	1	6.28704E8	1453.83
938.38	1	5.03682E8	1211.77
1331.04	1	1.73703E8	1679.48
1398.62	1	5.47465E8	2002.95
928.972	1	5.6885E8	2731.13
1184.79	1	5.50992E8	1324.0
1434.47	1	1.82889E8	2490.63
1331.49	1	5.26943E8	1473.76
1135.36	1	6.05177E8	1485.84
1211.11	1	2.60768E8	1574.11
649.692	1	2.40669E8	1604.57
875.568	1	3.17266E8	807.365
1267.98	1	2.01961E8	2525.2
1383.33	1	3.38016E8	2620.59
1407.89	1	5.32511E8	3347.87
1181.84	1	1.4361E8	1269.9
845.966	1	4.53339E8	4038.49
630.142	1	2.50603E8	1794.76
1160.79	1	2.49477E8	866.013
1059.0	1	6.17871E8	3968.3
1381.16	1	7.2961E8	1433.83
1043.01	1	2.41747E8	4111.15
749.866	1	4.11374E8	1873.4
989.656	1	3.88302E8	2729.12
943.592	1	2.90368E8	1305.5
1185.51	1	5.06632E8	2402.01
1183.99	1	2.31773E8	1811.2
1451.66	1	9.03217E8	2960.35
990.602	1	1.85598E8	1743.49
795.43	1	1.72126E8	1650.84
1341.25	1	1.29779E8	2196.65
1458.18	1	1.07194E9	2337.05
1224.76	1	2.89953E8	2107.86
1287.76	1	6.7375E8	3679.34
1400.56	1	5.45026E8	1158.7
1160.69	1	7.39376E8	4215.5
1255.14	1	3.80939E8	2640.56
1089.11	1	4.20438E8	2117.87
655.412	1	3.2089E8	1394.89
1335.29	1	1.18104E8	2196.85
722.25	1	9.8519E7	1263.14
1378.65	1	8.18608E8	3978.54
915.96	1	5.51723E8	812.008
1173.32	1	9.71279E8	1331.85
1314.24	1	5.38459E8	2627.01
1238.66	1	1.47295E8	1403.41
1429.46	1	5.21349E8	2462.47
450.464	1	1.15744E8	970.275
556.704	1	2.90944E8	509.555
1226.01	1	6.1753E7	2059.88
1383.87	1	9.9055E7	2576.25
1234.48	1	9.15133E7	1674.77
1165.01	1	8.93717E7	2363.75
1260.34	1	1.04187E9	3287.14
550.919	1	1.06816E8	1314.52
1250.56	1	6.65424E8	2828.23
1120.03	1	1.08484E8	1574.35
894.213	1	6.35112E8	1556.84
702.173	1	1.4717E8	1486.24
963.988	1	5.99663E8	855.895
988.318	1	4.86067E8	1006.98
554.485	1	2.6634E8	1059.01
1149.31	1	5.42019E8	3471.3
1349.62	1	2.76765E8	2387.27
945.52	1	3.55458E8	856.693
1348.62	1	1.13197E8	2015.68
521.675	1	2.22886E8	1213.47
1198.33	1	3.98622E8	2340.53
866.749	1	4.42633E8	2186.91
508.66	1	3.85765E8	1037.14
1120.91	1	2.44677E8	2899.12
1297.07	1	5.15641E8	3758.48
1216.54	1	5.722E8	2538.97
1305.29	1	3.70783E8	1545.15
1223.4	1	1.01691E9	1336.06
1423.1	1	5.21074E8	2491.92
933.09	1	3.82579E8	2250.38
385.582	1	6.00106E8	891.629
766.053	1	3.39457E8	2008.82
1385.08	1	1.02195E9	3017.33
1114.56	1	1.15988E8	1806.63
1278.31	1	2.06071E8	2193.18
1013.67	1	5.76745E8	1332.42
788.462	1	1.95447E8	1856.49
1394.83	1	3.06694E8	2101.88
1302.52	1	6.99774E8	2806.44
469.189	1	1.29995E8	1063.27
1122.85	1	6.06877E8	2779.81
1455.0	1	3.12262E8	2410.64
1209.88	1	4.55528E7	1831.34
1218.34	1	4.38153E8	2619.67
1101.26	1	1.47694E8	1596.11
1027.79	1	2.49388E8	2054.29
1088.1	1	7.11548E8	4216.42
821.603	1	6.86249E8	936.036
651.068	1	6.82107E8	1949.22
1164.32	1	7.5043E7	2078.12
1335.19	1	1.88059E8	4220.63
1048.92	1	5.43997E8	1124.0
928.875	1	6.13318E8	2495.49
1464.47	1	4.8469E8	1750.25
902.722	1	3.84888E8	889.296
1398.48	1	6.92983E8	3090.84
1308.08	1	7.71485E8	1473.52
1498.15	1	1.60881E8	1869.56
1301.78	1	4.6747E7	2344.66
1451.76	1	2.81176E8	2301.15
1191.62	1	6.82234E8	975.384
1407.6	1	4.32338E8	3541.34
1492.48	1	6.35052E8	1408.72
1181.58	1	1.7364E8	1702.54
1424.86	1	2.26955E8	2431.29
902.635	1	1.61452E8	2276.65
772.413	1	7.12149E7	1821.63
1340.41	1	4.40657E8	1924.47
1435.79	1	4.94774E8	1746.53
1077.95	1	2.35323E8	1218.4
1297.82	1	5.82136E8	3189.56
1459.8	1	1.07646E9	2801.33
1488.58	1	2.81864E8	1635.47
713.07	1	1.15837E8	877.044
1129.25	1	8.16774E7	1454.57
743.083	1	5.03426E8	2073.62
684.636	1	3.40094E8	1669.8
1238.65	1	2.21779E8	3003.46
1232.4	1	8.70434E8	2761.26
864.082	1	7.74515E8	2449.6
663.129	1	5.86137E8	1896.4
686.998	1	4.48214E8	4139.42
760.08	1	2.02571E8	1792.1
1354.1	1	5.12948E8	1050.33
667.365	1	3.86883E8	2149.01
790.698	1	1.63912E8	1622.88
1003.63	1	1.10207E9	2360.29
1010.25	1	4.5063E8	3973.35
705.457	1	5.35395E8	2221.48
1408.11	1	2.5562E8	3450.12
1052.5	1	1.69621E8	1449.36
1451.77	1	1.98452E8	1825.03
907.746	1	5.71374E8	3045.01
916.588	1	2.03236E8	1629.84
1403.36	1	1.22895E8	2256.3
598.146	1	2.20494E8	4158.32
1120.88	1	6.6005E8	3971.3
1293.46	1	4.65425E8	2385.68
1065.29	1	9.98208E8	1289.51
1463.7	1	1.62136E8	4219.19
447.9	1	3.78559E8	1311.9
601.688	1	1.62353E8	453.616
1401.94	1	1.23759E8	1812.45
1115.84	1	3.08534E8	2066.71
1306.99	1	2.35167E8	2632.74
1338.35	1	4.62321E8	1877.98
1129.72	1	7.73366E7	3965.35
958.282	1	2.93047E8	1657.47
1334.17	1	4.75861E8	2881.26
1379.77	1	2.76649E8	2613.17
1089.23	1	1.90894E8	2852.75
1234.11	1	1.61622E8	2519.23
1465.8	1	5.81865E8	1646.92
1287.77	1	2.59316E8	1775.96
1265.28	1	7.30028E8	1138.48
1460.62	1	3.33636E8	1329.49
1420.35	1	8.0747E8	2047.16
1148.47	1	5.83351E8	4212.52
1481.96	1	2.06719E8	1664.77
744.5	1	3.74801E8	4218.66
1353.28	1	6.67807E7	2347.28
1314.32	1	3.20203E8	2849.65
982.685	1	4.51154E8	2372.53
1007.94	1	5.64175E8	2307.48
1312.96	1	4.60335E8	1370.92
1132.59	1	1.22495E8	1699.62
1007.99	1	1.86708E8	2433.34
1052.39	1	6.3809E8	3228.41
1278.06	1	1.80813E8	2035.97
1162.7	1	4.03318E8	1148.19
805.315	1	2.00386E8	1469.33
1081.53	1	8.62027E8	2720.89
962.885	1	4.37294E8	3042.9
1063.75	1	2.76559E8	735.641
786.836	1	5.12441E8	2497.66
1021.25	1	2.39703E8	1527.07
1341.03	1	6.41203E8	1448.63
1167.84	1	2.46924E8	2612.75
1108.22	1	2.90969E8	1204.94
1284.01	1	4.47999E8	2825.07
1169.53	1	1.66089E8	4209.77
1248.05	1	7.81536E8	3218.67
867.542	1	3.62386E8	3584.77
1077.91	1	3.88899E8	1628.56
1074.08	1	4.7571E8	2493.49
1164.72	1	3.13802E8	1366.23
504.598	1	7.70738E8	801.728
697.89	1	4.98372E7	1221.66
1228.04	1	2.71455E8	2364.96
996.052	1	9.84458E8	2265.5
1208.4	1	5.56315E8	1121.11
826.172	1	4.92553E8	1104.81
1496.37	1	5.1937E8	3189.81
430.778	1	5.60076E8	690.521
398.97	1	2.88412E8	1078.75
1444.2	1	5.38473E8	3088.83
404.531	1	3.99422E8	997.628
1278.65	1	3.04588E8	2735.25
1465.85	1	5.84933E8	2721.65
1187.04	1	4.17539E8	2565.78
1293.36	1	1.80399E8	2667.91
712.068	1	2.83267E8	1621.64
1048.1	1	4.88422E8	2668.9
1310.19	1	2.90439E8	2770.63
1399.4	1	2.43734E8	4213.46
999.999	1	2.22331E8	4102.84
951.756	1	3.14883E8	2410.72
934.689	1	1.26643E8	1938.86
576.421	1	2.06823E8	787.858
571.926	1	2.44009E8	800.79
881.636	1	1.54226E8	1325.92
1164.21	1	5.05868E8	2996.86
1393.77	1	2.81411E8	2033.61
1014.29	1	1.30437E8	2362.43
1000.32	1	5.49678E8	4216.62
853.118	1	6.07635E7	2068.45
936.432	1	2.94588E8	2336.17
1272.56	1	3.08188E8	1659.07
910.737	1	1.1537E8	2086.93
1371.96	1	1.24248E8	1988.86
1140.96	1	6.37921E8	2725.78
1001.82	1	2.64792E8	2500.85
1389.62	1	5.18593E8	1679.62
1421.9	1	1.25032E8	2295.42
770.021	1	6.562E8	2291.38
958.376	1	1.36714E8	1608.1
707.831	1	2.60622E7	1116.98
888.275	1	9.38871E8	2086.74
892.56	1	3.65722E8	1457.59
910.681	1	1.60062E8	548.656
735.001	1	6.61557E7	1174.04
1260.37	1	9.0319E8	3406.6
1368.14	1	7.6095E8	3728.95
1297.5	1	3.19311E8	2536.87
799.114	1	5.33767E7	1527.44
1213.62	1	5.95446E7	2193.09
1018.91	1	2.11604E8	1262.02
1041.65	1	1.06633E8	1812.33
1491.29	1	2.61283E8	2573.37
1346.65	1	2.15149E8	2342.94
583.376	1	4.29364E8	2226.95
697.191	1	6.97481E7	1551.67
861.33	1	1.02699E8	1878.36
1155.34	1	2.67761E8	1975.09
1100.16	1	2.94354E8	2625.88
1391.98	1	3.52243E8	1960.14
1375.91	1	8.67437E8	1525.94
955.903	1	2.98062E8	854.178
470.116	1	1.56646E8	4052.59
715.522	1	1.07071E8	1089.27
1042.87	1	2.12217E8	2164.5
901.433	1	5.31976E8	4215.45
771.366	1	5.73576E8	2386.32
1362.77	1	2.68932E8	2998.05
1308.8	1	3.46053E8	4210.2
1058.73	1	3.48037E8	1299.36
1200.65	1	1.02961E8	1719.01
1193.28	1	8.37173E8	2883.21
1446.3	1	7.37159E8	3334.68
1206.88	1	8.2281E7	2064.59
461.15	1	4.39014E7	1004.05
1053.81	1	1.94287E8	1307.74
1260.78	1	3.21561E8	1025.55
810.493	1	1.7328E8	1040.32
1146.95	1	7.16751E7	2103.22
1244.14	1	5.44013E8	966.764
1419.7	1	2.42808E8	2453.05
644.575	1	2.65537E8	1721.24
1403.77	1	6.08641E8	1455.53
837.7	1	1.75334E8	1316.44
1369.32	1	6.68678E8	1606.04
1319.33	1	5.61967E8	2226.73
560.177	1	1.07956E8	786.926
1117.79	1	7.03827E8	3456.7
1099.33	1	7.61763E8	1163.95
827.253	1	4.83779E7	2180.16
1370.67	1	8.35038E8	3141.28
1469.16	1	6.61519E8	2878.77
935.573	1	1.19435E8	1385.98
962.681	1	7.55677E8	2606.03
1343.38	1	3.34118E7	2161.41
1375.35	1	2.43E8	2624.76
562.314	1	4.67976E8	1631.79
932.363	1	6.46137E8	985.589
805.776	1	2.63764E8	2072.94
1482.95	1	1.28766E8	3162.99
663.225	1	4.42761E8	2225.01
770.626	1	9.89709E7	1239.66
1179.02	1	2.22307E8	1398.74
1261.81	1	5.22385E8	3093.27
1373.19	1	2.55524E8	1886.77
1158.46	1	7.99976E7	1742.8
1370.97	1	8.54611E8	2915.25
899.775	1	9.53892E8	1102.21
1465.06	1	5.93651E8	3382.67
1230.4	1	5.47141E8	3737.69
684.872	1	3.26501E8	1296.19
820.982	1	1.54198E8	1129.05
1135.99	1	1.19074E8	1950.87
1098.72	1	4.57191E7	1593.65
530.997	1	4.46907E8	1556.54
1176.16	1	9.6284E8	2874.05
1268.3	1	3.59911E8	1634.16
1127.67	1	3.50832E8	4216.6
1417.57	1	9.04951E8	3038.29
612.945	1	5.83071E8	1597.79
1368.19	1	5.43605E8	3409.63
1345.71	1	8.08376E8	1339.58
640.383	1	2.51104E8	1716.31
656.003	1	3.52035E8	2446.74
1245.39	1	9.19028E8	2051.59
1414.88	1	4.69751E8	3894.08
674.96	1	5.56957E7	1041.68
1066.09	1	2.2639E8	1373.65
749.485	1	1.37121E8	1664.69
816.71	1	2.27269E8	1408.66
1367.84	1	7.78566E7	2349.36
500.028	1	8.20945E7	735.737
1417.22	1	2.49526E8	2430.26
1494.75	1	1.09713E8	1876.05
1078.19	1	1.02491E8	2011.33
744.556	1	1.86754E8	3971.78
727.862	1	4.13045E8	4227.8
1078.9	1	1.38488E8	1787.08
904.063	1	9.09579E7	2372.69
1198.44	1	8.72769E8	3223.35
804.636	1	2.91097E8	1045.5
1357.71	1	2.01434E8	1945.28
1483.29	1	7.00159E8	1228.94
828.557	1	5.08875E8	707.172
1314.59	1	7.52802E7	1959.39
1117.35	1	3.68376E8	1519.39
1073.53	1	5.95671E8	4218.32
1034.07	1	4.4181E8	3955.5
1414.37	1	3.21084E8	3815.46
1209.93	1	1.02696E8	4217.52
931.87	1	1.603E8	1719.6
1248.04	1	6.62571E8	3739.35
553.339	1	2.82464E8	812.859
708.703	1	5.52299E8	1854.15
1324.09	1	2.0799E8	1640.95
968.477	1	4.1588E7	2423.11
569.066	1	5.44309E8	1380.95
451.889	1	2.3893E8	687.815
526.235	1	3.57637E8	1422.08
1112.17	1	5.92681E7	1722.77
1228.22	1	7.99196E8	3235.78
1029.1	1	2.51728E8	937.59
745.101	1	5.4005E8	2480.63
841.946	1	3.49258E7	969.119
499.561	1	3.10584E8	1668.71
891.383	1	2.3389E7	1826.1
1303.99	1	6.06931E8	991.076
623.827	1	2.09035E8	1064.9
628.565	1	1.34994E8	719.249
1486.61	1	4.00846E8	1819.78
696.051	1	2.13249E8	1668.24
821.473	1	2.29107E8	652.393
771.81	1	8.06637E7	1356.11
915.359	1	1.0709E8	2193.82
931.457	1	4.88206E8	1187.04
656.174	1	1.54141E8	1526.91
1225.91	1	3.00785E8	1264.18
566.515	1	1.32287E8	1187.85
632.803	1	1.05631E8	2158.52
930.95	1	1.79051E8	2333.68
885.579	1	2.79875E8	4033.05
1430.92	1	1.53207E8	1671.77
938.537	1	3.88225E8	895.808
1164.03	1	4.20244E7	1846.16
535.535	1	2.12093E8	1507.6
1497.92	1	4.29789E8	2896.89
950.311	1	9.28575E8	2876.75
1367.13	1	3.72687E8	3338.27
1183.22	1	2.43545E8	2558.68
1185.58	1	2.91316E8	2851.47
928.501	1	1.82611E8	1590.46
589.535	1	3.42466E8	4129.53
1324.45	1	4.89572E8	1533.62
1211.25	1	5.72261E8	2634.21
1431.79	1	9.77977E8	4012.51
1271.55	1	6.35016E8	3672.03
1297.79	1	7.17144E8	1520.46
1205.02	1	4.7243E8	2638.8
1489.89	1	3.28417E8	4211.39
940.239	1	2.99267E8	2835.31
1253.51	1	2.46977E8	3323.05
1299.17	1	3.5156E8	1449.0
1308.82	1	6.41407E7	1729.5
1000.65	1	1.96954E8	1538.75
736.773	1	9.02218E7	1846.95
1018.32	1	4.53891E8	1503.1
986.997	1	1.49278E8	1195.85
920.258	1	4.83483E7	1764.06
1072.22	1	6.67698E8	1589.93
1188.83	1	6.50467E8	3028.29
1451.96	1	4.04175E8	2092.26
1133.99	1	3.72486E8	1100.46
517.19	1	5.27377E8	648.921
896.569	1	7.47784E7	1245.52
1181.57	1	2.64308E8	1854.18
782.103	1	1.21534E8	1447.0
1368.52	1	5.78296E8	3924.18
1140.34	1	3.12128E7	1541.5
1306.42	1	2.93298E7	1728.01
701.507	1	6.01161E7	1804.92
1328.53	1	2.65266E8	2050.22
1197.58	1	1.31837E8	1705.36
1230.44	1	1.1528E8	1663.11
502.318	1	1.30726E8	1037.21
1394.49	1	2.44068E8	2412.69
1459.67	1	1.76089E8	1826.22
1427.64	1	2.63735E8	1637.89
548.361	1	2.3751E8	984.518
1001.12	1	5.54421E8	2662.7
1288.98	1	4.34076E8	1941.11
627.424	1	2.08859E8	2172.84
1242.17	1	1.98828E8	2901.81
1158.37	1	1.24637E8	2311.57
1105.49	1	4.10287E7	2148.07
999.275	1	1.86362E8	2196.43
1358.08	1	7.93769E8	1456.07
1319.54	1	1.19094E8	1637.45
1298.87	1	7.62996E8	3296.16
955.235	1	4.42199E8	1165.99
954.866	1	4.11966E8	1563.24
1062.81	1	1.86518E8	1373.4
764.095	1	1.09256E8	1557.88
1416.48	1	1.0784E9	2743.19
750.26	1	3.69857E8	840.869
1229.1	1	7.93598E8	2937.61
1053.07	1	2.91695E8	1544.87
1223.78	1	6.48949E8	3962.38
678.174	1	6.91897E7	4007.21
1290.82	1	6.23169E8	1155.46
489.952	1	3.27059E8	1008.71
1414.89	1	5.45106E8	3731.41
1145.61	1	3.35572E8	2538.78
787.478	1	5.30121E8	907.207
977.293	1	4.18682E8	706.206
1157.93	1	6.52305E8	3094.67
1259.14	1	2.42265E8	2768.39
1188.09	1	4.68425E8	2660.15
524.509	1	2.51942E8	1563.36
952.886	1	1.73004E8	1214.21
1421.24	1	1.40076E8	2697.2
1014.06	1	1.04532E8	1670.58
846.601	1	4.73671E8	2164.74
815.233	1	3.68961E8	677.289
398.713	1	3.08444E8	1198.96
790.735	1	3.89662E8	4124.51
1470.99	1	4.17133E8	1998.79
839.404	1	3.03203E8	4041.18
966.245	1	3.84276E7	2360.84
666.975	1	2.59563E8	2069.36
1488.94	1	8.14032E8	1527.91
1380.01	1	6.27697E8	1703.06
1104.84	1	7.36034E7	2315.37
1237.87	1	3.48258E8	2876.29
649.367	1	8.37287E7	1814.9
984.824	1	7.92118E8	2787.42
856.12	1	1.20092E8	1542.58
1431.15	1	5.78483E8	1329.66
616.844	1	5.49637E8	732.201
933.682	1	1.20639E8	1820.36
1418.15	1	4.51152E8	2639.69
756.171	1	1.54962E8	1301.38
955.357	1	9.95086E7	1654.01
1432.48	1	2.78778E8	1569.56
601.857	1	3.44019E8	1714.73
969.765	1	4.41898E8	1444.7
1013.16	1	2.51334E8	1271.84
993.229	1	1.63746E8	1524.49
961.622	1	8.70154E7	1272.19
1208.9	1	1.9054E8	2699.28
1433.08	1	1.02004E8	2353.14
613.782	1	1.26981E8	1173.42
1305.47	1	4.03421E8	1392.69
1037.23	1	8.29612E7	1607.91
1183.7	1	9.74334E7	1757.48
554.366	1	1.4719E8	2436.76
1390.45	1	2.31421E8	2119.51
1141.77	1	3.06351E8	2587.82
1437.25	1	4.19871E8	4085.48
1497.17	1	1.8136E8	996.971
803.456	1	3.80609E8	2010.16
420.632	1	4.05117E8	1234.37
768.63	1	1.4217E8	2208.18
586.015	1	1.8891E8	1649.26
1287.62	1	7.22012E7	2385.9
608.651	1	2.58481E8	1366.35
1375.53	1	5.71957E8	3577.63
1429.73	1	4.81535E8	2938.78
1471.42	1	7.18649E8	3255.66
1429.58	1	7.16352E8	3940.93
1455.91	1	4.51672E8	1386.14
1074.03	1	3.91354E8	1196.27
1184.69	1	2.28135E8	2738.49
1417.26	1	1.76192E8	2517.71
804.293	1	9.23527E8	2511.97
1106.18	1	7.45095E8	3076.33
1348.68	1	2.11021E8	1543.48
1226.85	1	1.20788E8	1635.18
1006.51	1	7.9002E8	2923.97
756.536	1	2.23917E8	1788.59
1031.68	1	5.2663E8	768.074
484.234	1	2.85103E8	1156.26
998.932	1	2.20776E8	1134.56
949.711	1	2.72888E8	2228.14
879.855	1	2.13942E8	1846.83
841.094	1	7.43806E8	2369.76
1126.43	1	5.53929E8	1134.56
1495.11	1	5.12468E8	3331.67
749.233	1	7.34065E7	1611.43
929.224	1	5.3931E8	2989.26
1327.61	1	1.41831E8	2010.15
738.602	1	3.03487E8	2428.24
613.851	1	1.51588E8	1437.62
1236.99	1	4.45684E8	3171.01
1303.02	1	4.1444E8	1240.76
1427.9	1	2.79519E8	1560.86
1423.19	1	3.57551E8	1567.63
1054.95	1	7.20569E8	2841.38
1256.28	1	5.44912E8	1484.21
1267.22	1	1.74492E8	2088.63
1124.81	1	1.45552E8	1763.9
1373.97	1	2.19104E8	1674.63
1490.58	1	3.19948E8	1995.29
1208.68	1	2.57308E8	2576.28
927.603	1	2.84569E7	1153.85
1451.35	1	7.57717E8	3972.07
722.079	1	1.39447E8	1988.23
677.448	1	2.14968E8	4144.76
1461.48	1	4.42717E8	4071.3
892.618	1	4.54206E8	2907.33
1445.18	1	3.72127E7	1874.94
1470.08	1	4.05697E8	2623.88
1142.83	1	7.78445E7	2096.49
831.58	1	6.25886E8	2767.0
1365.18	1	1.44272E8	3549.61
1489.39	1	2.61163E7	2262.37
1006.85	1	3.66187E8	1321.01
806.682	1	5.1811E8	2364.97
1418.47	1	5.68895E8	999.601
1363.77	1	1.77259E8	1614.76
1483.41	1	3.3118E8	2169.65
1468.61	1	4.29505E8	1000.39
1141.92	1	2.08173E8	1335.73
593.42	1	1.53662E8	1107.59
1079.74	1	6.07733E8	977.177
1312.62	1	4.68464E8	936.313
1111.31	1	6.96056E8	3187.68
1100.53	1	3.65314E8	1409.28
1183.1	1	1.40768E8	4219.99
724.176	1	1.92608E8	797.407
1427.38	1	1.7018E8	1861.44
923.633	1	3.94956E8	2608.05
1464.27	1	3.57308E8	2650.45
1160.91	1	5.66435E8	3241.93
1412.33	1	1.18371E8	1458.19
1454.25	1	1.8106E8	4072.19
1371.57	1	1.55195E8	2608.63
1090.6	1	8.00108E7	2213.66
1341.08	1	2.60357E8	1166.88
646.046	1	6.38183E7	1315.33
542.717	1	2.75092E8	1901.02
1456.52	1	5.03052E8	2722.23
1286.31	1	9.28662E8	3302.75
865.252	1	7.98115E7	1399.05
1231.6	1	2.28853E8	2866.71
681.04	1	2.29566E8	845.066
474.321	1	2.18516E8	1375.27
1096.34	1	3.90082E8	2620.46
829.527	1	1.50155E8	2371.59
1390.35	1	8.74652E7	2067.88
612.344	1	8.03114E8	1866.95
1069.21	1	2.42911E8	1214.13
1490.59	1	1.89513E8	2508.02
566.268	1	6.45236E8	1741.85
1140.26	1	1.46082E8	1857.96
1191.6	1	1.96421E8	1638.68
1434.89	1	7.04101E8	3378.81
1287.67	1	6.92876E8	3201.14
1494.29	1	5.40173E8	2933.25
536.126	1	1.77385E8	1031.73
1359.35	1	2.67026E7	2443.3
1250.51	1	9.84611E7	2440.89
1099.32	1	3.87222E8	3015.16
873.776	1	5.64078E8	2656.56
538.015	1	3.30387E8	4123.2
393.953	1	1.6961E8	1357.42
1491.99	1	2.89419E8	2747.9
1407.38	1	2.64428E8	2727.95
822.781	1	3.16195E8	875.142
1279.57	1	5.97049E8	1105.6
676.89	1	2.02561E8	885.326
527.48	1	1.84218E8	1496.42
1157.04	1	3.05237E8	2446.97
1458.17	1	4.05928E8	2250.32
717.478	1	1.22559E8	1884.82
1439.16	1	6.59643E8	1415.23
1074.81	1	1.38187E8	1659.71
1404.93	1	2.4597E8	3419.59
668.052	1	1.78431E8	1831.44
1342.62	1	3.68694E8	2314.14
926.784	1	1.22964E8	1721.82
1049.03	1	8.7693E8	3115.76
1222.61	1	2.06281E8	1211.87
1370.26	1	5.86774E7	1682.88
821.487	1	6.20195E8	2317.52
462.901	1	1.62768E8	1653.92
1285.34	1	6.04089E7	2480.65
1201.99	1	4.29745E7	2211.13
1035.07	1	3.12575E8	2920.74
630.397	1	2.4345E7	1211.82
1072.56	1	3.13968E8	2689.22
1318.76	1	7.87453E8	3979.48
1147.34	1	3.69504E8	4084.36
1221.88	1	4.2519E8	1415.72
631.294	1	1.15679E8	2098.69
612.728	1	5.37254E7	1131.24
1254.39	1	1.33958E8	3168.78
1449.38	1	1.83445E8	2449.77
904.243	1	3.54612E8	831.976
1455.23	1	5.52019E8	1672.43
1173.51	1	1.65265E8	2926.05
819.075	1	1.75487E8	1845.81
1070.62	1	3.14135E8	2608.12
886.902	1	4.01361E8	3019.15
1045.01	1	1.73792E8	1941.06
1275.15	1	6.09785E8	4021.83
1445.3	1	1.02644E8	2153.37
1032.68	1	3.78879E8	2868.58
1112.5	1	6.13441E8	1130.32
578.266	1	1.76077E8	1512.26
464.11	1	1.05164E8	1202.19
1076.28	1	4.0652E8	2329.89
633.441	1	9.08096E7	1748.55
391.47	1	1.21244E8	3489.89
1468.78	1	2.14603E8	2547.38
1053.17	1	3.23608E8	1246.19
1113.16	1	2.55455E8	3940.83
1058.58	1	4.71507E8	2617.19
1476.62	1	1.19935E8	2204.71
401.01	1	2.93718E8	639.506
1243.73	1	2.09559E8	4216.57
1370.71	1	4.04837E8	1477.13
1394.85	1	1.09469E8	2349.66
837.816	1	3.20698E8	1086.88
1156.0	1	6.01897E8	3568.34
1075.94	1	3.91421E7	2059.07
1148.12	1	5.83302E8	3149.57
1073.2	1	1.93027E8	2309.86
1311.33	1	3.20658E8	1617.95
1424.99	1	4.85363E8	2982.96
1106.38	1	2.59363E8	970.967
920.441	1	2.23341E8	2493.02
797.63	1	1.56082E8	2005.45
1095.31	1	3.30672E8	1322.13
1324.08	1	7.27712E8	1266.67
1442.07	1	3.67579E8	3958.36
1497.3	1	1.36254E8	3007.96
1201.72	1	4.69206E7	2166.78
916.225	1	6.59739E8	3198.69
1365.41	1	1.05102E8	1542.45
391.775	1	1.57714E8	3291.08
1332.19	1	2.979E8	1880.46
1481.98	1	4.23269E8	1350.25
1455.57	1	7.30426E8	2651.57
1163.28	1	4.18514E8	2646.84
805.92	1	1.38179E8	1310.13
1270.48	1	6.34358E8	3566.03
1272.41	1	6.27762E7	1735.48
1264.1	1	3.20597E8	3607.66
643.312	1	2.49198E8	1897.6
1493.44	1	2.68461E8	3027.83
1400.31	1	1.8541E8	1759.86
1038.72	1	1.9002E8	727.045
1161.18	1	4.33999E7	2069.01
779.794	1	4.91766E8	2557.75
1023.53	1	5.8576E8	3331.99
1090.72	1	4.1982E8	1122.76
995.172	1	1.76816E8	2359.22
644.815	1	4.84623E8	1634.42
981.781	1	2.69463E8	2704.04
539.492	1	2.50531E8	1711.37
909.753	1	2.73559E8	1420.26
1497.48	1	1.90952E8	1326.81
1446.79	1	1.07736E8	2094.11
660.554	1	1.16387E8	2133.06
1292.2	1	6.60567E8	3091.17
1490.55	1	7.89906E7	2706.07
932.047	1	4.76117E8	2865.76
1228.34	1	8.20673E7	2490.25
1464.17	1	2.84241E8	2580.9
1297.22	1	5.70952E7	2454.03
1286.5	1	4.35217E8	3958.61
1325.52	1	5.55148E8	1042.95
641.11	1	7.63969E7	1648.86
517.171	1	1.12725E8	1193.93
1299.78	1	5.94147E8	3587.0
914.251	1	2.06113E8	2480.12
1181.45	1	9.49309E7	2513.62
1152.27	1	5.04813E8	2461.07
1108.42	1	7.71847E7	2046.25
1284.82	1	7.67555E8	1409.65
1158.11	1	8.24094E7	1924.16
1140.83	1	9.93816E7	2529.68
684.947	1	5.3307E8	1990.49
1305.14	1	3.27486E8	1325.25
1173.0	1	2.71951E8	3115.58
1471.72	1	1.04392E8	2380.69
1279.51	1	2.51391E8	1318.01
659.205	1	3.04857E8	718.711
1095.95	1	9.96583E7	1393.18
1432.65	1	2.57581E8	3081.57
650.67	1	1.62514E8	1055.21
1422.8	1	4.31729E8	4059.11
1275.01	1	7.41044E8	2989.51
994.337	1	7.71238E8	2577.79
1243.13	1	4.96979E8	1991.59
874.632	1	2.6275E8	894.321
1051.16	1	7.08469E8	907.959
1396.99	1	6.26725E8	3320.19
510.156	1	3.55372E8	4081.4
1324.3	1	2.56376E8	2040.06
858.488	1	1.31973E8	2489.62
392.218	1	1.26927E8	1534.35
1321.73	1	4.73266E8	4067.79
1192.0	1	2.45925E8	1466.38
1130.27	1	2.1685E8	1211.84
1434.99	1	4.74827E8	1098.42
1256.85	1	1.62157E8	1014.31
694.161	1	1.18018E8	888.662
1367.8	1	1.32663E8	2748.73
1410.76	1	4.72703E8	1254.37
805.941	1	2.09517E8	1237.22
540.529	1	5.60597E7	845.816
889.339	1	2.88916E8	3627.47
1328.94	1	2.00726E8	1426.81
734.635	1	1.59652E8	925.778
907.795	1	2.9402E8	1057.25
1471.3	1	1.07189E9	1548.91
1133.52	1	5.85313E7	1166.51
1292.11	1	9.9529E7	3267.79
769.061	1	3.50869E7	2159.46
1157.42	1	2.01485E8	1171.39
1218.38	1	4.96278E8	3158.64
991.007	1	1.09457E8	2376.02
1238.01	1	1.27343E8	2693.55
1422.06	1	4.85909E8	3678.24
927.982	1	5.44045E7	2350.45
795.586	1	9.54399E7	855.59
1462.14	1	9.04901E7	2193.67
688.183	1	1.60409E8	1632.55
1131.01	1	1.42214E8	1949.1
1331.43	1	8.8136E8	3214.22
1449.69	1	2.91224E7	2673.67
695.694	1	6.22981E8	2453.84
961.568	1	2.00118E8	2319.02
1068.13	1	4.36358E8	2573.73
946.1	1	1.23892E8	2240.59
1065.84	1	1.60199E8	4215.41
1419.64	1	4.01957E8	1628.38
1354.66	1	9.286E7	2086.06
1201.07	1	1.98771E8	1389.24
908.003	1	1.09323E8	1000.02
1388.35	1	3.19755E8	1592.86
1366.98	1	3.29446E8	3203.12
985.172	1	3.71568E7	1849.66
965.429	1	9.00134E7	1161.02
816.653	1	3.66768E8	2405.58
1133.17	1	7.91837E8	3303.16
1327.66	1	1.59487E8	1885.15
988.624	1	2.38922E8	2232.34
1367.41	1	5.95682E8	1267.43
1325.05	1	4.13119E8	2683.13
789.715	1	1.48482E8	2198.88
1167.86	1	8.92325E7	1636.03
590.736	1	4.48517E8	1869.45
639.185	1	8.98213E7	1580.51
682.638	1	2.44415E8	2072.46
883.441	1	4.06908E8	2634.02
1368.15	1	3.39549E8	3837.95
923.416	1	6.38008E7	1415.63
591.911	1	2.22494E8	1418.08
1061.73	1	3.64568E8	2550.77
1156.18	1	2.14285E8	1113.95
1091.99	1	4.19566E8	2996.25
915.598	1	6.21004E8	2886.41
1418.62	1	5.41662E7	2292.56
484.748	1	1.42625E8	1227.2
712.172	1	3.98432E8	2868.23
1257.51	1	4.4327E8	3604.49
1027.59	1	6.61857E7	2624.06
1107.02	1	6.56739E7	1825.1
1168.52	1	2.69337E8	3989.31
1260.3	1	6.92357E8	3504.81
1358.63	1	2.89477E8	1617.51
1126.18	1	8.84979E7	2367.97
1317.44	1	1.26552E8	2163.53
1253.56	1	3.18863E7	1919.89
1332.4	1	1.20629E8	4202.0
654.427	1	6.36224E8	2313.58
1138.54	1	7.11743E8	3060.61
1244.93	1	2.16216E8	1939.81
1103.67	1	5.39612E7	2092.98
1270.52	1	9.328E8	1335.29
1058.78	1	2.29029E8	2414.13
1483.55	1	1.18997E8	2303.76
880.663	1	1.69928E8	1130.78
1497.7	1	3.86147E7	2481.01
1273.31	1	8.20994E8	1239.93
1201.4	1	1.14936E8	2649.57
793.1	1	2.78213E7	1969.81
601.215	1	1.17746E8	912.005
1336.42	1	3.60108E8	1129.29
1479.02	1	4.55312E8	3029.2
1472.34	1	3.94088E8	1251.08
598.937	1	1.21312E8	1025.95
1157.63	1	9.2934E7	1454.78
579.67	1	5.92772E8	1804.01
1104.42	1	1.33584E8	1101.19
1121.27	1	5.7106E8	923.95
903.077	1	1.36964E8	2094.16
1229.98	1	4.18348E8	3016.17
1189.53	1	3.66407E8	2962.14
1095.66	1	5.95979E8	982.477
1000.17	1	2.82274E8	3963.33
1251.33	1	2.81364E8	1393.25
443.991	1	3.13748E8	495.687
510.271	1	4.95347E7	989.939
1212.66	1	4.38969E7	2535.44
600.077	1	7.13647E8	1619.05
391.821	1	1.1103E8	4315.06
1217.95	1	8.63915E7	1908.7
1341.96	1	8.69796E8	3154.4
672.344	1	1.32866E8	4031.39
750.706	1	2.9811E8	1800.99
1482.95	1	4.45632E8	4044.29
638.144	1	3.36378E8	2486.17
1145.81	1	5.14901E8	2406.62
1098.79	1	3.38135E8	4018.97
1107.42	1	7.89289E7	1478.72
1061.81	1	1.69138E8	4211.31
1301.4	1	1.85318E8	1866.15
1069.7	1	2.25319E8	2430.17
1218.23	1	2.8561E8	1251.93
599.472	1	4.91009E8	1545.86
1414.0	1	3.2401E8	1603.06
1140.57	1	1.16598E8	1309.39
1274.72	1	6.56414E8	3435.14
1044.51	1	5.40222E7	2367.48
987.105	1	3.02333E8	870.995
521.838	1	1.44754E8	1527.8
741.919	1	3.17042E8	812.307
755.85	1	6.34488E7	1526.33
587.452	1	2.54201E8	1429.91
1227.46	1	4.53541E8	2829.4
911.31	1	4.25803E7	1286.19
718.265	1	2.94576E8	3060.41
1457.89	1	7.61424E8	1540.28
719.831	1	3.31675E8	2805.91
804.269	1	3.55984E8	1857.19
1408.76	1	3.56122E8	2910.94
872.239	1	1.82845E8	2377.66
836.983	1	7.17071E7	1268.91
409.807	1	2.32124E8	1344.32
1032.05	1	1.36066E8	1640.93
507.419	1	4.74775E8	1318.74
1348.79	1	1.39757E8	1467.34
813.21	1	2.05989E8	947.38
1351.44	1	7.38363E7	2567.68
949.225	1	7.60092E7	1768.84
788.357	1	5.45983E8	2765.84
697.214	1	1.79487E8	2040.29
1189.42	1	2.97167E8	1170.75
752.21	1	1.53911E8	1079.56
1202.04	1	1.46948E8	2581.79
1114.29	1	5.28328E8	2753.16
666.335	1	1.87734E8	1776.27
672.659	1	4.67865E7	1005.56
606.531	1	4.0965E8	772.265
1232.79	1	1.01167E8	1525.52
1261.84	1	9.01071E7	2169.28
920.567	1	5.38543E8	3016.76
985.662	1	5.32785E8	4219.7
465.776	1	1.30953E8	1063.0
1424.31	1	8.95198E7	2111.18
1458.21	1	7.77692E8	3065.2
699.064	1	4.19306E8	2374.53
1440.3	1	6.34611E8	1208.87
839.783	1	3.97855E8	4217.08
720.461	1	1.39869E8	767.534
1009.41	1	6.61346E8	967.901
883.363	1	7.55912E8	1021.55
914.996	1	2.04597E8	2590.43
1135.22	1	1.6165E8	2593.16
1207.6	1	4.15668E8	1027.96
1068.53	1	5.40285E8	3194.91
687.073	1	4.62062E7	1255.91
1076.82	1	6.18542E8	1051.94
1340.76	1	6.79803E8	3431.88
554.491	1	3.34871E8	1846.05
1406.96	1	8.0578E8	3016.13
905.712	1	2.64672E8	2478.6
1103.21	1	1.60852E8	3140.39
868.949	1	6.39296E8	1039.95
1424.55	1	7.34229E7	1506.86
1142.79	1	6.41039E8	3236.75
1367.93	1	5.13506E8	1398.0
767.821	1	5.24242E7	1035.98
1104.81	1	3.81602E8	2960.47
431.864	1	2.55503E8	1128.06
1355.38	1	7.41655E8	3050.63
1213.61	1	1.71566E8	3948.01
792.627	1	1.39981E8	2128.63
1409.42	1	3.60065E8	3639.18
1175.39	1	2.39377E8	4121.74
451.371	1	4.06577E7	906.251
387.461	1	5.03293E8	807.389
843.121	1	3.24667E7	1156.13
765.145	1	1.30174E8	2239.87
1400.13	1	1.69777E8	3031.08
1378.54	1	6.46644E8	1209.48
1048.21	1	2.8484E8	2872.85
1291.52	1	1.94083E8	1468.11
1242.71	1	2.66241E7	2336.38
490.525	1	3.94429E7	1070.29
680.683	1	1.98898E8	1712.92
1363.48	1	2.48507E8	2888.89
1062.19	1	2.91032E8	1208.08
1203.84	1	4.52524E8	3472.03
1486.79	1	1.08864E8	2490.35
1214.81	1	1.84805E8	1335.32
1122.18	1	3.03968E8	1163.74
863.441	1	8.24661E8	946.285
1072.32	1	2.10203E8	955.105
391.811	1	1.06471E8	3988.99
1387.78	1	2.55479E8	3105.61
1392.18	1	7.63252E8	2956.56
1093.14	1	3.09854E7	2082.13
1043.55	1	1.45931E8	1151.55
1048.84	1	1.85531E8	2751.14
862.443	1	1.99088E8	2186.2
1290.99	1	5.28628E8	3502.8
1408.58	1	4.59712E8	1048.55
1286.72	1	5.19826E7	2733.86
607.682	1	4.30434E8	2138.44
392.017	1	1.30794E8	1642.96
379.222	1	8.13988E7	897.23
1107.38	1	6.41921E7	2495.48
702.721	1	5.78572E8	2300.04
1120.25	1	1.27393E8	2851.2
949.873	1	2.67642E8	1112.6
1399.57	1	1.85338E8	2585.6
437.928	1	2.14171E8	910.822
1309.24	1	3.71193E7	2480.62
1277.85	1	8.1906E7	2450.26
1226.75	1	7.1666E7	1585.88
1272.95	1	3.96107E8	3255.8
1210.62	1	5.14628E7	2300.7
503.715	1	3.05563E8	1376.54
685.299	1	1.71947E8	607.328
1198.21	1	1.06814E8	2557.7
1138.29	1	2.44225E8	2090.06
1411.38	1	8.38223E7	1394.05
868.586	1	4.20779E8	2726.39
894.652	1	1.37479E8	1057.52
492.487	1	5.40087E8	1452.78
947.894	1	2.39265E8	2431.13
1046.15	1	2.45779E8	2767.24
1084.93	1	1.68051E8	1117.63
1233.9	1	6.14494E8	3330.31
355.393	1	5.62252E7	2839.9
1267.15	1	2.67706E8	3250.15
1463.8	1	6.84163E8	3568.98
1400.57	1	5.99325E8	3693.68
1193.31	1	5.19897E8	3272.55
1025.46	1	6.62208E7	2014.02
1259.34	1	3.26893E8	2566.25
1483.9	1	1.73221E8	2110.94
891.094	1	2.09598E8	2975.41
1428.44	1	7.37003E7	1401.81
1025.78	1	1.53721E8	3944.14
1028.67	1	1.54047E8	1110.54
1138.63	1	3.2422E8	980.606
858.241	1	8.96354E7	2171.59
1418.73	1	6.17242E7	1956.34
1075.38	1	9.9536E7	1875.12
1138.67	1	4.22253E7	2163.91
1135.53	1	4.45757E8	3752.0
1025.35	1	5.77972E8	2734.72
605.324	1	2.81027E7	1671.78
651.146	1	4.50726E7	1389.61
848.873	1	2.29998E8	2271.64
1214.11	1	1.65234E8	1263.49
1477.33	1	3.54071E8	3974.62
656.483	1	1.01457E8	2255.39
747.644	1	2.06543E8	2011.37
1448.73	1	2.29023E7	2511.32
1066.42	1	6.14949E8	1036.46
1047.21	1	8.73184E7	2612.87
797.309	1	3.40913E8	2432.21
1115.61	1	2.71859E8	2898.09
1096.89	1	2.15534E8	2703.75
510.559	1	1.53333E8	659.778
1279.16	1	5.93281E8	2913.43
972.546	1	6.3803E8	945.694
1329.93	1	1.59025E8	2407.65
535.344	1	6.48853E7	907.938
822.336	1	2.62833E8	2686.25
603.814	1	2.40401E8	1840.56
1392.63	1	7.63528E8	3946.98
1465.93	1	2.9216E8	1976.24
626.323	1	2.27789E8	2283.76
1198.39	1	2.69082E7	2672.51
1436.48	1	2.30709E8	2644.03
1102.61	1	8.16072E7	1475.84
1387.24	1	5.00413E7	2392.54
443.58	1	1.77545E8	853.4
675.168	1	2.53118E8	4216.68
959.254	1	1.08731E8	921.325
1068.92	1	2.69466E8	2364.13
1005.8	1	4.92748E7	1626.24
1477.45	1	3.88243E8	2852.65
977.85	1	7.20363E7	1637.47
1450.58	1	1.00458E8	2785.92
1265.44	1	1.39387E8	1861.52
695.154	1	2.53618E8	2236.17
1011.81	1	3.33188E7	1423.59
731.563	1	2.15341E8	689.569
1335.12	1	8.3523E8	3007.38
1289.05	1	1.87433E8	3011.86
1337.35	1	2.86084E8	1247.69
1090.2	1	5.72506E8	2666.15
1256.16	1	9.41527E8	1296.34
986.683	1	6.3352E8	3173.37
924.875	1	3.2153E7	1989.7
1186.97	1	9.51684E7	2172.1
1382.02	1	6.89851E8	1343.36
1479.1	1	4.22699E8	1620.75
1205.43	1	2.83242E8	3374.0
1238.91	1	1.51093E8	2019.77
1361.36	1	3.47015E8	3495.37
1397.06	1	5.06536E8	3245.94
592.613	1	2.72518E8	1580.81
1005.94	1	6.49996E8	3322.24
1117.99	1	7.30342E8	3063.12
1461.53	1	4.44481E7	2589.62
794.687	1	3.6705E8	4216.19
1168.64	1	2.40801E8	3145.15
1445.94	1	4.86117E8	1329.35
1033.19	1	2.75177E8	2989.08
864.062	1	1.11243E8	1707.01
1128.93	1	3.04952E8	3047.96
1462.41	1	7.6037E7	1978.63
1405.29	1	4.26537E8	1583.27
943.611	1	6.11138E8	2588.29
572.951	1	1.88947E8	2226.4
618.468	1	2.55531E8	588.092
443.123	1	3.05042E8	1007.52
1218.79	1	3.2981E8	3081.41
459.047	1	1.9307E8	1207.59
1126.89	1	5.916E8	853.086
1174.21	1	6.85092E8	3422.15
1262.09	1	2.06098E7	2731.09
1129.63	1	2.99824E7	2035.7
916.852	1	4.50805E7	1758.59
1247.43	1	7.26233E8	4017.53
935.178	1	5.08075E8	2675.55
696.497	1	2.44273E8	1965.32
542.997	1	1.61947E8	1398.14
1014.82	1	9.48668E7	1461.91
869.983	1	3.90397E8	2332.45
817.76	1	3.31428E7	2087.32
1004.9	1	2.08496E8	2575.32
758.68	1	2.20619E8	4213.69
591.423	1	2.38288E8	834.193
878.681	1	2.70589E8	2104.41
809.287	1	1.84369E8	645.948
1189.09	1	2.91693E8	1116.16
795.643	1	2.72182E8	2611.75
1295.72	1	2.68466E8	942.81
391.494	1	1.35981E8	3398.08
1481.87	1	1.23744E8	1748.91
672.089	1	3.63332E8	2615.75
1439.27	1	5.08032E8	2789.47
928.904	1	4.30921E7	2059.34
1465.22	1	2.20073E8	3296.35
733.867	1	4.84391E8	2281.9
639.537	1	2.44538E8	1928.8
1397.86	1	5.45543E8	4049.52
1441.4	1	5.53874E8	3260.97
1459.27	1	5.4464E8	3653.92
1149.01	1	5.41355E8	919.059
1364.22	1	9.88847E7	3083.68
648.593	1	2.57121E8	2239.21
1001.03	1	3.26463E8	870.021
1089.51	1	3.91099E8	907.325
423.576	1	1.61138E8	1657.77
1194.65	1	3.68557E7	2248.38
664.281	1	2.37272E8	646.887
869.442	1	3.95918E8	4225.25
1394.28	1	7.70847E8	1478.91
796.343	1	7.18745E7	1794.34
1308.53	1	2.5505E8	3949.62
727.924	1	1.7917E8	2218.94
835.315	1	4.03776E8	2888.07
1363.07	1	2.37735E8	3278.04
1400.94	1	4.08946E8	2765.01
1432.03	1	3.35741E8	2788.55
945.023	1	2.24158E8	2996.11
1197.33	1	3.4226E8	1061.9
1045.83	1	6.60542E8	3326.7
695.43	1	8.05442E7	1361.25
594.944	1	3.7997E7	1378.07
1010.02	1	2.90695E8	3681.82
1285.2	1	4.47312E7	1476.93
1221.67	1	3.40893E8	2804.99
776.761	1	7.03123E8	2645.32
1380.85	1	4.91351E8	4064.56
1485.68	1	1.26516E8	4211.05
1300.69	1	1.44715E8	1323.39
948.574	1	4.24139E7	1200.33
610.227	1	6.26355E8	2004.39
523.114	1	2.00694E7	1335.65
689.347	1	9.37637E7	1879.46
837.402	1	2.16175E8	857.177
1448.22	1	7.32991E7	1658.16
1422.16	1	1.51106E8	1883.31
1400.13	1	1.60183E8	1546.36
632.054	1	4.75671E7	1493.7
1393.61	1	2.45675E7	2581.66
1388.99	1	5.18141E8	2806.53
1043.17	1	4.09708E8	3214.1
1330.27	1	7.146E7	2362.23
1479.87	1	7.06603E8	3457.26
389.366	1	4.74785E8	1105.42
754.994	1	9.67239E7	1734.53
1168.78	1	1.74225E8	3070.18
1116.68	1	7.65557E8	3573.37
601.12	1	6.09647E7	778.733
850.222	1	7.77203E7	2093.43
762.343	1	2.07367E8	2220.55
669.628	1	7.36601E8	2325.32
1136.74	1	3.45101E8	3891.06
1486.78	1	3.16577E8	1463.54
842.711	1	1.67086E8	2440.08
1164.83	1	2.38834E8	2570.73
1356.23	1	6.02218E8	2947.02
1263.14	1	2.79777E8	1240.41
1494.71	1	2.13813E8	936.901
470.721	1	4.46997E8	738.46
1180.75	1	3.17351E8	1156.18
1369.91	1	1.93176E8	1337.38
1450.59	1	1.93417E8	1534.78
1468.71	1	7.36171E8	1440.25
1256.52	1	2.92136E8	3076.16
392.485	1	9.75674E7	1296.93
1308.12	1	7.77751E8	3138.65
1121.49	1	2.77094E8	1033.86
1161.86	1	9.43484E8	2741.33
803.728	1	2.58078E8	630.791
619.82	1	4.46762E7	1634.1
1252.14	1	1.85013E8	1694.75
391.655	1	8.12908E7	2078.38
866.192	1	2.92891E8	2275.84
728.341	1	5.50044E7	2172.75
1122.67	1	4.43725E8	3259.51
391.988	1	1.06597E8	2811.44
1048.16	1	4.91083E8	3970.43
945.733	1	2.86742E8	2374.94
1021.29	1	4.48964E8	824.326
467.72	1	2.61096E8	1368.9
1488.59	1	1.79606E8	925.21
1255.3	1	1.23306E8	2774.94
932.826	1	2.11955E8	902.886
1063.09	1	3.60623E8	3892.74
733.153	1	9.19187E7	1053.37
1101.82	1	3.58552E8	1250.66
1127.38	1	1.7243E8	3515.12
782.373	1	1.08021E8	1998.64
1196.2	1	5.08188E8	3373.39
931.258	1	6.75704E7	2432.84
886.676	1	1.00286E8	1631.41
1292.82	1	3.38923E8	3397.47
1493.69	1	3.3552E8	3276.28
1421.27	1	7.69073E7	1512.63
1084.63	1	4.52776E8	2820.36
1496.82	1	2.53759E8	3930.27
1205.2	1	4.4927E8	3785.21
1386.89	1	7.21866E8	3465.45
1389.88	1	5.10912E8	1531.28
661.221	1	4.04224E7	1636.14
1314.88	1	1.06743E8	2193.66
894.318	1	5.31298E8	2732.55
1478.58	1	2.27328E8	1389.02
887.62	1	2.0608E8	2238.25
1101.07	1	2.48595E8	3240.82
998.085	1	9.44314E7	2508.81
816.591	1	2.37019E8	2224.36
1025.08	1	1.08628E8	1112.06
1178.23	1	1.96144E8	1125.31
810.758	1	2.52247E8	4113.2
1097.01	1	4.775E7	2410.66
1407.55	1	1.82405E8	1381.34
650.9	1	1.28077E8	4026.35
1173.63	1	6.34294E8	3321.31
1113.8	1	8.10625E7	1280.78
1159.3	1	3.29334E8	1039.33
394.734	1	6.68067E7	1048.39
882.387	1	2.78091E8	1080.67
346.156	1	1.44296E8	918.2
734.824	1	1.2055E8	1284.62
923.204	1	2.57161E8	2761.75
1289.83	1	2.493E8	978.434
1495.05	1	4.63084E8	3637.65
653.044	1	2.25854E8	2024.65
1448.64	1	4.52988E8	1280.32
1006.36	1	6.40982E8	3028.15
1360.54	1	2.42465E8	2858.51
1394.13	1	3.96841E8	1388.91
1353.51	1	6.84002E8	2847.61
574.87	1	2.69611E8	488.819
974.898	1	6.31845E8	2841.97
1388.16	1	3.52054E8	3289.9
