338.729	1	1.11602E9	4185.42
675.894	1	6.89196E8	4183.72
1274.5	1	3.46719E8	2127.34
982.369	1	5.05465E8	2612.02
564.041	1	1.56601E8	4137.46
709.449	1	1.47152E8	1972.49
913.957	1	3.16136E8	2496.48
1114.54	1	1.61633E8	2688.5
339.625	1	1.36758E8	4192.67
392.329	1	2.13692E8	4122.14
748.248	1	1.20991E8	1449.25
410.875	1	1.06985E8	1074.12
678.773	1	1.01136E8	4182.65
1095.66	1	1.19287E8	2171.45
1106.31	1	2.48164E8	2454.81
1081.54	1	7.73373E7	2952.34
470.793	1	1.00538E8	1343.7
922.351	1	1.33436E8	2708.59
1063.86	1	1.18307E8	1975.04
1103.53	1	1.20041E8	2260.72
965.764	1	6.79953E7	2723.55
984.548	1	1.33312E8	1847.84
1010.57	1	9.75639E7	2681.1
1280.49	1	1.39835E8	2131.47
853.438	1	1.66084E8	2135.81
440.933	1	6.58847E7	1131.98
339.658	1	1.41298E8	4124.42
1123.53	1	1.48806E8	2662.25
451.667	1	5.39759E7	2829.4
1024.15	1	1.36186E8	2523.46
539.408	1	1.13688E8	4139.59
391.751	1	1.25706E8	4213.6
1153.75	1	8.51719E7	2567.43
1106.77	1	6.04647E7	1462.48
427.214	1	6.51209E7	1075.31
621.242	1	1.49295E8	4164.05
1121.58	1	5.08405E7	1455.63
983.703	1	1.72245E8	2686.38
391.401	1	1.0319E8	127.589
391.325	1	3.97273E7	64.6224
925.005	1	6.72487E7	1286.51
416.598	1	1.49102E8	4113.77
391.639	1	1.09468E8	1176.12
982.212	1	1.74604E8	2411.62
391.363	1	9.43665E7	4626.56
1310.07	1	4.87155E7	2879.98
844.27	1	4.14492E7	1298.79
1305.33	1	8.17471E7	2110.92
391.393	1	9.70576E7	4498.66
1172.37	1	3.30453E7	1362.91
709.006	1	4.90849E7	1343.21
391.946	1	1.08255E8	1048.3
677.055	1	2.61185E7	4205.39
391.579	1	9.06787E7	1306.22
823.567	1	1.07233E8	2565.27
463.221	1	6.34312E7	1317.49
771.849	1	8.00687E7	2629.88
1204.1	1	1.4841E8	2438.82
391.404	1	8.39346E7	274.329
391.696	1	2.58251E7	4565.26
391.384	1	8.36766E7	4983.12
391.421	1	8.80267E7	530.831
391.375	1	9.20711E7	4738.04
1085.82	1	6.90038E7	2737.21
391.384	1	9.44656E7	4868.72
391.875	1	8.06352E7	806.002
391.566	1	9.02968E7	911.687
391.405	1	5.48634E7	5067.44
392.984	1	1.04423E8	718.922
391.421	1	7.2505E7	631.901
391.453	1	4.47536E7	201.325
912.4	1	1.63929E8	2451.41
323.296	1	4.93285E7	4184.24
391.604	1	7.89618E7	1392.52
392.715	1	4.17889E7	1113.83
391.475	1	4.26483E7	4415.39
474.3	1	4.27868E7	1194.45
355.329	1	1.60841E8	4125.36
929.366	1	1.02653E8	2628.91
391.417	1	7.69693E7	384.885
391.948	1	3.52935E7	1241.88
340.3	1	8.36553E7	4073.96
424.302	1	4.65384E7	1003.82
654.418	1	8.07288E7	2107.4
391.514	1	3.42118E7	456.634
391.435	1	3.67529E7	4351.63
801.721	1	1.07038E8	2319.33
753.592	1	9.93187E7	1981.28
392.133	1	2.86685E7	983.894
1113.99	1	9.05313E7	2769.92
917.079	1	1.24226E8	1837.99
391.637	1	1.91699E7	4803.02
313.24	1	3.59083E7	4202.79
391.801	1	1.16552E7	332.878
392.071	1	6.72844E7	2629.6
391.983	1	6.50504E7	1641.06
739.689	1	7.40785E7	1463.86
638.89	1	1.52282E8	4155.4
451.794	1	4.30909E7	2642.96
702.795	1	1.69314E8	4177.8
666.728	1	1.42703E8	4169.74
391.64	1	5.53164E7	2103.09
787.912	1	1.34178E8	2084.82
663.544	1	5.34435E7	4140.04
1002.13	1	1.38116E8	2570.64
845.502	1	8.65927E7	2098.74
1223.29	1	7.99159E7	2269.85
391.652	1	5.83578E7	1930.7
391.838	1	1.16981E7	4931.59
537.53	1	4.78306E7	1642.14
391.432	1	2.81666E7	17.8248
391.705	1	3.47148E7	4298.23
391.699	1	5.92407E7	2478.54
1031.32	1	1.3725E8	2099.53
792.13	1	4.95113E7	1369.8
1062.4	1	3.6913E7	1345.67
991.126	1	1.96433E8	2616.09
826.539	1	1.62409E8	2098.94
600.487	1	1.52214E8	4100.72
1001.84	1	1.40379E8	2397.99
810.872	1	8.72356E7	1616.27
759.296	1	6.59395E7	2247.23
391.842	1	6.59649E7	2204.71
748.388	1	6.80014E7	2491.42
966.124	1	1.38836E8	1965.08
391.652	1	3.42074E7	2553.12
622.233	1	1.19537E8	4099.57
966.121	1	5.19124E7	1615.41
1066.34	1	3.91584E7	3009.64
1154.08	1	8.71756E7	2663.36
1103.91	1	8.09116E7	2511.95
914.34	1	1.03793E8	4196.72
1128.33	1	8.01967E7	2331.79
449.005	1	1.22694E8	4158.9
391.804	1	3.69606E7	3704.93
1207.57	1	7.61617E7	2019.21
1295.04	1	1.15907E8	2135.64
391.718	1	2.96865E7	1866.69
1215.62	1	3.8928E7	1473.81
839.721	1	1.30755E8	2462.37
391.902	1	4.81953E7	2821.03
948.896	1	1.49946E8	1939.28
593.206	1	1.28947E8	4130.59
491.74	1	1.66858E8	4103.91
391.803	1	6.07129E7	2922.89
392.116	1	4.8464E7	2019.74
391.635	1	4.30817E7	3289.96
995.447	1	7.34305E7	1762.23
629.524	1	3.44831E7	2618.38
391.723	1	3.89101E7	3539.2
966.139	1	2.75361E7	1540.53
1124.29	1	1.12152E8	2116.62
915.832	1	1.08595E8	1966.72
553.886	1	1.52747E8	4113.8
578.966	1	1.67222E8	4107.67
615.392	1	3.04033E7	2708.04
647.33	1	5.35741E7	1341.22
1122.25	1	1.00234E8	2594.25
989.589	1	1.1187E8	2014.41
689.72	1	1.81957E8	4114.53
592.188	1	2.6424E7	1076.81
340.105	1	7.01025E7	122.851
393.399	1	7.50548E7	1539.3
391.813	1	4.38094E7	2382.33
1275.84	1	9.14607E7	2217.88
392.147	1	3.6143E7	2741.93
1025.58	1	8.30916E7	2291.68
600.442	1	4.55068E7	2256.8
533.182	1	1.00066E8	4093.47
1389.38	1	5.25048E7	2003.47
392.35	1	2.17076E7	2695.02
1343.91	1	1.05361E8	2431.19
392.033	1	4.75397E7	1726.53
1201.46	1	1.03109E8	2255.83
502.986	1	3.67563E7	1354.36
886.312	1	9.89152E7	2380.15
391.758	1	2.46378E7	3474.06
667.054	1	1.13424E8	4092.15
925.745	1	1.37481E8	2498.97
791.627	1	6.45838E7	2182.37
568.481	1	8.25324E7	4137.2
644.554	1	1.28445E8	4092.81
739.125	1	5.23346E7	2515.1
992.896	1	7.4732E7	2169.71
1068.01	1	9.77016E7	1825.92
374.263	1	1.52635E8	4108.02
472.135	1	3.23227E7	1144.59
391.777	1	4.65552E7	2298.78
807.155	1	1.65064E8	4121.35
555.828	1	5.33498E7	1954.6
391.928	1	4.30444E7	3026.58
392.038	1	3.34078E7	1809.48
391.878	1	4.15239E7	3152.83
391.775	1	3.88574E7	1462.08
1174.28	1	7.15802E7	2563.61
1264.68	1	8.90717E7	2134.5
552.826	1	5.78915E7	4184.72
391.835	1	3.88626E7	3631.77
715.161	1	8.8947E7	115.497
508.647	1	1.70321E8	4107.89
926.745	1	4.36256E7	2571.03
532.397	1	5.45856E7	1924.98
944.825	1	4.2118E7	1863.38
657.642	1	6.31242E7	2620.35
1274.45	1	1.23062E7	2158.76
1125.48	1	6.73911E7	1881.91
869.013	1	1.29719E8	2145.11
372.648	1	7.04665E7	4182.14
1140.0	1	9.39074E7	1961.86
1335.13	1	8.16568E7	2204.61
845.552	1	3.16408E7	2956.97
1311.72	1	2.52836E7	3108.49
961.754	1	1.35427E8	2134.47
799.203	1	7.24128E7	4071.51
859.632	1	4.78322E7	1347.97
943.515	1	3.40513E7	2977.72
1437.73	1	4.48041E7	2331.37
396.117	1	2.15624E7	1609.52
687.061	1	2.62262E7	1198.24
1101.71	1	7.36569E7	2416.83
517.404	1	4.29302E7	1265.98
755.317	1	1.60391E8	4111.87
403.999	1	1.37171E8	4101.28
710.41	1	3.48746E7	116.566
677.129	1	7.40734E7	2061.48
725.33	1	1.36647E8	4171.14
759.108	1	6.90223E7	4059.57
391.893	1	3.69066E7	3400.23
1022.26	1	8.92919E7	2597.18
986.254	1	5.44522E7	2545.77
714.054	1	8.82219E7	2042.29
1425.57	1	5.97814E7	2623.1
1225.09	1	1.14556E8	2428.0
1058.07	1	7.97055E7	2511.2
359.151	1	5.77901E7	4195.15
636.038	1	4.32085E7	4093.88
1131.75	1	8.30779E7	2249.1
418.679	1	4.05289E7	1297.6
447.477	1	1.33533E8	4092.36
833.897	1	7.20161E7	2412.57
1093.98	1	3.72497E7	1617.46
1209.31	1	7.86565E7	2349.27
926.581	1	1.33157E8	2358.3
738.244	1	2.64811E7	1086.34
877.036	1	2.15756E7	844.084
431.717	1	1.41877E8	4108.08
987.866	1	1.06378E8	4179.42
1107.58	1	7.86883E7	1952.17
834.42	1	2.6005E7	1197.67
1225.28	1	1.23273E8	4120.37
859.298	1	1.04861E8	2067.33
714.558	1	6.80124E7	1825.53
1039.54	1	1.06841E8	4185.34
1012.18	1	1.32766E8	1966.99
1032.83	1	6.87611E7	4139.52
473.266	1	1.50308E8	4112.47
684.086	1	8.40996E7	1877.03
1137.0	1	4.25096E7	2880.9
1028.82	1	1.28387E8	1958.86
1187.65	1	8.03533E7	2372.7
1028.12	1	1.42035E8	2435.82
368.633	1	5.32129E7	4101.37
943.103	1	1.25087E8	2426.71
933.132	1	1.03087E8	1961.71
1368.92	1	9.51786E7	2427.37
1186.84	1	6.45165E7	2538.83
1487.69	1	4.46967E7	2174.98
1198.16	1	7.14278E7	2316.37
708.293	1	1.62489E8	4103.93
751.752	1	5.33394E7	2653.48
1258.89	1	5.50738E7	2513.43
876.662	1	4.59025E7	2888.05
1092.08	1	1.15386E8	2204.79
1224.53	1	5.19043E7	2347.78
840.635	1	1.10359E8	1975.86
821.054	1	2.51365E7	1077.99
1131.59	1	1.43989E8	2427.73
1041.95	1	1.07759E8	2054.11
979.484	1	1.10015E8	1952.7
1496.78	1	3.89133E7	2401.71
1123.66	1	1.18362E8	2450.62
941.786	1	1.41773E8	4171.24
1223.12	1	3.53747E7	1327.2
1222.64	1	2.93383E7	1197.14
1297.05	1	7.88095E7	2240.69
916.339	1	9.56449E7	2147.57
1016.83	1	1.11166E8	4178.72
969.648	1	1.09713E8	2632.29
614.838	1	5.97402E7	4113.65
919.532	1	1.00414E8	2253.66
903.905	1	4.49831E7	2838.49
1109.57	1	5.24197E7	2691.04
807.261	1	1.37736E8	1934.6
392.772	1	1.68423E7	3097.4
610.915	1	3.81406E7	1476.39
776.635	1	1.63944E8	4116.11
883.34	1	4.78535E7	2717.76
1347.29	1	5.12956E7	2054.51
387.179	1	5.60288E7	4146.5
524.973	1	8.28799E7	4161.5
822.592	1	1.06978E8	1939.25
341.14	1	2.1509E7	4026.77
1209.22	1	6.10537E7	2638.73
1118.62	1	4.01713E7	2463.57
339.554	1	2.92319E7	4273.32
547.908	1	6.06269E7	4099.3
1239.82	1	9.56605E7	2088.29
1224.89	1	8.36166E7	2625.55
953.32	1	4.99636E7	2145.39
796.2	1	1.1105E8	4139.69
940.94	1	3.93005E7	1348.85
1224.72	1	7.87748E7	2154.29
720.196	1	1.09613E8	4087.54
400.944	1	3.26513E7	965.377
1002.24	1	3.70756E7	1468.15
871.276	1	9.69282E7	1956.29
1015.04	1	6.51762E7	2627.45
772.229	1	7.99751E7	2107.78
991.922	1	1.08679E8	2281.47
984.782	1	9.36749E7	2493.99
307.34	1	4.4281E7	4175.97
913.728	1	4.12511E7	2953.9
1174.7	1	7.4348E7	2248.7
1188.1	1	2.57581E7	2311.85
699.43	1	5.94524E7	2099.68
1004.46	1	2.3363E7	3497.2
666.975	1	4.14939E7	1608.22
330.342	1	1.0365E8	4112.46
913.843	1	7.22137E7	2697.84
893.352	1	1.11555E8	2186.94
393.409	1	1.09511E8	4059.07
915.1	1	6.18372E7	2810.9
908.594	1	6.65554E7	2005.14
659.314	1	4.86176E7	4094.67
372.681	1	1.91252E7	3706.68
389.41	1	2.71465E7	3314.78
430.469	1	7.20349E7	4184.08
1314.05	1	5.40876E7	2619.2
991.401	1	6.84352E7	2101.62
1088.27	1	7.23883E7	2260.38
1167.6	1	7.31035E7	2057.7
1222.73	1	2.20873E7	1113.24
1222.41	1	2.68801E7	636.012
524.108	1	4.95463E7	4094.9
422.185	1	4.77074E7	4185.8
484.62	1	3.94414E7	1666.52
414.715	1	4.20403E7	4196.97
1222.38	1	3.17991E7	520.691
1091.03	1	8.23658E7	4180.16
1222.46	1	2.75052E7	755.203
961.536	1	5.40693E7	2556.12
1062.86	1	9.30778E7	2247.94
1114.6	1	7.47154E7	2423.99
1222.32	1	2.64262E7	375.077
977.825	1	4.0838E7	4179.92
1492.99	1	3.70572E7	2483.78
914.318	1	9.26017E7	2378.5
1264.04	1	1.04517E8	2431.37
750.394	1	5.39449E7	1721.25
931.819	1	7.16635E7	4140.92
1222.96	1	6145000.0	697.068
1222.35	1	2.42735E7	4843.99
1065.44	1	1.0078E8	4180.28
1222.36	1	2.50212E7	186.924
1222.65	1	3.14695E7	862.033
1110.41	1	1.06759E8	2611.72
1224.38	1	6.15557E7	2524.43
901.198	1	1.42521E8	2429.2
342.349	1	3.61137E7	4192.11
870.259	1	3.27159E7	3099.83
680.349	1	6.71116E7	4111.42
1060.29	1	5.66537E7	1920.09
854.204	1	6.58437E7	2611.97
1224.17	1	3.52635E7	1446.29
1224.4	1	2.01575E7	4034.87
913.792	1	1.28471E8	2570.41
1222.39	1	1.11945E7	446.814
807.155	1	7.14819E7	2246.91
838.934	1	1.39014E8	4156.05
820.104	1	8.0562E7	2146.6
1058.15	1	5.27178E7	4155.46
1148.81	1	5.81375E7	2717.25
767.622	1	9.77105E7	4166.6
1222.34	1	2.63861E7	5044.23
941.356	1	6.03449E7	2353.45
1012.68	1	1.3442E8	2138.55
1261.13	1	6.18705E7	2048.15
1495.53	1	2.88903E7	2612.73
865.029	1	8.11154E7	2222.87
690.585	1	2.10797E7	866.713
1223.71	1	4.76009E7	4205.68
507.649	1	3.65295E7	1268.79
901.968	1	1.5917E8	4133.52
701.347	1	1.06891E7	4129.7
943.309	1	9.42272E7	2132.43
1106.71	1	9.4191E7	2341.11
820.335	1	1.66442E8	4134.72
861.495	1	1.21509E7	2135.11
852.909	1	2.82282E7	2065.37
1326.59	1	6.81099E7	2373.4
463.203	1	9.18158E7	4099.65
1005.84	1	6.99473E7	4164.23
992.687	1	1.10332E8	2422.74
1224.44	1	4.83928E7	2728.62
933.029	1	8.80645E7	1892.83
767.855	1	3.3897E7	4089.91
1175.7	1	1.35726E8	2431.96
349.32	1	2.23348E7	4117.77
980.109	1	2.52847E7	2610.16
1154.59	1	1.23408E8	2445.49
1060.66	1	8.98256E7	2349.04
787.478	1	6.60218E7	2626.4
1222.52	1	3.00301E7	970.936
898.407	1	4.89296E7	1667.35
1222.44	1	2.18768E7	4953.36
1222.39	1	1.72503E7	4758.59
570.734	1	2.03771E7	4070.95
1222.85	1	1.50914E7	1054.65
928.35	1	4.445E7	4196.59
1222.45	1	2.77529E7	4566.84
1125.34	1	8.63933E7	1973.98
1222.37	1	1.57061E7	296.07
1204.79	1	3.03813E7	2612.14
736.228	1	9.19501E7	1916.85
918.446	1	5.34796E7	1755.92
1014.05	1	9.1824E7	2055.02
611.876	1	5.95133E7	4173.58
1222.5	1	8182550.0	250.879
1223.12	1	3.16899E7	92.6324
980.0	1	1.58956E7	2551.64
1107.47	1	1.30408E8	2128.7
1407.82	1	4.8017E7	1948.21
1096.82	1	4.18338E7	2462.02
885.732	1	1.47807E8	4162.06
874.834	1	5.11189E7	1459.71
727.19	1	6.05744E7	1682.84
789.032	1	8.08632E7	4158.78
562.917	1	4.46052E7	4175.95
1054.03	1	1.26185E8	2426.22
579.029	1	1.76065E7	2703.0
744.856	1	2.81488E7	2690.88
384.662	1	3.34784E7	4192.71
797.01	1	6.09714E7	1865.38
793.398	1	1.24452E8	1970.45
1431.37	1	7.22001E7	2433.05
589.86	1	3.52139E7	1365.54
1103.94	1	1.0151E8	4170.74
757.483	1	5.72958E7	1457.73
1080.91	1	1.25535E8	1986.28
1167.75	1	7.04819E7	1874.37
735.716	1	1.59619E8	4121.03
490.912	1	4.08594E7	1958.22
883.27	1	1.18678E8	2095.27
727.829	1	1.96002E7	4100.13
1120.73	1	1.0534E8	4180.48
1025.43	1	5.82708E7	1762.02
1123.04	1	7.14631E7	2226.04
1173.52	1	7.76824E7	2153.44
871.465	1	5.01227E7	1604.1
710.649	1	1.6789E7	4039.76
1223.91	1	1.1831E7	1264.7
1309.48	1	9.48306E7	2384.81
852.169	1	1.05829E8	2432.99
1006.88	1	1.74966E7	2029.17
1174.75	1	3.04421E7	2495.55
993.444	1	3.78195E7	2348.98
648.713	1	5.44581E7	1980.37
689.879	1	5.57056E7	4191.49
988.01	1	2.49462E7	2349.58
1368.2	1	6.84546E7	2587.83
842.243	1	3.31703E7	2382.44
1222.37	1	9476810.0	15.4458
1000.61	1	3.68681E7	4179.82
812.37	1	5.43824E7	4196.16
1072.02	1	5.5032E7	1960.4
440.952	1	4.919E7	4102.58
1395.98	1	6.99612E7	2419.04
943.504	1	7.11058E7	2556.81
852.927	1	2.47174E7	1084.81
1081.65	1	5.33441E7	4179.05
1137.32	1	1.44254E8	4133.2
733.127	1	6.4396E7	1988.09
1222.44	1	1.97965E7	4682.3
1129.97	1	8.37785E7	2558.22
1216.77	1	6.19434E7	4166.21
1454.62	1	7.59461E7	2427.96
901.423	1	9.66218E7	2107.88
705.094	1	2.70732E7	1786.38
1325.23	1	6.0527E7	2485.22
845.731	1	1.58209E7	1000.13
631.546	1	6.65705E7	4174.58
1434.59	1	6.4674E7	4116.2
1326.28	1	8.4155E7	4150.77
984.289	1	5.09849E7	2791.09
479.609	1	6.51949E7	4188.75
482.633	1	3.84057E7	4116.84
1010.04	1	9.63723E7	2253.26
1222.4	1	1.82134E7	4473.11
1339.22	1	8.49826E7	2629.16
1428.46	1	2.86251E7	2347.58
1325.47	1	6.39643E7	2135.62
607.78	1	1.95555E7	4181.33
961.441	1	1.30978E8	4172.77
847.548	1	1.4953E8	4096.12
784.295	1	2.56827E7	4190.07
592.21	1	3.48177E7	4191.58
633.217	1	6.1296E7	1941.54
820.518	1	9.68207E7	2273.98
883.075	1	1.05181E8	2456.81
1222.71	1	5257980.0	4904.72
715.01	1	4.39554E7	4189.22
392.361	1	1.46435E7	3222.94
1165.81	1	6.65575E7	2452.84
1112.39	1	1.58196E7	4187.27
367.573	1	2.31319E7	4181.65
1217.69	1	6.53689E7	2440.01
908.248	1	6.27618E7	2216.37
1223.68	1	2.8957E7	1639.56
1124.63	1	6.62316E7	2763.83
1223.4	1	1.73988E7	1570.91
962.771	1	1.0783E8	2347.9
1350.41	1	4.67652E7	2640.68
392.327	1	1.51261E7	3993.63
675.421	1	3.40783E7	4142.6
1041.51	1	1.065E8	2268.08
646.862	1	4.63363E7	2132.74
706.256	1	5.39467E7	1954.95
1049.96	1	4.19125E7	2354.36
776.07	1	6.19021E7	1621.47
1139.37	1	9.09458E7	2662.85
886.324	1	1.30836E8	1957.41
1257.34	1	2.64228E7	2152.49
612.974	1	3.48648E7	2490.3
1326.5	1	5.46117E7	2685.7
874.847	1	1.20142E8	4112.38
724.262	1	2.15533E7	2959.89
938.04	1	4.26488E7	1465.21
621.403	1	5.47533E7	1939.03
928.737	1	9.07626E7	2438.87
924.842	1	7.48226E7	4106.96
1033.22	1	4.99762E7	2858.29
1223.71	1	6324040.0	1387.03
838.021	1	7.20782E7	2128.85
903.79	1	5.84444E7	2252.04
835.493	1	4.7877E7	4086.37
919.796	1	4.833E7	4148.69
756.147	1	7.35497E7	4188.37
414.373	1	3.84513E7	941.532
1163.85	1	6.17482E7	2240.67
631.813	1	3.48796E7	4093.6
1044.21	1	6.10026E7	2436.81
420.883	1	8.02964E7	4062.31
335.782	1	9552130.0	4055.46
865.236	1	9.98541E7	4159.16
536.299	1	3.08104E7	4184.91
1091.32	1	8.02613E7	2576.48
1212.78	1	3.31367E7	2453.41
748.301	1	4.19992E7	4172.0
1075.05	1	8.20369E7	2615.01
877.99	1	2.2267E7	4196.72
975.427	1	7.46204E7	2431.54
1113.2	1	8.31719E7	2238.95
1388.09	1	5.59332E7	2434.39
1145.33	1	5.10869E7	2431.97
1003.58	1	3.74472E7	2049.04
914.119	1	3.47021E7	2881.19
1223.23	1	3501030.0	586.225
965.555	1	8.31958E7	4103.0
674.267	1	6.27694E7	2627.76
971.122	1	1.1289E8	2079.58
1032.66	1	3.93108E7	1602.38
915.352	1	2.84024E7	2321.47
863.624	1	7.42677E7	1776.38
1267.1	1	1.07167E8	4123.78
1015.52	1	1.18369E8	2447.72
1012.75	1	7.49052E7	2350.3
790.336	1	2.71803E7	4084.34
933.126	1	6.78909E7	2715.05
897.604	1	5.08141E7	4192.45
1368.75	1	4.78696E7	2705.02
1223.95	1	8.54043E7	1978.39
889.51	1	7.44777E7	2036.77
386.179	1	5.48531E7	4079.77
995.988	1	6.98282E7	4122.85
723.249	1	7.1905E7	1969.38
781.562	1	5.32962E7	1980.51
1099.92	1	7.17383E7	4100.16
1255.9	1	3.53089E7	2425.32
597.443	1	4.02719E7	1472.43
804.317	1	2.40134E7	4195.14
1028.34	1	3.64441E7	4184.94
1035.43	1	8.97332E7	4086.11
955.239	1	8.97245E7	2045.83
980.68	1	6.08789E7	4123.14
1010.89	1	6.67452E7	2504.89
946.685	1	9.60566E7	2245.6
899.494	1	7.55016E7	1971.74
1002.55	1	5.27673E7	1959.85
779.339	1	2.62658E7	2633.03
587.649	1	1.93898E7	4112.48
861.799	1	4.74525E7	1942.74
1054.5	1	1.04061E8	2620.62
1322.74	1	2.8802E7	1341.01
1125.48	1	4.98273E7	4119.88
1352.33	1	6.21449E7	2242.37
1394.88	1	6.44777E7	2120.29
1206.61	1	6.35059E7	4173.73
1278.82	1	1.01524E8	2433.03
844.126	1	3.78568E7	2770.91
873.959	1	6.31595E7	2426.76
1073.71	1	1.06281E8	4111.0
858.799	1	5.50823E7	4132.85
1049.1	1	1.05398E8	4144.0
1123.26	1	4.32055E7	1560.34
1244.74	1	1.00081E8	2426.48
819.652	1	5.83554E7	2016.16
938.281	1	5.09864E7	2263.45
1424.75	1	4.11044E7	4191.15
956.416	1	6.32403E7	2506.04
1325.88	1	4.98286E7	2589.16
961.095	1	1.02631E8	2245.57
829.403	1	7.21924E7	2228.66
985.981	1	2.98148E7	2153.38
1225.57	1	4.30585E7	1903.82
363.64	1	3.72459E7	4108.68
372.789	1	4.26892E7	1139.78
1323.02	1	1.78504E7	1255.65
1324.24	1	3.57746E7	4068.73
1081.62	1	1.07392E8	2079.5
860.456	1	2.14016E7	4209.38
382.48	1	8120140.0	4123.3
981.702	1	6.22329E7	2262.81
939.27	1	4.01099E7	2093.68
469.05	1	3.26605E7	4186.12
931.638	1	5.32343E7	2256.89
370.191	1	3.20679E7	866.556
1244.94	1	7.6158E7	4179.9
1080.2	1	3.68083E7	2535.69
386.251	1	2.51122E7	687.552
829.385	1	5.71374E7	2468.75
1222.92	1	5219090.0	4635.31
1264.81	1	6.71681E7	2248.95
904.781	1	6.17728E7	2632.77
1361.03	1	6.06465E7	2373.95
742.602	1	7.65112E7	4069.41
842.121	1	3.72502E7	2048.09
1078.6	1	1.44168E8	2432.21
610.563	1	2.66367E7	4096.03
805.067	1	1.08694E8	2439.86
413.514	1	5.82057E7	1176.81
1144.46	1	3.69777E7	1615.68
316.908	1	5.11475E7	4127.78
782.035	1	5.48503E7	1732.57
959.896	1	1.20855E8	2431.36
1022.15	1	5.65307E7	4112.54
559.125	1	6.36156E7	4069.77
1420.07	1	4.67993E7	2134.12
743.171	1	2.9264E7	4195.8
1134.03	1	3.10196E7	4197.31
1022.0	1	8.68049E7	1845.37
1322.02	1	4.40064E7	2428.3
998.054	1	1.14652E8	1866.16
1074.98	1	5.39134E7	2106.98
897.97	1	7.21706E7	2307.6
892.197	1	4.69698E7	4086.81
1189.06	1	1.01747E8	2128.97
805.79	1	4.97809E7	2525.47
1002.68	1	3.58865E7	2266.67
1024.46	1	3.98586E7	2110.93
342.2	1	1.38438E7	79.8205
786.884	1	4.39677E7	2230.26
1322.93	1	2.23795E7	4233.08
883.464	1	6.32542E7	2614.35
1223.44	1	1.34702E7	1516.21
1287.7	1	2.56879E7	2243.46
825.885	1	4.05825E7	2507.12
875.293	1	5.93498E7	115.541
1322.61	1	2.34407E7	681.799
1322.41	1	2.21441E7	552.871
1004.28	1	4.51711E7	2664.27
881.866	1	9.59961E7	2194.93
508.698	1	2.35799E7	4050.4
935.812	1	4.55438E7	2175.73
1046.81	1	9.79589E7	2148.65
1011.28	1	6.95569E7	1853.4
314.295	1	5.11317E7	4079.77
653.703	1	8.81195E7	4173.06
1368.79	1	2.65368E7	2493.63
1226.76	1	3.91342E7	2229.05
959.469	1	3.34113E7	1991.9
1278.88	1	4.68756E7	2340.04
409.444	1	3.13988E7	4185.31
1141.89	1	5.09058E7	2454.25
1059.89	1	4.42434E7	2182.77
1218.94	1	3.05759E7	2620.53
771.783	1	6.97833E7	2194.86
830.01	1	3.4103E7	4192.55
866.071	1	2.78227E7	4083.56
1303.12	1	5.75299E7	2568.62
1075.37	1	2.4663E7	4189.66
829.844	1	2.85259E7	4120.94
1068.14	1	3.67911E7	2432.67
1133.11	1	2.89516E7	2652.5
394.58	1	6564730.0	4614.23
1202.5	1	7.27367E7	2499.3
811.413	1	6.72093E7	2099.3
827.426	1	5.48609E7	1723.01
1412.96	1	7.65366E7	4146.77
1119.31	1	2.78462E7	2680.01
547.692	1	1.93562E7	1009.4
1097.2	1	3.71787E7	2352.21
1322.99	1	2.38972E7	1147.54
1117.32	1	6.01543E7	4099.73
919.424	1	2.49515E7	2467.03
938.126	1	5.29211E7	2501.15
1372.23	1	5.33459E7	2152.77
781.42	1	6.59197E7	2501.28
814.464	1	2.9094E7	4063.35
823.667	1	4.58243E7	2416.0
746.819	1	2.24081E7	2601.01
764.233	1	7.93814E7	1882.82
1436.47	1	4.52723E7	2245.43
1245.41	1	2.72823E7	2865.76
1223.29	1	2.99526E7	2970.33
806.54	1	5.45106E7	2153.09
1087.53	1	7.91129E7	4110.19
1380.93	1	2.94987E7	2435.03
1387.72	1	3.92994E7	2150.18
913.429	1	4.93697E7	4126.27
458.335	1	2.53296E7	4073.43
458.514	1	4.94503E7	4143.28
995.877	1	6.60814E7	2711.44
425.892	1	1.29038E7	4125.06
915.432	1	3.45168E7	1509.75
497.363	1	6.14859E7	4184.18
1123.66	1	3.40985E7	1671.39
1210.93	1	9631840.0	2414.11
865.317	1	8.13419E7	2375.9
520.352	1	3.7615E7	4082.27
1118.93	1	2.61694E7	1959.96
1162.8	1	7.98028E7	1971.92
879.726	1	6.25484E7	2276.89
1111.87	1	2.49455E7	4116.54
1425.65	1	3.4241E7	2239.55
1124.07	1	2.97014E7	1350.91
1235.31	1	6.00616E7	2620.14
1161.66	1	5.86787E7	2319.38
826.681	1	3.97871E7	4076.42
991.066	1	3.09733E7	3017.79
1217.86	1	7.121E7	1826.13
973.319	1	3.32074E7	4175.21
443.199	1	2.32629E7	4201.04
891.586	1	1.87156E7	2267.25
875.581	1	3.1298E7	2630.02
1239.51	1	8.20244E7	2249.5
475.221	1	1.47583E7	2839.98
819.742	1	6.46314E7	2749.78
1119.77	1	1.17014E7	2771.08
578.479	1	2.91184E7	1458.83
910.385	1	5.82782E7	1896.74
731.959	1	3.67511E7	1487.21
999.366	1	6.44007E7	2494.08
1162.6	1	8.64476E7	4179.94
1176.37	1	9.59368E7	4115.2
1357.29	1	7.16997E7	2444.24
761.964	1	3.69839E7	1352.62
1011.48	1	8.05268E7	4096.37
411.966	1	7883670.0	4105.44
1236.54	1	2.21621E7	4176.42
953.331	1	7.1426E7	4121.4
1073.41	1	3.5714E7	2510.94
1149.56	1	3.85224E7	2526.42
816.674	1	4.854E7	2512.5
1238.01	1	4.84429E7	2459.5
676.255	1	2.13284E7	4069.36
926.431	1	3.68152E7	1971.66
861.431	1	2.68178E7	4067.02
1344.71	1	5.07038E7	2140.39
1405.22	1	3.19457E7	4157.66
1000.75	1	1.37978E7	2217.46
944.637	1	4.70774E7	2032.03
470.008	1	4.61291E7	1922.66
1196.81	1	4.55706E7	114.993
884.943	1	4.88237E7	4082.62
447.024	1	3.42948E7	117.769
308.562	1	2.10866E7	4097.26
856.496	1	4.99158E7	1888.4
465.1	1	2.43484E7	975.779
826.842	1	4.83293E7	2348.34
800.382	1	3.02947E7	2139.54
1225.62	1	4.12003E7	1759.52
915.113	1	2.91358E7	1347.21
1322.51	1	2.18393E7	4859.86
978.062	1	6.54609E7	2350.57
1322.53	1	2.00348E7	841.422
789.561	1	2.33786E7	1904.53
441.667	1	2.86658E7	4041.88
1068.01	1	6.37317E7	2073.58
1350.09	1	7.98855E7	4154.5
1146.19	1	3.04129E7	2979.76
1182.88	1	6.00977E7	2709.74
902.401	1	8.38905E7	2520.1
714.421	1	4.09571E7	1448.99
1091.3	1	3.51339E7	2487.12
1423.01	1	3.18595E7	2427.72
1057.33	1	8.33749E7	2070.33
1445.31	1	5.785E7	2132.69
1064.29	1	2.23003E7	2442.88
996.553	1	4.59067E7	1961.83
1059.44	1	7.12236E7	4096.91
715.905	1	3.36435E7	1955.35
1041.23	1	7.71165E7	2629.78
356.998	1	4.33742E7	4062.79
683.879	1	1.0183E7	4190.31
1218.92	1	1.73341E7	2162.42
1322.53	1	1.87459E7	219.478
953.669	1	3.84108E7	2348.16
783.667	1	4.10688E7	4067.31
1251.44	1	3.71572E7	2122.87
335.588	1	1.31401E7	118.318
1322.45	1	2.1193E7	4677.04
976.971	1	1.18789E7	2603.39
1189.79	1	7.44781E7	2466.07
1139.42	1	8.6777E7	1883.51
1260.0	1	4.83855E7	4152.48
1148.56	1	3.08647E7	2620.15
873.275	1	1.96584E7	2282.55
1200.92	1	2.1978E7	2618.34
1002.71	1	2.3453E7	4069.07
1037.71	1	4.08946E7	2433.52
1081.49	1	4.57095E7	2247.11
1053.55	1	3.46831E7	2260.43
760.923	1	4.20574E7	2136.07
1115.47	1	4.90065E7	2518.81
1322.58	1	1.90773E7	981.034
1004.86	1	2.2616E7	2169.7
1189.69	1	1.17885E8	4128.61
747.85	1	4.72335E7	1946.63
1322.54	1	2.59058E7	324.418
581.887	1	4.85941E7	4189.56
1232.66	1	1.723E7	4182.95
1093.09	1	3.37707E7	2340.25
543.058	1	1.91982E7	4086.83
647.44	1	2.6653E7	4191.54
1371.06	1	4.12606E7	2335.08
778.099	1	2.76518E7	4196.67
640.719	1	1.84716E7	4218.31
1156.21	1	4.23231E7	2027.16
990.402	1	3.06053E7	1936.54
510.519	1	4.79328E7	4193.72
911.389	1	6.52762E7	4070.39
647.863	1	3.78556E7	1569.44
1485.58	1	5.49872E7	4120.15
1444.14	1	3.76372E7	2431.2
1216.88	1	2.39306E7	1962.16
696.881	1	4.70187E7	4066.67
787.287	1	5.86753E7	2432.16
1323.09	1	2.11361E7	88.2362
957.632	1	5747810.0	2292.26
1389.14	1	6.41737E7	4180.83
1060.24	1	2.78477E7	1847.66
964.126	1	6.99065E7	1887.32
1254.66	1	4.8573E7	2709.85
875.615	1	2.28461E7	2085.04
1289.15	1	8.12267E7	4168.17
913.871	1	1.35287E7	2756.36
1322.65	1	1.32369E7	767.077
928.052	1	9.343E7	2095.37
1485.51	1	5.16256E7	2429.08
587.852	1	4.64732E7	2075.28
871.768	1	3.91261E7	2056.44
604.296	1	2.05961E7	4180.61
1316.72	1	4.02689E7	2131.59
654.898	1	2.7421E7	4093.81
1233.34	1	2.15128E7	2468.32
400.825	1	5.91216E7	4179.69
397.468	1	1.19634E7	4122.73
1115.95	1	5.834E7	1874.22
484.853	1	2.07763E7	4049.55
614.342	1	4.26623E7	1325.19
976.508	1	3.79855E7	2230.99
988.039	1	3.36149E7	1777.22
778.559	1	3.13464E7	2416.45
985.897	1	1.39845E7	1899.52
744.905	1	1.15055E7	4139.91
1336.52	1	3.41061E7	2425.71
1439.7	1	3.93348E7	4189.25
903.153	1	1.64833E7	2041.31
750.954	1	5.44947E7	2263.9
1249.38	1	6.29377E7	2611.85
1142.19	1	5.82587E7	2345.24
500.554	1	1.39111E7	4107.25
345.366	1	1.42541E7	4123.1
1046.07	1	3.26304E7	2867.9
532.14	1	1.33527E7	4191.86
949.834	1	7584730.0	2127.69
1492.09	1	2.90274E7	2117.43
1049.97	1	7.66287E7	1885.54
1086.05	1	6.71381E7	2379.93
713.413	1	2.17336E7	3019.45
1208.65	1	6.67737E7	4099.18
394.956	1	7364320.0	4466.24
1075.22	1	5.15142E7	2231.65
1052.38	1	4.83751E7	2790.16
1248.85	1	3.92648E7	2514.44
1289.82	1	5.34266E7	2522.23
1170.04	1	3.52902E7	4136.06
376.863	1	3.30886E7	4045.64
898.919	1	7.68424E7	1883.42
1322.46	1	2.03867E7	4963.31
849.772	1	2.31492E7	1164.2
1322.45	1	1.16962E7	5072.12
992.392	1	4.35215E7	4077.74
755.455	1	6.3906E7	2069.31
856.403	1	4.06526E7	2848.01
749.928	1	4.64535E7	1524.31
1322.92	1	1.14664E7	912.721
1088.17	1	3.21396E7	2960.14
779.256	1	9.43496E7	1841.16
1310.74	1	2.37732E7	2857.79
853.632	1	3.60421E7	4184.45
1326.96	1	6.38532E7	1986.78
554.8	1	2.80001E7	117.285
850.019	1	3.7621E7	1911.74
1025.24	1	3.89593E7	2026.89
497.214	1	3.24169E7	1199.06
951.341	1	2.27287E7	2453.27
1155.87	1	5.59372E7	2367.96
1116.62	1	3011490.0	2717.21
1186.02	1	2.46775E7	2868.27
393.579	1	8861800.0	4685.06
1103.13	1	2.69521E7	1909.19
1302.69	1	5.29115E7	1961.11
697.811	1	5.20424E7	1912.91
547.498	1	1.65087E7	4193.33
1374.33	1	5.27203E7	4190.25
1033.39	1	6.89583E7	2362.24
1359.31	1	3.52742E7	1876.11
947.405	1	2.04165E7	2500.29
1325.21	1	5.45166E7	2250.34
764.683	1	5.26406E7	1615.22
1388.45	1	6866070.0	2068.99
858.397	1	5.70009E7	2262.81
575.4	1	1.73404E7	4184.87
1418.41	1	1.79381E7	2420.46
806.781	1	7.4153E7	1814.67
1239.94	1	5.78637E7	2348.97
359.594	1	2.20592E7	537.555
1218.35	1	1.99208E7	4090.43
735.991	1	2.39687E7	4205.23
1164.78	1	1.82026E7	4113.57
707.825	1	3.91973E7	1521.29
848.162	1	7.28009E7	2244.31
1159.51	1	3.94101E7	1881.78
870.324	1	3.80587E7	2562.05
1086.76	1	7.46071E7	1875.09
972.874	1	5.67336E7	2493.52
438.581	1	1.60925E7	4191.72
936.241	1	1.98917E7	2058.71
982.457	1	3.02428E7	1739.58
1425.65	1	2.76292E7	2733.56
984.783	1	2.26629E7	4065.84
1068.57	1	3.8677E7	2661.89
890.526	1	5.59792E7	2558.28
677.695	1	1.20517E7	728.739
984.852	1	2.32345E7	2084.15
809.481	1	6.02748E7	2627.52
716.15	1	5.7262E7	2136.15
1322.55	1	6271470.0	5029.21
997.75	1	1.0551E7	4205.19
863.287	1	3.41393E7	2016.42
1028.05	1	5.85351E7	2713.83
1364.38	1	5.14665E7	1988.16
973.309	1	3.17531E7	2274.35
737.536	1	6.87555E7	2185.8
1074.07	1	6.75841E7	2292.68
866.333	1	4.98374E7	1859.39
815.231	1	1.08636E7	1959.2
711.442	1	3.76544E7	1285.71
531.892	1	1.5071E7	726.68
1322.51	1	1.36652E7	4587.98
1439.38	1	1.4355E7	2419.09
1204.91	1	2389970.0	2397.62
805.623	1	5.36799E7	1346.44
391.478	1	6413060.0	1527.92
1222.63	1	1.56576E7	4381.59
1215.89	1	3.36256E7	2279.33
926.459	1	5.4588E7	2797.42
636.84	1	4.07187E7	2117.34
381.985	1	2.43528E7	1538.58
1298.65	1	2.62781E7	2610.97
1322.47	1	1.8548E7	4504.32
606.217	1	6.0706E7	1955.88
1163.55	1	2.83605E7	2142.46
1322.51	1	2.33035E7	441.594
1048.87	1	2.44241E7	2231.82
1091.12	1	7.95291E7	1972.94
788.04	1	3.41334E7	2709.94
546.689	1	4.1764E7	1939.06
1149.42	1	5.96193E7	4187.61
1122.14	1	1.68481E7	2342.5
790.455	1	3.49688E7	1819.41
1223.02	1	1.39253E7	4295.98
856.495	1	3.96924E7	2350.82
1223.64	1	7780240.0	2682.23
1032.67	1	3.69376E7	2630.93
1224.21	1	2.77911E7	2880.67
462.213	1	4.41096E7	1191.45
1180.53	1	7.49838E7	1971.47
1223.75	1	2.66646E7	3081.71
894.658	1	2.62453E7	2474.45
1046.78	1	6.12224E7	2531.3
797.642	1	2.4728E7	2420.59
1144.07	1	1.63311E7	2597.89
1278.99	1	3.75818E7	2083.69
1351.82	1	4.09298E7	2513.1
1303.55	1	6.53655E7	2467.88
772.574	1	2.74277E7	2555.79
578.409	1	3.2194E7	2237.86
743.249	1	5.86215E7	2307.08
1125.21	1	2.71059E7	3106.32
1456.07	1	7.22817E7	4117.95
1323.24	1	2.62719E7	1457.36
833.118	1	3.76041E7	2039.03
982.06	1	2.10213E7	2153.22
942.731	1	8.61013E7	4092.92
1274.37	1	3.67944E7	2487.07
1036.99	1	3.73367E7	2198.12
609.665	1	1.49225E7	4063.5
1408.17	1	4.5735E7	2619.7
1322.46	1	1.51781E7	4769.17
1124.18	1	2.53917E7	114.821
1153.56	1	8.2639E7	4112.88
1079.83	1	4.8721E7	2713.4
1322.9	1	1.6572E7	1062.73
799.733	1	5.97746E7	1626.04
548.143	1	3.13374E7	2182.04
506.055	1	3.4302E7	1981.98
1410.93	1	5.81861E7	2432.54
1024.77	1	7868070.0	4194.29
856.838	1	1.16339E7	4071.2
838.088	1	3.78139E7	2338.35
1197.47	1	1.76645E7	2613.23
1278.18	1	6.21943E7	4093.11
328.334	1	2.61398E7	4057.92
607.649	1	4.63375E7	1846.09
839.93	1	3.02664E7	2220.79
669.217	1	2.63094E7	2672.41
1223.26	1	1.48664E7	3353.83
869.262	1	5.10215E7	2481.31
1109.81	1	9072440.0	2405.94
758.541	1	8.42575E7	2430.39
1010.2	1	8519050.0	2609.81
1186.55	1	3.40151E7	4196.58
1025.28	1	6.2124E7	2233.45
1000.7	1	2.46779E7	2127.21
642.227	1	1.80381E7	1981.22
1108.69	1	2.98004E7	1828.15
352.622	1	1.34061E7	4202.34
394.472	1	8119900.0	5044.56
831.913	1	2.97527E7	1257.36
1375.1	1	1.44891E7	3120.62
1199.78	1	2.3151E7	4182.08
1038.48	1	3.86748E7	2522.43
1255.19	1	3.60728E7	4151.71
1391.49	1	4.96115E7	2332.48
675.197	1	3.25596E7	1832.97
1145.84	1	1.29504E7	4121.87
1124.6	1	3.47901E7	1805.24
945.634	1	4.00462E7	1807.18
1286.98	1	8.6649E7	1959.77
1073.09	1	2.98424E7	2357.78
1123.17	1	2.36417E7	1068.11
811.613	1	2.99892E7	2719.12
989.407	1	5452930.0	1851.4
771.899	1	4.99978E7	2275.98
1140.61	1	3.10714E7	2542.98
890.938	1	1.95053E7	2471.65
691.602	1	4.39833E7	2060.67
1311.91	1	9799100.0	3388.23
1322.48	1	7911530.0	14.9054
1101.75	1	2.041E7	1851.06
1029.85	1	9877940.0	2605.21
888.548	1	1.8106E7	2269.55
1400.2	1	2.52761E7	4152.21
453.622	1	1.94463E7	2912.64
817.725	1	2.81148E7	2434.76
1124.82	1	3.72264E7	2872.81
1317.94	1	2.28138E7	2461.41
985.554	1	2705520.0	2349.57
873.654	1	1.79154E7	4191.73
478.842	1	1.62118E7	4060.64
676.995	1	6.25988E7	1970.06
1150.76	1	2.63535E7	1967.41
905.403	1	5.42329E7	1810.07
1208.44	1	7.98173E7	2152.05
1294.34	1	5.30374E7	2344.69
1341.05	1	3.89866E7	4116.07
908.346	1	1.24434E7	2368.48
1325.87	1	3.77182E7	1904.86
1188.91	1	5.32488E7	2232.42
841.101	1	6.49489E7	1879.57
1045.46	1	9.38882E7	1970.28
587.642	1	1.65314E7	1328.38
804.275	1	3.80212E7	1469.03
812.65	1	2.80692E7	2028.1
902.799	1	1.04992E7	2165.69
1112.91	1	4.9628E7	1765.97
959.968	1	3.84789E7	2664.26
1123.6	1	2.54785E7	1265.63
1105.56	1	3.17436E7	2718.07
903.912	1	5.305E7	2716.2
370.861	1	3.52739E7	1272.78
541.409	1	1.0842E7	977.354
1211.79	1	4.08316E7	1933.51
446.309	1	5.51427E7	1307.07
1249.19	1	6.48692E7	4100.58
1057.76	1	3.31386E7	1991.23
921.91	1	1.92611E7	4060.25
1232.56	1	1.87652E7	2070.74
1363.74	1	1.45682E7	2142.66
1447.75	1	4.01257E7	4147.4
952.931	1	1.71404E7	4207.72
1079.95	1	1.56676E7	1920.18
688.88	1	4.84326E7	2241.29
1448.1	1	3.69E7	2226.58
860.322	1	5.60558E7	2540.16
1041.58	1	1.95506E7	1902.69
907.199	1	2.6192E7	2335.19
1246.64	1	4.10394E7	2179.7
1092.09	1	1.1312E7	2435.77
1145.43	1	8.26739E7	2246.24
1172.16	1	1.05911E7	1999.16
1368.99	1	3.62743E7	2824.44
1365.94	1	1.91367E7	4199.84
1175.89	1	3.32661E7	4200.78
707.541	1	1.68716E7	2116.51
1274.49	1	1.42578E7	2295.64
927.629	1	1.16488E7	2250.85
840.648	1	1.88282E7	3131.11
949.518	1	1.2409E7	2363.23
995.124	1	6917490.0	2228.95
1096.98	1	6.21566E7	2082.74
1037.72	1	8091460.0	1974.05
1018.95	1	1.83242E7	2208.82
1436.72	1	2.91381E7	2059.44
980.602	1	2.50325E7	2089.79
901.974	1	1.98879E7	4060.78
804.341	1	3.15375E7	2066.06
1206.86	1	4.17706E7	2720.75
568.088	1	4.50601E7	2090.66
1186.67	1	1.23325E7	2428.97
735.786	1	3.68374E7	2299.67
736.178	1	4.03452E7	2628.25
988.344	1	1.32898E7	2219.42
983.207	1	1.61172E7	2024.01
729.355	1	5.76562E7	2360.43
731.965	1	4.08617E7	1359.88
1014.48	1	4.41812E7	1756.19
1317.62	1	2.29917E7	4188.14
816.023	1	2.58907E7	2195.96
1315.06	1	4.75327E7	2249.43
1122.72	1	1.90577E7	244.072
1129.52	1	9539490.0	4190.32
1058.14	1	3.54085E7	1488.47
886.479	1	2779000.0	2159.89
668.807	1	5.15749E7	2136.41
462.499	1	2.36286E7	2146.03
831.75	1	1.54557E7	2171.47
1004.58	1	3.08936E7	1366.28
848.627	1	2.37242E7	4187.07
801.078	1	2.1672E7	2628.85
743.339	1	5.20925E7	2112.81
936.183	1	3.64597E7	1833.21
699.558	1	5.33277E7	2009.12
1125.29	1	3.30593E7	4047.48
766.184	1	4.73864E7	2359.16
1280.62	1	1.95649E7	4185.49
1464.35	1	3.47352E7	4194.06
304.662	1	1.85266E7	4101.83
1223.22	1	1.5711E7	3604.22
1122.8	1	2.03172E7	696.65
924.287	1	1.67886E7	2653.45
771.209	1	3.91498E7	2714.61
511.754	1	3.9645E7	1463.94
1413.3	1	3.56334E7	2532.08
1210.1	1	2.34835E7	1842.27
755.506	1	2.25172E7	2344.58
1241.21	1	2.77471E7	4109.6
1040.67	1	6200240.0	4140.31
782.787	1	3.0002E7	2135.51
1123.1	1	1.91777E7	868.234
1199.66	1	1.05951E7	2552.75
881.921	1	6.33438E7	1879.58
1122.54	1	1.89253E7	476.848
350.158	1	1.88086E7	4054.65
848.316	1	4.18934E7	1622.86
1323.84	1	8131390.0	156.566
1192.72	1	2.39629E7	2623.41
1198.71	1	6.40448E7	1967.66
1466.52	1	4.16103E7	2193.46
913.928	1	3.14659E7	3132.72
941.526	1	3.73297E7	1948.49
1102.06	1	2.67209E7	2632.89
722.027	1	6.26295E7	2478.28
1475.12	1	5.615E7	4131.48
592.29	1	3.60866E7	1991.84
578.037	1	2.31066E7	2160.81
1154.05	1	5.77509E7	2104.95
1117.33	1	3.01355E7	2090.66
1323.21	1	9540400.0	2312.62
1300.54	1	7.90686E7	4111.84
1421.19	1	1.06936E7	2221.28
990.613	1	1.18899E7	2730.98
766.987	1	3.09875E7	2054.46
1122.46	1	1.62851E7	4864.65
892.482	1	1.56496E7	2113.27
976.303	1	3.57152E7	2719.31
453.677	1	1.70881E7	2719.12
730.841	1	1.40114E7	4046.95
533.845	1	4.0948E7	1308.9
1361.8	1	3.52245E7	2622.91
1090.95	1	2.45601E7	2077.29
754.461	1	4.1505E7	1632.1
1307.1	1	2.79493E7	2239.48
1172.92	1	4.66676E7	2677.36
1019.0	1	3.20124E7	1926.56
976.466	1	5.21552E7	1867.03
970.948	1	9949930.0	2375.06
623.975	1	2.15567E7	4043.15
