021016_jp32A_10ul_3_100_ld_150.featureXML 416 62725800.0 1914.26 978.681 021010_jp32A_15ul_1_100_ld_150.featureXML 393 59691200.0 1888.98 977.427 
021016_jp32A_10ul_3_100_ld_150.featureXML 167 25781300.0 1396.74 625.085 021010_jp32A_15ul_1_100_ld_150.featureXML 184 42095700.0 1350.77 625.243 
021016_jp32A_10ul_3_100_ld_150.featureXML 261 19724900.0 1074.08 1004.68 021010_jp32A_15ul_1_100_ld_150.featureXML 247 23720800.0 1025.4 1004.64 
021016_jp32A_10ul_3_100_ld_150.featureXML 406 23919200.0 1400.06 936.101 021010_jp32A_15ul_1_100_ld_150.featureXML 309 32948300.0 1353.42 936.369 
021016_jp32A_10ul_3_100_ld_150.featureXML 124 25261600.0 3404.24 1193.4 021010_jp32A_15ul_1_100_ld_150.featureXML 291 19256700.0 3348.86 1193.61 
021016_jp32A_10ul_3_100_ld_150.featureXML 34 38551700.0 1499.11 946.516 021010_jp32A_15ul_1_100_ld_150.featureXML 42 33723600.0 1443.57 946.517 
021016_jp32A_10ul_3_100_ld_150.featureXML 212 20338600.0 1270.53 496.209 021010_jp32A_15ul_1_100_ld_150.featureXML 126 31175300.0 1227.88 495.708 
021016_jp32A_10ul_3_100_ld_150.featureXML 398 16822800.0 871.539 494.019 021010_jp32A_15ul_1_100_ld_150.featureXML 223 41675100.0 827.168 495.289 
021016_jp32A_10ul_3_100_ld_150.featureXML 175 21011500.0 1593.33 357.651 021010_jp32A_15ul_1_100_ld_150.featureXML 186 27967500.0 1526.78 357.744 
021016_jp32A_10ul_3_100_ld_150.featureXML 239 43177000.0 1929.03 727.361 021010_jp32A_15ul_1_100_ld_150.featureXML 182 53313100.0 1888.78 726.597 
021016_jp32A_10ul_3_100_ld_150.featureXML 39 57687500.0 3110.6 987.719 021010_jp32A_15ul_1_100_ld_150.featureXML 166 27308000.0 3045.53 988.524 
021016_jp32A_10ul_3_100_ld_150.featureXML 461 19085900.0 1158.49 733.354 021010_jp32A_15ul_1_100_ld_150.featureXML 380 23428300.0 1110.23 733.355 
021016_jp32A_10ul_3_100_ld_150.featureXML 33 103341000.0 2326.19 956.305 021010_jp32A_15ul_1_100_ld_150.featureXML 281 69482100.0 2277.9 955.977 
021016_jp32A_10ul_3_100_ld_150.featureXML 1 122934000.0 2741.82 965.998 021010_jp32A_15ul_1_100_ld_150.featureXML 73 54342600.0 2687.16 966.463 
021016_jp32A_10ul_3_100_ld_150.featureXML 121 25721100.0 1436.2 577.599 021010_jp32A_15ul_1_100_ld_150.featureXML 80 43006000.0 1375.57 577.503 
021016_jp32A_10ul_3_100_ld_150.featureXML 40 43237700.0 2065.52 623.167 021010_jp32A_15ul_1_100_ld_150.featureXML 33 56751700.0 2001.7 622.942 
021016_jp32A_10ul_3_100_ld_150.featureXML 83 62379100.0 2241.45 756.409 021010_jp32A_15ul_1_100_ld_150.featureXML 49 81915700.0 2197.27 755.834 
021016_jp32A_10ul_3_100_ld_150.featureXML 25 51897800.0 3038.95 1081.67 021010_jp32A_15ul_1_100_ld_150.featureXML 8 94811400.0 2975.08 1081.42 
021016_jp32A_10ul_3_100_ld_150.featureXML 53 45887300.0 2782.82 707.772 021010_jp32A_15ul_1_100_ld_150.featureXML 99 56043500.0 2727.96 707.666 
021016_jp32A_10ul_3_100_ld_150.featureXML 30 75548800.0 2780.59 1060.53 021010_jp32A_15ul_1_100_ld_150.featureXML 47 78633800.0 2726.53 1060.26 
021016_jp32A_10ul_3_100_ld_150.featureXML 138 17223600.0 1790.81 466.687 021010_jp32A_15ul_1_100_ld_150.featureXML 188 26811500.0 1727.66 467.078 
021016_jp32A_10ul_3_100_ld_150.featureXML 370 33469500.0 2961.98 1123.78 021010_jp32A_15ul_1_100_ld_150.featureXML 315 29049400.0 2914.87 1122.55 
021016_jp32A_10ul_3_100_ld_150.featureXML 114 37444600.0 2320.82 700.637 021010_jp32A_15ul_1_100_ld_150.featureXML 155 48057000.0 2255.71 701.023 
021016_jp32A_10ul_3_100_ld_150.featureXML 119 63007900.0 2918.46 899.678 021010_jp32A_15ul_1_100_ld_150.featureXML 743 21429600.0 2880.19 898.695 
021016_jp32A_10ul_3_100_ld_150.featureXML 185 20594400.0 831.759 541.279 021010_jp32A_15ul_1_100_ld_150.featureXML 153 41335000.0 785.565 542.111 
021016_jp32A_10ul_3_100_ld_150.featureXML 374 30152900.0 2221.0 1278.46 021010_jp32A_15ul_1_100_ld_150.featureXML 203 44333000.0 2165.92 1277.82 
021016_jp32A_10ul_3_100_ld_150.featureXML 99 56168500.0 1877.26 801.523 021010_jp32A_15ul_1_100_ld_150.featureXML 161 56419600.0 1828.3 801.925 
021016_jp32A_10ul_3_100_ld_150.featureXML 21 58417900.0 2073.28 933.405 021010_jp32A_15ul_1_100_ld_150.featureXML 37 67304000.0 2004.18 932.867 
021016_jp32A_10ul_3_100_ld_150.featureXML 436 43181800.0 2563.93 1106.83 021010_jp32A_15ul_1_100_ld_150.featureXML 201 54740900.0 2471.19 1107.33 
021016_jp32A_10ul_3_100_ld_150.featureXML 234 51597300.0 2741.54 1183.23 021010_jp32A_15ul_1_100_ld_150.featureXML 521 33468500.0 2687.7 1183.52 
021016_jp32A_10ul_3_100_ld_150.featureXML 79 30704600.0 916.418 361.847 021010_jp32A_15ul_1_100_ld_150.featureXML 157 35902100.0 856.015 362.743 
021016_jp32A_10ul_3_100_ld_150.featureXML 162 55836000.0 2304.46 644.015 021010_jp32A_15ul_1_100_ld_150.featureXML 127 46111300.0 2246.31 642.912 
021016_jp32A_10ul_3_100_ld_150.featureXML 442 20965800.0 1275.68 744.292 021010_jp32A_15ul_1_100_ld_150.featureXML 299 28041400.0 1226.89 743.761 
021016_jp32A_10ul_3_100_ld_150.featureXML 199 19117000.0 1428.67 406.671 021010_jp32A_15ul_1_100_ld_150.featureXML 565 30437300.0 1376.85 406.938 
021016_jp32A_10ul_3_100_ld_150.featureXML 73 38249700.0 1105.56 645.942 021010_jp32A_15ul_1_100_ld_150.featureXML 53 68797500.0 1046.58 645.928 
021016_jp32A_10ul_3_100_ld_150.featureXML 369 64661100.0 2259.73 1134.24 021010_jp32A_15ul_1_100_ld_150.featureXML 144 72473200.0 2200.26 1132.93 
021016_jp32A_10ul_3_100_ld_150.featureXML 355 24582200.0 1776.12 1223.85 021010_jp32A_15ul_1_100_ld_150.featureXML 431 31251100.0 1716.84 1224.02 
021016_jp32A_10ul_3_100_ld_150.featureXML 271 27688700.0 1940.98 1323.68 021010_jp32A_15ul_1_100_ld_150.featureXML 721 28186600.0 1987.75 1323.66 
021016_jp32A_10ul_3_100_ld_150.featureXML 12 52136200.0 3591.72 1003.83 021010_jp32A_15ul_1_100_ld_150.featureXML 50 32062500.0 3520.75 1003.74 
021016_jp32A_10ul_3_100_ld_150.featureXML 168 40995000.0 1645.79 674.952 021010_jp32A_15ul_1_100_ld_150.featureXML 135 42791000.0 1578.37 674.652 
021016_jp32A_10ul_3_100_ld_150.featureXML 364 32062600.0 1432.43 446.925 021010_jp32A_15ul_1_100_ld_150.featureXML 256 58175100.0 1365.83 446.742 
021016_jp32A_10ul_3_100_ld_150.featureXML 381 54594000.0 1840.42 836.334 021010_jp32A_15ul_1_100_ld_150.featureXML 278 57499300.0 1987.9 835.94 
021016_jp32A_10ul_3_100_ld_150.featureXML 425 27185700.0 1245.97 437.952 021010_jp32A_15ul_1_100_ld_150.featureXML 306 46815200.0 1204.7 437.201 
021016_jp32A_10ul_3_100_ld_150.featureXML 296 18169400.0 1117.72 897.644 021010_jp32A_15ul_1_100_ld_150.featureXML 152 22032900.0 1047.95 896.417 
021016_jp32A_10ul_3_100_ld_150.featureXML 403 43154500.0 2090.27 1161.92 021010_jp32A_15ul_1_100_ld_150.featureXML 233 37308800.0 2043.82 1161.34 
021016_jp32A_10ul_3_100_ld_150.featureXML 141 17094500.0 1055.78 497.869 021010_jp32A_15ul_1_100_ld_150.featureXML 194 24782800.0 1004.44 498.587 
021016_jp32A_10ul_3_100_ld_150.featureXML 372 37251100.0 2301.95 1223.37 021010_jp32A_15ul_1_100_ld_150.featureXML 321 43660800.0 2157.43 1223.96 
021016_jp32A_10ul_3_100_ld_150.featureXML 179 29521100.0 1162.55 490.014 021010_jp32A_15ul_1_100_ld_150.featureXML 208 45397300.0 1113.72 490.14 
021016_jp32A_10ul_3_100_ld_150.featureXML 409 18216900.0 694.341 427.896 021010_jp32A_15ul_1_100_ld_150.featureXML 413 25945400.0 660.614 428.158 
021016_jp32A_10ul_3_100_ld_150.featureXML 365 22123100.0 1129.73 946.636 021010_jp32A_15ul_1_100_ld_150.featureXML 559 30707600.0 1065.74 946.775 
