021016_jp32A_10ul_3_000_ld_020.featureXML 101 237413000.0 2124.34 698.61 021010_jp32A_15ul_1_000_ld_020.featureXML 170 288968000.0 2073.13 698.466 
021016_jp32A_10ul_3_000_ld_020.featureXML 176 300313000.0 2156.42 943.654 021010_jp32A_15ul_1_000_ld_020.featureXML 917 311376000.0 2114.76 943.334 
021016_jp32A_10ul_3_000_ld_020.featureXML 204 318922000.0 1578.45 870.956 021010_jp32A_15ul_1_000_ld_020.featureXML 70 483148000.0 1530.6 870.418 
021016_jp32A_10ul_3_000_ld_020.featureXML 528 193411000.0 523.593 448.644 021010_jp32A_15ul_1_000_ld_020.featureXML 419 293669000.0 437.312 448.465 
021016_jp32A_10ul_3_000_ld_020.featureXML 139 451277000.0 1958.72 1027.33 021010_jp32A_15ul_1_000_ld_020.featureXML 99 372617000.0 1900.43 1026.87 
021016_jp32A_10ul_3_000_ld_020.featureXML 217 213602000.0 2428.41 843.109 021010_jp32A_15ul_1_000_ld_020.featureXML 149 349834000.0 2391.11 843.324 
021016_jp32A_10ul_3_000_ld_020.featureXML 52 428905000.0 1599.51 1031.71 021010_jp32A_15ul_1_000_ld_020.featureXML 22 421012000.0 1543.71 1031.34 
021016_jp32A_10ul_3_000_ld_020.featureXML 328 368363000.0 2395.64 926.113 021010_jp32A_15ul_1_000_ld_020.featureXML 482 398010000.0 2350.99 925.608 
021016_jp32A_10ul_3_000_ld_020.featureXML 79 314748000.0 1310.26 588.369 021010_jp32A_15ul_1_000_ld_020.featureXML 57 589805000.0 1300.27 588.859 
021016_jp32A_10ul_3_000_ld_020.featureXML 141 293225000.0 2306.08 891.407 021010_jp32A_15ul_1_000_ld_020.featureXML 100 347663000.0 2259.47 890.473 
021016_jp32A_10ul_3_000_ld_020.featureXML 146 102728000.0 3019.97 942.512 021010_jp32A_15ul_1_000_ld_020.featureXML 637 65692600.0 2992.18 943.122 
021016_jp32A_10ul_3_000_ld_020.featureXML 89 435937000.0 1606.44 949.861 021010_jp32A_15ul_1_000_ld_020.featureXML 49 461591000.0 1548.32 948.812 
021016_jp32A_10ul_3_000_ld_020.featureXML 436 379104000.0 1308.18 668.133 021010_jp32A_15ul_1_000_ld_020.featureXML 135 492480000.0 1348.85 669.439 
021016_jp32A_10ul_3_000_ld_020.featureXML 1205 108288000.0 2409.22 569.051 021010_jp32A_15ul_1_000_ld_020.featureXML 1817 138778000.0 2354.46 569.753 
021016_jp32A_10ul_3_000_ld_020.featureXML 1936 143002000.0 1169.39 508.197 021010_jp32A_15ul_1_000_ld_020.featureXML 486 292536000.0 1152.77 508.572 
021016_jp32A_10ul_3_000_ld_020.featureXML 226 297970000.0 1728.6 803.422 021010_jp32A_15ul_1_000_ld_020.featureXML 380 408723000.0 1701.28 802.961 
021016_jp32A_10ul_3_000_ld_020.featureXML 43 294420000.0 1040.16 559.69 021010_jp32A_15ul_1_000_ld_020.featureXML 64 601701000.0 1122.4 559.349 
021016_jp32A_10ul_3_000_ld_020.featureXML 105 235947000.0 686.268 641.652 021010_jp32A_15ul_1_000_ld_020.featureXML 520 228155000.0 696.566 641.733 
021016_jp32A_10ul_3_000_ld_020.featureXML 72 316571000.0 1156.65 713.576 021010_jp32A_15ul_1_000_ld_020.featureXML 131 413950000.0 1176.75 713.781 
021016_jp32A_10ul_3_000_ld_020.featureXML 336 250404000.0 664.27 499.151 021010_jp32A_15ul_1_000_ld_020.featureXML 254 416013000.0 686.658 500.564 
021016_jp32A_10ul_3_000_ld_020.featureXML 273 219589000.0 2717.08 1116.24 021010_jp32A_15ul_1_000_ld_020.featureXML 278 245928000.0 2693.1 1117.3 
021016_jp32A_10ul_3_000_ld_020.featureXML 4403 23730600.0 2726.84 610.634 021010_jp32A_15ul_1_000_ld_020.featureXML 5537 24043800.0 2709.99 609.883 
021016_jp32A_10ul_3_000_ld_020.featureXML 488 135550000.0 2231.12 573.721 021010_jp32A_15ul_1_000_ld_020.featureXML 336 229876000.0 2167.14 573.953 
021016_jp32A_10ul_3_000_ld_020.featureXML 429 143947000.0 1127.33 1090.16 021010_jp32A_15ul_1_000_ld_020.featureXML 165 206708000.0 1139.76 1090.43 
021016_jp32A_10ul_3_000_ld_020.featureXML 890 78321800.0 1238.12 623.049 021010_jp32A_15ul_1_000_ld_020.featureXML 606 100993000.0 1223.85 622.652 
021016_jp32A_10ul_3_000_ld_020.featureXML 256 454250000.0 1896.84 939.352 021010_jp32A_15ul_1_000_ld_020.featureXML 145 581454000.0 1831.55 939.95 
021016_jp32A_10ul_3_000_ld_020.featureXML 145 223388000.0 736.849 703.407 021010_jp32A_15ul_1_000_ld_020.featureXML 319 296629000.0 745.936 704.106 
021016_jp32A_10ul_3_000_ld_020.featureXML 327 390393000.0 1909.23 786.138 021010_jp32A_15ul_1_000_ld_020.featureXML 368 304857000.0 1835.02 785.422 
021016_jp32A_10ul_3_000_ld_020.featureXML 621 156552000.0 1558.76 716.472 021010_jp32A_15ul_1_000_ld_020.featureXML 801 223243000.0 1505.74 716.488 
021016_jp32A_10ul_3_000_ld_020.featureXML 597 161343000.0 2658.55 986.484 021010_jp32A_15ul_1_000_ld_020.featureXML 1085 160945000.0 2622.73 986.248 
021016_jp32A_10ul_3_000_ld_020.featureXML 375 211836000.0 1821.25 979.082 021010_jp32A_15ul_1_000_ld_020.featureXML 291 286210000.0 1750.44 978.751 
021016_jp32A_10ul_3_000_ld_020.featureXML 94 234525000.0 2756.73 922.772 021010_jp32A_15ul_1_000_ld_020.featureXML 164 213054000.0 2711.0 922.416 
021016_jp32A_10ul_3_000_ld_020.featureXML 185 258588000.0 2577.44 1022.93 021010_jp32A_15ul_1_000_ld_020.featureXML 94 330353000.0 2536.33 1022.22 
021016_jp32A_10ul_3_000_ld_020.featureXML 329 395777000.0 2236.3 884.562 021010_jp32A_15ul_1_000_ld_020.featureXML 167 423364000.0 2192.69 883.676 
021016_jp32A_10ul_3_000_ld_020.featureXML 144 273341000.0 2179.83 784.616 021010_jp32A_15ul_1_000_ld_020.featureXML 287 353194000.0 2126.48 785.078 
021016_jp32A_10ul_3_000_ld_020.featureXML 461 342133000.0 1759.92 1102.04 021010_jp32A_15ul_1_000_ld_020.featureXML 427 506987000.0 1712.51 1101.98 
021016_jp32A_10ul_3_000_ld_020.featureXML 35 251968000.0 1755.1 1216.15 021010_jp32A_15ul_1_000_ld_020.featureXML 18 414257000.0 1712.94 1216.18 
021016_jp32A_10ul_3_000_ld_020.featureXML 1643 107043000.0 2795.72 821.569 021010_jp32A_15ul_1_000_ld_020.featureXML 2398 121386000.0 2784.13 820.207 
021016_jp32A_10ul_3_000_ld_020.featureXML 1374 144346000.0 514.019 476.245 021010_jp32A_15ul_1_000_ld_020.featureXML 113 300823000.0 406.073 475.333 
021016_jp32A_10ul_3_000_ld_020.featureXML 38 404681000.0 1854.62 1061.83 021010_jp32A_15ul_1_000_ld_020.featureXML 65 528722000.0 1809.65 1061.82 
021016_jp32A_10ul_3_000_ld_020.featureXML 206 308299000.0 2077.35 972.526 021010_jp32A_15ul_1_000_ld_020.featureXML 373 446896000.0 2017.29 973.431 
021016_jp32A_10ul_3_000_ld_020.featureXML 454 419523000.0 1971.21 839.387 021010_jp32A_15ul_1_000_ld_020.featureXML 483 338344000.0 1923.73 838.298 
021016_jp32A_10ul_3_000_ld_020.featureXML 98 418688000.0 2192.12 807.083 021010_jp32A_15ul_1_000_ld_020.featureXML 154 515120000.0 2142.15 807.09 
021016_jp32A_10ul_3_000_ld_020.featureXML 340 111774000.0 2775.39 965.772 021010_jp32A_15ul_1_000_ld_020.featureXML 781 124865000.0 2733.2 966.887 
021016_jp32A_10ul_3_000_ld_020.featureXML 64 489272000.0 1913.73 735.03 021010_jp32A_15ul_1_000_ld_020.featureXML 89 580363000.0 1851.47 735.251 
021016_jp32A_10ul_3_000_ld_020.featureXML 60 258831000.0 984.914 648.679 021010_jp32A_15ul_1_000_ld_020.featureXML 169 401742000.0 1077.52 648.872 
021016_jp32A_10ul_3_000_ld_020.featureXML 115 403407000.0 1632.38 847.346 021010_jp32A_15ul_1_000_ld_020.featureXML 90 461107000.0 1581.41 847.907 
021016_jp32A_10ul_3_000_ld_020.featureXML 2982 44516000.0 3199.82 912.851 021010_jp32A_15ul_1_000_ld_020.featureXML 2407 77383000.0 3082.01 914.229 
021016_jp32A_10ul_3_000_ld_020.featureXML 6 757935000.0 2126.31 653.234 021010_jp32A_15ul_1_000_ld_020.featureXML 23 613564000.0 2077.41 653.388 
021016_jp32A_10ul_3_000_ld_020.featureXML 1563 75613700.0 766.825 687.701 021010_jp32A_15ul_1_000_ld_020.featureXML 2099 77210300.0 740.161 686.573 
021016_jp32A_10ul_3_000_ld_020.featureXML 953 162284000.0 1978.28 583.865 021010_jp32A_15ul_1_000_ld_020.featureXML 560 244875000.0 1938.47 583.6 
021016_jp32A_10ul_3_000_ld_020.featureXML 476 363009000.0 2049.55 1085.02 021010_jp32A_15ul_1_000_ld_020.featureXML 1232 61684100.0 1966.49 1083.75 
021016_jp32A_10ul_3_000_ld_020.featureXML 3268 16255100.0 3496.08 739.092 021010_jp32A_15ul_1_000_ld_020.featureXML 2978 30854100.0 3449.45 739.35 
021016_jp32A_10ul_3_000_ld_020.featureXML 316 194371000.0 2809.9 1114.73 021010_jp32A_15ul_1_000_ld_020.featureXML 849 123941000.0 2790.99 1114.86 
021016_jp32A_10ul_3_000_ld_020.featureXML 1610 101635000.0 546.708 409.884 021010_jp32A_15ul_1_000_ld_020.featureXML 1579 76220100.0 466.384 409.05 
021016_jp32A_10ul_3_000_ld_020.featureXML 1347 81461700.0 2581.41 818.269 021010_jp32A_15ul_1_000_ld_020.featureXML 812 138207000.0 2551.12 817.376 
021016_jp32A_10ul_3_000_ld_020.featureXML 985 259749000.0 1494.04 684.851 021010_jp32A_15ul_1_000_ld_020.featureXML 363 458772000.0 1456.93 684.438 
021016_jp32A_10ul_3_000_ld_020.featureXML 568 72775000.0 2132.22 1275.18 021010_jp32A_15ul_1_000_ld_020.featureXML 10 802261000.0 2119.16 1274.68 
021016_jp32A_10ul_3_000_ld_020.featureXML 253 355536000.0 1524.9 929.024 021010_jp32A_15ul_1_000_ld_020.featureXML 451 451478000.0 1488.01 929.917 
021016_jp32A_10ul_3_000_ld_020.featureXML 122 161825000.0 2783.76 1085.22 021010_jp32A_15ul_1_000_ld_020.featureXML 255 170136000.0 2766.48 1086.0 
021016_jp32A_10ul_3_000_ld_020.featureXML 379 418997000.0 1054.12 731.29 021010_jp32A_15ul_1_000_ld_020.featureXML 343 383007000.0 1110.91 732.483 
021016_jp32A_10ul_3_000_ld_020.featureXML 71 606524000.0 1641.8 774.864 021010_jp32A_15ul_1_000_ld_020.featureXML 118 708035000.0 1586.21 775.157 
021016_jp32A_10ul_3_000_ld_020.featureXML 59 419521000.0 900.102 846.973 021010_jp32A_15ul_1_000_ld_020.featureXML 329 289671000.0 883.271 847.52 
021016_jp32A_10ul_3_000_ld_020.featureXML 262 474185000.0 1899.79 798.148 021010_jp32A_15ul_1_000_ld_020.featureXML 209 614503000.0 1827.39 797.105 
021016_jp32A_10ul_3_000_ld_020.featureXML 719 238833000.0 1487.64 806.947 021010_jp32A_15ul_1_000_ld_020.featureXML 861 361685000.0 1451.53 806.652 
021016_jp32A_10ul_3_000_ld_020.featureXML 333 183389000.0 1099.2 458.207 021010_jp32A_15ul_1_000_ld_020.featureXML 205 361653000.0 1117.74 459.564 
021016_jp32A_10ul_3_000_ld_020.featureXML 1564 65724100.0 2348.17 907.335 021010_jp32A_15ul_1_000_ld_020.featureXML 751 261307000.0 2674.24 908.25 
021016_jp32A_10ul_3_000_ld_020.featureXML 1747 55110500.0 262.473 519.652 021010_jp32A_15ul_1_000_ld_020.featureXML 3095 107537000.0 174.233 520.403 
021016_jp32A_10ul_3_000_ld_020.featureXML 837 155101000.0 2280.04 1218.0 021010_jp32A_15ul_1_000_ld_020.featureXML 842 102963000.0 2247.0 1219.29 
021016_jp32A_10ul_3_000_ld_020.featureXML 1172 98800100.0 416.93 561.208 021010_jp32A_15ul_1_000_ld_020.featureXML 791 214380000.0 438.288 561.101 
021016_jp32A_10ul_3_000_ld_020.featureXML 1443 89992200.0 525.386 720.141 021010_jp32A_15ul_1_000_ld_020.featureXML 1946 141513000.0 426.605 720.658 
021016_jp32A_10ul_3_000_ld_020.featureXML 616 134626000.0 2378.51 1377.41 021010_jp32A_15ul_1_000_ld_020.featureXML 353 176040000.0 2344.33 1377.09 
021016_jp32A_10ul_3_000_ld_020.featureXML 215 397980000.0 937.089 556.554 021010_jp32A_15ul_1_000_ld_020.featureXML 371 333060000.0 979.536 557.953 
021016_jp32A_10ul_3_000_ld_020.featureXML 182 129891000.0 2969.28 863.139 021010_jp32A_15ul_1_000_ld_020.featureXML 409 109617000.0 2927.59 862.996 
021016_jp32A_10ul_3_000_ld_020.featureXML 490 197063000.0 1527.75 486.231 021010_jp32A_15ul_1_000_ld_020.featureXML 280 288061000.0 1478.3 486.708 
021016_jp32A_10ul_3_000_ld_020.featureXML 96 459111000.0 1857.91 1012.07 021010_jp32A_15ul_1_000_ld_020.featureXML 41 594442000.0 1813.84 1011.38 
021016_jp32A_10ul_3_000_ld_020.featureXML 84 222681000.0 984.691 791.311 021010_jp32A_15ul_1_000_ld_020.featureXML 136 282953000.0 1075.51 791.82 
021016_jp32A_10ul_3_000_ld_020.featureXML 829 100146000.0 508.319 832.323 021010_jp32A_15ul_1_000_ld_020.featureXML 515 177458000.0 437.984 833.458 
021016_jp32A_10ul_3_000_ld_020.featureXML 969 174472000.0 2270.17 646.6 021010_jp32A_15ul_1_000_ld_020.featureXML 1561 177307000.0 2223.28 646.11 
021016_jp32A_10ul_3_000_ld_020.featureXML 125 146912000.0 1199.05 1236.73 021010_jp32A_15ul_1_000_ld_020.featureXML 163 207740000.0 1199.73 1237.48 
021016_jp32A_10ul_3_000_ld_020.featureXML 95 243490000.0 1239.03 709.514 021010_jp32A_15ul_1_000_ld_020.featureXML 174 357340000.0 1245.98 709.39 
021016_jp32A_10ul_3_000_ld_020.featureXML 3495 115761000.0 2769.8 1044.77 021010_jp32A_15ul_1_000_ld_020.featureXML 568 124720000.0 2708.68 1045.53 
021016_jp32A_10ul_3_000_ld_020.featureXML 4383 66370800.0 279.169 356.139 021010_jp32A_15ul_1_000_ld_020.featureXML 1518 87851200.0 193.784 354.918 
021016_jp32A_10ul_3_000_ld_020.featureXML 158 454991000.0 1472.32 949.244 021010_jp32A_15ul_1_000_ld_020.featureXML 31 709372000.0 1432.8 950.349 
021016_jp32A_10ul_3_000_ld_020.featureXML 227 321194000.0 1367.83 845.737 021010_jp32A_15ul_1_000_ld_020.featureXML 202 583487000.0 1348.09 845.979 
021016_jp32A_10ul_3_000_ld_020.featureXML 157 325291000.0 905.382 1034.02 021010_jp32A_15ul_1_000_ld_020.featureXML 281 181830000.0 939.544 1033.13 
021016_jp32A_10ul_3_000_ld_020.featureXML 102 290537000.0 914.254 833.807 021010_jp32A_15ul_1_000_ld_020.featureXML 324 225766000.0 916.417 833.369 
021016_jp32A_10ul_3_000_ld_020.featureXML 33 380051000.0 2065.33 860.492 021010_jp32A_15ul_1_000_ld_020.featureXML 46 618463000.0 2014.11 861.611 
021016_jp32A_10ul_3_000_ld_020.featureXML 686 160016000.0 1425.75 601.281 021010_jp32A_15ul_1_000_ld_020.featureXML 117 432817000.0 1396.69 600.994 
021016_jp32A_10ul_3_000_ld_020.featureXML 4674 27702700.0 3215.69 1223.85 021010_jp32A_15ul_1_000_ld_020.featureXML 4703 32442800.0 3220.12 1224.32 
021016_jp32A_10ul_3_000_ld_020.featureXML 180 313654000.0 1684.69 1145.68 021010_jp32A_15ul_1_000_ld_020.featureXML 80 301614000.0 1622.21 1144.47 
021016_jp32A_10ul_3_000_ld_020.featureXML 903 175647000.0 1054.04 986.012 021010_jp32A_15ul_1_000_ld_020.featureXML 670 227365000.0 1112.63 986.013 
021016_jp32A_10ul_3_000_ld_020.featureXML 424 266303000.0 2287.72 807.686 021010_jp32A_15ul_1_000_ld_020.featureXML 387 342591000.0 2241.71 807.326 
021016_jp32A_10ul_3_000_ld_020.featureXML 487 206900000.0 1749.47 575.607 021010_jp32A_15ul_1_000_ld_020.featureXML 429 279069000.0 1710.37 576.58 
021016_jp32A_10ul_3_000_ld_020.featureXML 134 294397000.0 2403.25 1244.27 021010_jp32A_15ul_1_000_ld_020.featureXML 153 314522000.0 2351.95 1244.09 
021016_jp32A_10ul_3_000_ld_020.featureXML 216 382071000.0 956.401 443.864 021010_jp32A_15ul_1_000_ld_020.featureXML 14 441257000.0 1048.11 442.497 
021016_jp32A_10ul_3_000_ld_020.featureXML 718 75303500.0 592.181 712.255 021010_jp32A_15ul_1_000_ld_020.featureXML 2578 98766900.0 493.51 713.576 
021016_jp32A_10ul_3_000_ld_020.featureXML 11 312533000.0 1448.51 1215.28 021010_jp32A_15ul_1_000_ld_020.featureXML 52 327667000.0 1414.12 1215.74 
021016_jp32A_10ul_3_000_ld_020.featureXML 1 1072670000.0 1858.51 984.029 021010_jp32A_15ul_1_000_ld_020.featureXML 0 1424410000.0 1810.09 983.984 
021016_jp32A_10ul_3_000_ld_020.featureXML 417 113739000.0 2524.13 675.832 021010_jp32A_15ul_1_000_ld_020.featureXML 393 213921000.0 2489.6 675.996 
021016_jp32A_10ul_3_000_ld_020.featureXML 310 428549000.0 2056.48 1007.38 021010_jp32A_15ul_1_000_ld_020.featureXML 383 40860400.0 2017.1 1008.15 
021016_jp32A_10ul_3_000_ld_020.featureXML 520 373041000.0 1624.06 788.935 021010_jp32A_15ul_1_000_ld_020.featureXML 1299 127860000.0 1446.63 790.234 
021016_jp32A_10ul_3_000_ld_020.featureXML 683 222768000.0 682.875 746.95 021010_jp32A_15ul_1_000_ld_020.featureXML 587 330646000.0 883.273 747.038 
021016_jp32A_10ul_3_000_ld_020.featureXML 28 218187000.0 878.224 1219.44 021010_jp32A_15ul_1_000_ld_020.featureXML 261 166480000.0 862.509 1220.18 
021016_jp32A_10ul_3_000_ld_020.featureXML 442 99635200.0 1645.45 747.915 021010_jp32A_15ul_1_000_ld_020.featureXML 455 131381000.0 1586.84 748.06 
021016_jp32A_10ul_3_000_ld_020.featureXML 308 277035000.0 1086.81 704.006 021010_jp32A_15ul_1_000_ld_020.featureXML 327 475135000.0 1125.71 704.346 
021016_jp32A_10ul_3_000_ld_020.featureXML 83 344280000.0 1696.99 974.35 021010_jp32A_15ul_1_000_ld_020.featureXML 369 247965000.0 1651.66 974.07 
021016_jp32A_10ul_3_000_ld_020.featureXML 968 155960000.0 1782.21 828.675 021010_jp32A_15ul_1_000_ld_020.featureXML 376 431364000.0 1717.29 829.567 
021016_jp32A_10ul_3_000_ld_020.featureXML 243 196396000.0 2395.11 1335.06 021010_jp32A_15ul_1_000_ld_020.featureXML 246 205560000.0 2342.05 1334.91 
021016_jp32A_10ul_3_000_ld_020.featureXML 42 321427000.0 1572.16 919.936 021010_jp32A_15ul_1_000_ld_020.featureXML 59 466014000.0 1527.42 920.018 
021016_jp32A_10ul_3_000_ld_020.featureXML 63 251361000.0 2602.16 998.694 021010_jp32A_15ul_1_000_ld_020.featureXML 63 334322000.0 2549.91 998.772 
021016_jp32A_10ul_3_000_ld_020.featureXML 294 266893000.0 1499.83 1003.43 021010_jp32A_15ul_1_000_ld_020.featureXML 472 328081000.0 1456.81 1003.99 
021016_jp32A_10ul_3_000_ld_020.featureXML 2949 43464600.0 797.022 469.334 021010_jp32A_15ul_1_000_ld_020.featureXML 1379 127036000.0 773.926 468.311 
021016_jp32A_10ul_3_000_ld_020.featureXML 2260 145241000.0 1278.59 549.973 021010_jp32A_15ul_1_000_ld_020.featureXML 285 184817000.0 1254.88 550.556 
021016_jp32A_10ul_3_000_ld_020.featureXML 408 176909000.0 1302.19 579.902 021010_jp32A_15ul_1_000_ld_020.featureXML 155 446401000.0 1305.39 580.61 
021016_jp32A_10ul_3_000_ld_020.featureXML 864 101234000.0 559.176 846.156 021010_jp32A_15ul_1_000_ld_020.featureXML 1320 147530000.0 481.196 847.065 
021016_jp32A_10ul_3_000_ld_020.featureXML 107 196504000.0 1126.51 1131.55 021010_jp32A_15ul_1_000_ld_020.featureXML 81 297709000.0 1149.2 1131.91 
021016_jp32A_10ul_3_000_ld_020.featureXML 49 263384000.0 1111.25 850.421 021010_jp32A_15ul_1_000_ld_020.featureXML 53 402032000.0 1131.71 851.21 
021016_jp32A_10ul_3_000_ld_020.featureXML 1602 115968000.0 2688.76 824.445 021010_jp32A_15ul_1_000_ld_020.featureXML 85 326809000.0 2551.77 824.188 
021016_jp32A_10ul_3_000_ld_020.featureXML 90 337827000.0 1627.3 1085.22 021010_jp32A_15ul_1_000_ld_020.featureXML 157 352531000.0 1571.35 1085.25 
021016_jp32A_10ul_3_000_ld_020.featureXML 1242 133545000.0 2812.34 913.961 021010_jp32A_15ul_1_000_ld_020.featureXML 3466 62681700.0 2999.18 913.785 
021016_jp32A_10ul_3_000_ld_020.featureXML 114 126253000.0 1388.8 1288.7 021010_jp32A_15ul_1_000_ld_020.featureXML 193 190200000.0 1384.62 1289.12 
021016_jp32A_10ul_3_000_ld_020.featureXML 3595 7208270.0 2197.1 1388.04 021010_jp32A_15ul_1_000_ld_020.featureXML 5 728863000.0 2167.98 1387.57 
021016_jp32A_10ul_3_000_ld_020.featureXML 54 383346000.0 982.95 707.874 021010_jp32A_15ul_1_000_ld_020.featureXML 116 446443000.0 1026.98 707.898 
021016_jp32A_10ul_3_000_ld_020.featureXML 26 478642000.0 2134.61 1006.75 021010_jp32A_15ul_1_000_ld_020.featureXML 139 447449000.0 2090.96 1007.13 
021016_jp32A_10ul_3_000_ld_020.featureXML 358 118421000.0 762.148 747.284 021010_jp32A_15ul_1_000_ld_020.featureXML 626 170555000.0 770.033 748.003 
021016_jp32A_10ul_3_000_ld_020.featureXML 480 339383000.0 1991.93 1140.21 021010_jp32A_15ul_1_000_ld_020.featureXML 846 172709000.0 1934.17 1138.91 
021016_jp32A_10ul_3_000_ld_020.featureXML 99 402311000.0 937.496 818.746 021010_jp32A_15ul_1_000_ld_020.featureXML 328 325658000.0 1006.04 818.661 
021016_jp32A_10ul_3_000_ld_020.featureXML 1017 101524000.0 738.015 1096.81 021010_jp32A_15ul_1_000_ld_020.featureXML 717 137038000.0 753.478 1097.31 
021016_jp32A_10ul_3_000_ld_020.featureXML 314 299671000.0 1780.27 916.164 021010_jp32A_15ul_1_000_ld_020.featureXML 150 625046000.0 1747.27 917.046 
021016_jp32A_10ul_3_000_ld_020.featureXML 1065 199091000.0 2461.22 804.85 021010_jp32A_15ul_1_000_ld_020.featureXML 119 426021000.0 2426.84 805.829 
021016_jp32A_10ul_3_000_ld_020.featureXML 31 329210000.0 1855.76 1147.12 021010_jp32A_15ul_1_000_ld_020.featureXML 88 502263000.0 1817.62 1148.13 
021016_jp32A_10ul_3_000_ld_020.featureXML 143 275021000.0 1756.61 1076.46 021010_jp32A_15ul_1_000_ld_020.featureXML 161 405958000.0 1715.74 1077.13 
021016_jp32A_10ul_3_000_ld_020.featureXML 78 186730000.0 2164.47 1234.0 021010_jp32A_15ul_1_000_ld_020.featureXML 204 244514000.0 2118.07 1234.54 
021016_jp32A_10ul_3_000_ld_020.featureXML 27 277956000.0 669.812 732.258 021010_jp32A_15ul_1_000_ld_020.featureXML 127 249849000.0 660.837 732.539 
021016_jp32A_10ul_3_000_ld_020.featureXML 371 143904000.0 917.986 473.312 021010_jp32A_15ul_1_000_ld_020.featureXML 1125 146514000.0 939.361 474.654 
021016_jp32A_10ul_3_000_ld_020.featureXML 2837 26900100.0 511.021 646.555 021010_jp32A_15ul_1_000_ld_020.featureXML 2627 58497500.0 427.345 647.093 
021016_jp32A_10ul_3_000_ld_020.featureXML 2376 33710400.0 2435.87 833.634 021010_jp32A_15ul_1_000_ld_020.featureXML 375 262069000.0 2421.01 834.881 
