021016_jp32A_10ul_3_060_ld_080.featureXML 421 41804600.0 1679.79 1142.52 021010_jp32A_15ul_1_060_ld_080.featureXML 621 53322600.0 1599.13 1142.97 
021016_jp32A_10ul_3_060_ld_080.featureXML 730 23435200.0 2868.73 708.499 021010_jp32A_15ul_1_060_ld_080.featureXML 726 34873900.0 2794.26 709.202 
021016_jp32A_10ul_3_060_ld_080.featureXML 39 108010000.0 1896.62 1008.32 021010_jp32A_15ul_1_060_ld_080.featureXML 85 181781000.0 1857.98 1008.83 
021016_jp32A_10ul_3_060_ld_080.featureXML 337 109623000.0 1766.6 1056.68 021010_jp32A_15ul_1_060_ld_080.featureXML 183 126523000.0 1696.42 1056.79 
021016_jp32A_10ul_3_060_ld_080.featureXML 120 31970500.0 946.067 811.18 021010_jp32A_15ul_1_060_ld_080.featureXML 248 42579500.0 887.97 812.392 
021016_jp32A_10ul_3_060_ld_080.featureXML 48 114854000.0 1533.64 749.618 021010_jp32A_15ul_1_060_ld_080.featureXML 336 117613000.0 1479.72 750.955 
021016_jp32A_10ul_3_060_ld_080.featureXML 5 359812000.0 2050.74 892.636 021010_jp32A_15ul_1_060_ld_080.featureXML 4 589319000.0 1983.5 892.192 
021016_jp32A_10ul_3_060_ld_080.featureXML 542 13894100.0 604.87 789.029 021010_jp32A_15ul_1_060_ld_080.featureXML 778 14076000.0 550.551 789.041 
021016_jp32A_10ul_3_060_ld_080.featureXML 67 137735000.0 1859.3 749.015 021010_jp32A_15ul_1_060_ld_080.featureXML 51 179783000.0 1805.79 748.732 
021016_jp32A_10ul_3_060_ld_080.featureXML 199 33030600.0 958.434 578.046 021010_jp32A_15ul_1_060_ld_080.featureXML 258 39493300.0 898.536 578.286 
021016_jp32A_10ul_3_060_ld_080.featureXML 691 19612300.0 1930.59 1040.52 021010_jp32A_15ul_1_060_ld_080.featureXML 345 185228000.0 1931.26 1040.94 
021016_jp32A_10ul_3_060_ld_080.featureXML 40 121285000.0 2709.03 984.113 021010_jp32A_15ul_1_060_ld_080.featureXML 109 60078300.0 2612.62 983.118 
021016_jp32A_10ul_3_060_ld_080.featureXML 299 54467400.0 2931.88 1326.39 021010_jp32A_15ul_1_060_ld_080.featureXML 875 17163200.0 2836.67 1327.1 
021016_jp32A_10ul_3_060_ld_080.featureXML 297 33280900.0 3108.22 1067.6 021010_jp32A_15ul_1_060_ld_080.featureXML 347 22943000.0 3046.13 1066.53 
021016_jp32A_10ul_3_060_ld_080.featureXML 459 72121400.0 2658.63 828.762 021010_jp32A_15ul_1_060_ld_080.featureXML 386 85256200.0 2599.88 828.817 
021016_jp32A_10ul_3_060_ld_080.featureXML 860 77820600.0 1778.26 1000.3 021010_jp32A_15ul_1_060_ld_080.featureXML 982 82133400.0 1687.25 1000.51 
021016_jp32A_10ul_3_060_ld_080.featureXML 52 54748000.0 1376.29 549.712 021010_jp32A_15ul_1_060_ld_080.featureXML 50 107907000.0 1312.51 550.205 
021016_jp32A_10ul_3_060_ld_080.featureXML 332 28343100.0 946.511 681.673 021010_jp32A_15ul_1_060_ld_080.featureXML 380 35447500.0 886.226 681.659 
021016_jp32A_10ul_3_060_ld_080.featureXML 89 86526900.0 1299.4 827.645 021010_jp32A_15ul_1_060_ld_080.featureXML 69 112877000.0 1239.71 827.256 
021016_jp32A_10ul_3_060_ld_080.featureXML 307 51369400.0 1187.18 701.995 021010_jp32A_15ul_1_060_ld_080.featureXML 399 72543100.0 1125.26 702.054 
021016_jp32A_10ul_3_060_ld_080.featureXML 364 58182500.0 1680.6 764.106 021010_jp32A_15ul_1_060_ld_080.featureXML 368 65117600.0 1607.99 764.057 
021016_jp32A_10ul_3_060_ld_080.featureXML 232 61429700.0 1518.1 774.232 021010_jp32A_15ul_1_060_ld_080.featureXML 276 84516400.0 1465.56 774.594 
021016_jp32A_10ul_3_060_ld_080.featureXML 338 105412000.0 1726.6 917.648 021010_jp32A_15ul_1_060_ld_080.featureXML 369 121620000.0 1665.57 918.034 
021016_jp32A_10ul_3_060_ld_080.featureXML 24 149603000.0 1860.72 629.583 021010_jp32A_15ul_1_060_ld_080.featureXML 39 231573000.0 1798.76 629.605 
021016_jp32A_10ul_3_060_ld_080.featureXML 179 37614800.0 2600.62 636.068 021010_jp32A_15ul_1_060_ld_080.featureXML 74 60828000.0 2529.73 635.507 
021016_jp32A_10ul_3_060_ld_080.featureXML 29 180260000.0 2054.56 1221.84 021010_jp32A_15ul_1_060_ld_080.featureXML 59 150739000.0 1996.74 1222.1 
021016_jp32A_10ul_3_060_ld_080.featureXML 123 46766700.0 1118.56 508.448 021010_jp32A_15ul_1_060_ld_080.featureXML 146 77776500.0 1065.34 508.771 
021016_jp32A_10ul_3_060_ld_080.featureXML 92 57843900.0 1302.89 874.573 021010_jp32A_15ul_1_060_ld_080.featureXML 113 86720600.0 1245.38 875.23 
021016_jp32A_10ul_3_060_ld_080.featureXML 264 39790900.0 1227.06 729.188 021010_jp32A_15ul_1_060_ld_080.featureXML 207 65570600.0 1160.05 730.037 
021016_jp32A_10ul_3_060_ld_080.featureXML 350 73707500.0 1638.04 801.367 021010_jp32A_15ul_1_060_ld_080.featureXML 211 93154600.0 1577.58 800.135 
021016_jp32A_10ul_3_060_ld_080.featureXML 16 117394000.0 1855.77 1118.92 021010_jp32A_15ul_1_060_ld_080.featureXML 35 142877000.0 1800.43 1119.38 
021016_jp32A_10ul_3_060_ld_080.featureXML 331 75578900.0 1976.77 667.828 021010_jp32A_15ul_1_060_ld_080.featureXML 124 144839000.0 1934.52 667.711 
021016_jp32A_10ul_3_060_ld_080.featureXML 992 15757100.0 2949.21 668.001 021010_jp32A_15ul_1_060_ld_080.featureXML 861 22510400.0 2868.46 668.059 
021016_jp32A_10ul_3_060_ld_080.featureXML 76 95703500.0 1614.89 949.03 021010_jp32A_15ul_1_060_ld_080.featureXML 251 130264000.0 1560.04 949.828 
021016_jp32A_10ul_3_060_ld_080.featureXML 231 82058900.0 2282.12 1186.15 021010_jp32A_15ul_1_060_ld_080.featureXML 256 82853800.0 2219.65 1185.71 
021016_jp32A_10ul_3_060_ld_080.featureXML 1254 47231100.0 1831.68 575.17 021010_jp32A_15ul_1_060_ld_080.featureXML 771 99498000.0 1791.26 576.154 
021016_jp32A_10ul_3_060_ld_080.featureXML 96 46071000.0 1116.82 761.473 021010_jp32A_15ul_1_060_ld_080.featureXML 137 60544300.0 1060.47 761.449 
021016_jp32A_10ul_3_060_ld_080.featureXML 252 73533100.0 2598.92 748.694 021010_jp32A_15ul_1_060_ld_080.featureXML 122 103966000.0 2520.77 748.547 
021016_jp32A_10ul_3_060_ld_080.featureXML 126 51203600.0 3055.98 721.407 021010_jp32A_15ul_1_060_ld_080.featureXML 239 47108600.0 2979.2 721.578 
021016_jp32A_10ul_3_060_ld_080.featureXML 573 44907500.0 1458.46 490.391 021010_jp32A_15ul_1_060_ld_080.featureXML 908 63862800.0 1370.08 490.815 
021016_jp32A_10ul_3_060_ld_080.featureXML 73 98071000.0 1525.47 713.451 021010_jp32A_15ul_1_060_ld_080.featureXML 53 90275400.0 1457.96 712.427 
021016_jp32A_10ul_3_060_ld_080.featureXML 141 43803500.0 1179.97 361.6 021010_jp32A_15ul_1_060_ld_080.featureXML 134 66189000.0 1118.55 361.662 
021016_jp32A_10ul_3_060_ld_080.featureXML 313 54153700.0 1581.84 523.295 021010_jp32A_15ul_1_060_ld_080.featureXML 303 77153300.0 1521.75 524.022 
021016_jp32A_10ul_3_060_ld_080.featureXML 45 113788000.0 1824.69 1104.26 021010_jp32A_15ul_1_060_ld_080.featureXML 96 142508000.0 1770.71 1105.66 
021016_jp32A_10ul_3_060_ld_080.featureXML 507 56460500.0 1521.66 681.84 021010_jp32A_15ul_1_060_ld_080.featureXML 542 85420600.0 1472.23 681.788 
021016_jp32A_10ul_3_060_ld_080.featureXML 190 107332000.0 1736.71 767.613 021010_jp32A_15ul_1_060_ld_080.featureXML 82 114916000.0 1665.59 767.161 
021016_jp32A_10ul_3_060_ld_080.featureXML 173 114085000.0 2185.83 1091.01 021010_jp32A_15ul_1_060_ld_080.featureXML 213 131409000.0 2107.13 1092.36 
021016_jp32A_10ul_3_060_ld_080.featureXML 107 98399800.0 2168.41 680.431 021010_jp32A_15ul_1_060_ld_080.featureXML 61 131446000.0 2106.76 680.609 
021016_jp32A_10ul_3_060_ld_080.featureXML 1091 44888000.0 1957.73 1324.28 021010_jp32A_15ul_1_060_ld_080.featureXML 543 70815300.0 1906.84 1324.13 
021016_jp32A_10ul_3_060_ld_080.featureXML 172 50398300.0 1236.79 487.18 021010_jp32A_15ul_1_060_ld_080.featureXML 163 96123700.0 1180.73 487.454 
021016_jp32A_10ul_3_060_ld_080.featureXML 448 83238900.0 1573.41 970.813 021010_jp32A_15ul_1_060_ld_080.featureXML 254 104882000.0 1495.63 970.183 
021016_jp32A_10ul_3_060_ld_080.featureXML 124 50555400.0 1107.65 821.915 021010_jp32A_15ul_1_060_ld_080.featureXML 176 66419700.0 1053.34 822.68 
021016_jp32A_10ul_3_060_ld_080.featureXML 417 37121800.0 940.138 598.129 021010_jp32A_15ul_1_060_ld_080.featureXML 383 42713200.0 867.119 597.991 
021016_jp32A_10ul_3_060_ld_080.featureXML 502 90569200.0 1867.92 829.306 021010_jp32A_15ul_1_060_ld_080.featureXML 325 112289000.0 1820.55 829.427 
021016_jp32A_10ul_3_060_ld_080.featureXML 890 41942700.0 2321.38 652.041 021010_jp32A_15ul_1_060_ld_080.featureXML 318 60848000.0 2242.87 650.881 
021016_jp32A_10ul_3_060_ld_080.featureXML 300 56515700.0 1767.27 1214.5 021010_jp32A_15ul_1_060_ld_080.featureXML 335 56971900.0 1694.35 1214.64 
021016_jp32A_10ul_3_060_ld_080.featureXML 587 76952800.0 2221.91 788.822 021010_jp32A_15ul_1_060_ld_080.featureXML 544 61000400.0 2151.34 788.479 
021016_jp32A_10ul_3_060_ld_080.featureXML 184 28443700.0 959.03 864.625 021010_jp32A_15ul_1_060_ld_080.featureXML 301 29495200.0 900.049 864.746 
021016_jp32A_10ul_3_060_ld_080.featureXML 154 109765000.0 1830.75 737.83 021010_jp32A_15ul_1_060_ld_080.featureXML 167 132407000.0 1780.16 738.341 
021016_jp32A_10ul_3_060_ld_080.featureXML 1037 26556100.0 1286.62 819.228 021010_jp32A_15ul_1_060_ld_080.featureXML 1071 33180600.0 1219.88 819.705 
021016_jp32A_10ul_3_060_ld_080.featureXML 70 45897700.0 1295.09 554.186 021010_jp32A_15ul_1_060_ld_080.featureXML 171 78418600.0 1234.13 554.675 
021016_jp32A_10ul_3_060_ld_080.featureXML 191 69021800.0 2440.97 1130.21 021010_jp32A_15ul_1_060_ld_080.featureXML 110 128878000.0 2423.0 1129.57 
021016_jp32A_10ul_3_060_ld_080.featureXML 114 42643100.0 2098.08 825.02 021010_jp32A_15ul_1_060_ld_080.featureXML 204 30893300.0 2033.72 824.422 
021016_jp32A_10ul_3_060_ld_080.featureXML 353 15175600.0 1197.46 903.991 021010_jp32A_15ul_1_060_ld_080.featureXML 327 68807800.0 1236.94 904.526 
021016_jp32A_10ul_3_060_ld_080.featureXML 1354 18878400.0 1185.97 898.484 021010_jp32A_15ul_1_060_ld_080.featureXML 1450 20191300.0 1117.56 898.408 
021016_jp32A_10ul_3_060_ld_080.featureXML 164 75823400.0 1439.77 502.655 021010_jp32A_15ul_1_060_ld_080.featureXML 23 103216000.0 1359.49 501.344 
021016_jp32A_10ul_3_060_ld_080.featureXML 326 128371000.0 2208.65 910.932 021010_jp32A_15ul_1_060_ld_080.featureXML 149 154207000.0 2129.93 910.579 
021016_jp32A_10ul_3_060_ld_080.featureXML 480 14493400.0 808.334 607.922 021010_jp32A_15ul_1_060_ld_080.featureXML 586 20040600.0 758.223 608.581 
021016_jp32A_10ul_3_060_ld_080.featureXML 431 66644800.0 1965.72 715.068 021010_jp32A_15ul_1_060_ld_080.featureXML 361 97691100.0 1911.65 714.719 
021016_jp32A_10ul_3_060_ld_080.featureXML 149 46083600.0 2199.28 604.951 021010_jp32A_15ul_1_060_ld_080.featureXML 75 68591800.0 2123.76 605.673 
021016_jp32A_10ul_3_060_ld_080.featureXML 60 82371400.0 1297.99 560.608 021010_jp32A_15ul_1_060_ld_080.featureXML 29 138462000.0 1237.66 560.62 
021016_jp32A_10ul_3_060_ld_080.featureXML 1178 31992500.0 1009.6 831.72 021010_jp32A_15ul_1_060_ld_080.featureXML 1887 28577000.0 953.731 831.773 
021016_jp32A_10ul_3_060_ld_080.featureXML 402 194879000.0 2179.61 959.472 021010_jp32A_15ul_1_060_ld_080.featureXML 315 197646000.0 2126.08 960.495 
021016_jp32A_10ul_3_060_ld_080.featureXML 1230 28583500.0 1200.19 482.615 021010_jp32A_15ul_1_060_ld_080.featureXML 991 40837700.0 1136.67 482.211 
021016_jp32A_10ul_3_060_ld_080.featureXML 382 122750000.0 2026.1 689.453 021010_jp32A_15ul_1_060_ld_080.featureXML 240 188902000.0 1975.01 688.927 
021016_jp32A_10ul_3_060_ld_080.featureXML 167 76388500.0 1626.17 887.212 021010_jp32A_15ul_1_060_ld_080.featureXML 305 98776700.0 1564.25 887.624 
021016_jp32A_10ul_3_060_ld_080.featureXML 234 131158000.0 2158.05 1018.2 021010_jp32A_15ul_1_060_ld_080.featureXML 37 250595000.0 2109.05 1019.22 
021016_jp32A_10ul_3_060_ld_080.featureXML 579 39132300.0 1481.06 867.358 021010_jp32A_15ul_1_060_ld_080.featureXML 221 61247000.0 1407.51 867.271 
021016_jp32A_10ul_3_060_ld_080.featureXML 3 279350000.0 2431.75 1131.45 021010_jp32A_15ul_1_060_ld_080.featureXML 10 276641000.0 2367.57 1131.29 
021016_jp32A_10ul_3_060_ld_080.featureXML 106 54514700.0 1106.85 549.113 021010_jp32A_15ul_1_060_ld_080.featureXML 73 75332900.0 1052.56 549.164 
021016_jp32A_10ul_3_060_ld_080.featureXML 721 25513800.0 2737.62 773.463 021010_jp32A_15ul_1_060_ld_080.featureXML 220 45393900.0 2666.21 772.684 
021016_jp32A_10ul_3_060_ld_080.featureXML 527 17752900.0 690.501 427.255 021010_jp32A_15ul_1_060_ld_080.featureXML 1440 24895000.0 638.736 428.139 
021016_jp32A_10ul_3_060_ld_080.featureXML 311 69862800.0 1115.61 480.037 021010_jp32A_15ul_1_060_ld_080.featureXML 139 83973800.0 1054.72 479.168 
021016_jp32A_10ul_3_060_ld_080.featureXML 414 118415000.0 2406.84 871.772 021010_jp32A_15ul_1_060_ld_080.featureXML 205 148514000.0 2358.66 872.368 
021016_jp32A_10ul_3_060_ld_080.featureXML 90 87891100.0 2601.65 1270.22 021010_jp32A_15ul_1_060_ld_080.featureXML 83 73320000.0 2536.97 1269.39 
021016_jp32A_10ul_3_060_ld_080.featureXML 50 82914000.0 2515.31 1278.18 021010_jp32A_15ul_1_060_ld_080.featureXML 201 57413100.0 2456.71 1278.21 
021016_jp32A_10ul_3_060_ld_080.featureXML 19 233791000.0 2059.81 778.411 021010_jp32A_15ul_1_060_ld_080.featureXML 13 340257000.0 1989.28 777.76 
021016_jp32A_10ul_3_060_ld_080.featureXML 132 129440000.0 1829.11 1025.67 021010_jp32A_15ul_1_060_ld_080.featureXML 218 150518000.0 1769.06 1025.33 
021016_jp32A_10ul_3_060_ld_080.featureXML 422 44214200.0 2113.68 1073.26 021010_jp32A_15ul_1_060_ld_080.featureXML 360 95396600.0 2028.94 1073.64 
021016_jp32A_10ul_3_060_ld_080.featureXML 1191 29661500.0 1467.59 414.317 021010_jp32A_15ul_1_060_ld_080.featureXML 1128 39319300.0 1371.48 414.871 
021016_jp32A_10ul_3_060_ld_080.featureXML 559 95117000.0 2284.71 868.2 021010_jp32A_15ul_1_060_ld_080.featureXML 334 111045000.0 2220.98 867.067 
021016_jp32A_10ul_3_060_ld_080.featureXML 97 29249200.0 923.974 464.606 021010_jp32A_15ul_1_060_ld_080.featureXML 170 41421500.0 866.046 465.271 
021016_jp32A_10ul_3_060_ld_080.featureXML 490 62129200.0 1192.87 544.328 021010_jp32A_15ul_1_060_ld_080.featureXML 206 81599600.0 1126.89 543.18 
021016_jp32A_10ul_3_060_ld_080.featureXML 26 186838000.0 1854.31 1200.0 021010_jp32A_15ul_1_060_ld_080.featureXML 21 173611000.0 1807.42 1199.86 
021016_jp32A_10ul_3_060_ld_080.featureXML 744 127211000.0 2283.85 895.781 021010_jp32A_15ul_1_060_ld_080.featureXML 1278 92771600.0 2275.49 896.445 
021016_jp32A_10ul_3_060_ld_080.featureXML 659 33022400.0 1384.12 475.03 021010_jp32A_15ul_1_060_ld_080.featureXML 568 87345200.0 1337.05 475.843 
021016_jp32A_10ul_3_060_ld_080.featureXML 146 99795900.0 2270.47 813.074 021010_jp32A_15ul_1_060_ld_080.featureXML 142 132418000.0 2208.71 812.91 
021016_jp32A_10ul_3_060_ld_080.featureXML 365 139612000.0 2266.49 1035.58 021010_jp32A_15ul_1_060_ld_080.featureXML 554 134932000.0 2212.05 1035.45 
021016_jp32A_10ul_3_060_ld_080.featureXML 99 104324000.0 2107.0 1171.76 021010_jp32A_15ul_1_060_ld_080.featureXML 166 108322000.0 2036.82 1171.53 
021016_jp32A_10ul_3_060_ld_080.featureXML 43 51583800.0 1205.04 711.665 021010_jp32A_15ul_1_060_ld_080.featureXML 77 68887100.0 1145.89 711.883 
021016_jp32A_10ul_3_060_ld_080.featureXML 69 93085700.0 1462.12 874.012 021010_jp32A_15ul_1_060_ld_080.featureXML 78 100745000.0 1387.76 874.189 
021016_jp32A_10ul_3_060_ld_080.featureXML 143 116809000.0 1606.84 1032.43 021010_jp32A_15ul_1_060_ld_080.featureXML 252 55906200.0 1507.11 1033.09 
021016_jp32A_10ul_3_060_ld_080.featureXML 407 151342000.0 2190.27 838.46 021010_jp32A_15ul_1_060_ld_080.featureXML 1216 23664500.0 2091.98 837.385 
021016_jp32A_10ul_3_060_ld_080.featureXML 426 30081900.0 1095.43 358.308 021010_jp32A_15ul_1_060_ld_080.featureXML 528 40907500.0 1039.24 358.774 
021016_jp32A_10ul_3_060_ld_080.featureXML 244 48175800.0 1070.37 367.066 021010_jp32A_15ul_1_060_ld_080.featureXML 191 57088700.0 993.541 366.61 
021016_jp32A_10ul_3_060_ld_080.featureXML 65 131221000.0 2208.56 857.039 021010_jp32A_15ul_1_060_ld_080.featureXML 24 130883000.0 2133.4 855.642 
021016_jp32A_10ul_3_060_ld_080.featureXML 306 56039100.0 1727.91 572.836 021010_jp32A_15ul_1_060_ld_080.featureXML 264 71517100.0 1650.65 573.229 
021016_jp32A_10ul_3_060_ld_080.featureXML 74 108704000.0 2613.7 926.745 021010_jp32A_15ul_1_060_ld_080.featureXML 864 49638500.0 2804.7 928.003 
021016_jp32A_10ul_3_060_ld_080.featureXML 79 44664500.0 1315.28 912.757 021010_jp32A_15ul_1_060_ld_080.featureXML 64 71975400.0 1257.15 912.406 
021016_jp32A_10ul_3_060_ld_080.featureXML 638 63769000.0 2076.43 843.116 021010_jp32A_15ul_1_060_ld_080.featureXML 605 53913400.0 2010.41 844.176 
021016_jp32A_10ul_3_060_ld_080.featureXML 225 77839600.0 1909.97 838.182 021010_jp32A_15ul_1_060_ld_080.featureXML 229 144697000.0 1859.26 839.214 
