021016_jp32A_10ul_3_020_ld_040.featureXML 216 43531600.0 3045.78 846.176 021010_jp32A_15ul_1_020_ld_040.featureXML 135 38386400.0 2994.0 845.187 
021016_jp32A_10ul_3_020_ld_040.featureXML 265 27084600.0 3101.48 1067.56 021010_jp32A_15ul_1_020_ld_040.featureXML 68 35873300.0 3064.8 1066.53 
021016_jp32A_10ul_3_020_ld_040.featureXML 192 86694100.0 2658.31 824.51 021010_jp32A_15ul_1_020_ld_040.featureXML 144 92927900.0 2633.63 825.343 
021016_jp32A_10ul_3_020_ld_040.featureXML 115 34515200.0 3185.18 869.331 021010_jp32A_15ul_1_020_ld_040.featureXML 36 34388700.0 3145.41 869.415 
021016_jp32A_10ul_3_020_ld_040.featureXML 316 17272100.0 3408.97 1193.92 021010_jp32A_15ul_1_020_ld_040.featureXML 921 19308500.0 3372.21 1195.21 
021016_jp32A_10ul_3_020_ld_040.featureXML 15 227432000.0 2666.53 1121.45 021010_jp32A_15ul_1_020_ld_040.featureXML 59 158247000.0 2626.52 1122.42 
021016_jp32A_10ul_3_020_ld_040.featureXML 41 193999000.0 2687.79 987.234 021010_jp32A_15ul_1_020_ld_040.featureXML 84 137968000.0 2659.06 986.045 
021016_jp32A_10ul_3_020_ld_040.featureXML 36 62053400.0 2213.48 1274.96 021010_jp32A_15ul_1_020_ld_040.featureXML 54 67043300.0 2177.49 1275.57 
021016_jp32A_10ul_3_020_ld_040.featureXML 10 96540500.0 2507.34 832.05 021010_jp32A_15ul_1_020_ld_040.featureXML 583 91371400.0 2477.84 831.818 
021016_jp32A_10ul_3_020_ld_040.featureXML 81 90227800.0 2525.41 1106.93 021010_jp32A_15ul_1_020_ld_040.featureXML 31 174185000.0 2496.45 1106.61 
021016_jp32A_10ul_3_020_ld_040.featureXML 451 36635000.0 2360.37 1105.14 021010_jp32A_15ul_1_020_ld_040.featureXML 198 102025000.0 2329.01 1106.21 
021016_jp32A_10ul_3_020_ld_040.featureXML 255 49246100.0 2781.46 1117.81 021010_jp32A_15ul_1_020_ld_040.featureXML 93 110452000.0 2722.19 1118.16 
021016_jp32A_10ul_3_020_ld_040.featureXML 283 61402100.0 2466.77 741.883 021010_jp32A_15ul_1_020_ld_040.featureXML 990 55032600.0 2444.82 743.108 
021016_jp32A_10ul_3_020_ld_040.featureXML 618 90016400.0 2427.27 912.654 021010_jp32A_15ul_1_020_ld_040.featureXML 567 105705000.0 2383.69 913.716 
021016_jp32A_10ul_3_020_ld_040.featureXML 222 45121500.0 2946.24 1138.67 021010_jp32A_15ul_1_020_ld_040.featureXML 179 51889100.0 2912.04 1137.37 
021016_jp32A_10ul_3_020_ld_040.featureXML 1012 20635800.0 2805.19 618.211 021010_jp32A_15ul_1_020_ld_040.featureXML 675 28898900.0 2754.07 617.489 
021016_jp32A_10ul_3_020_ld_040.featureXML 369 49476100.0 2837.9 1086.57 021010_jp32A_15ul_1_020_ld_040.featureXML 440 45861300.0 2783.06 1086.24 
021016_jp32A_10ul_3_020_ld_040.featureXML 44 96850800.0 2590.4 748.096 021010_jp32A_15ul_1_020_ld_040.featureXML 154 83503800.0 2536.06 749.241 
021016_jp32A_10ul_3_020_ld_040.featureXML 262 54613000.0 2808.84 924.213 021010_jp32A_15ul_1_020_ld_040.featureXML 786 44218600.0 2768.87 923.876 
021016_jp32A_10ul_3_020_ld_040.featureXML 33 165396000.0 2596.07 915.788 021010_jp32A_15ul_1_020_ld_040.featureXML 110 95216600.0 2541.91 915.1 
021016_jp32A_10ul_3_020_ld_040.featureXML 537 30390900.0 1617.67 461.401 021010_jp32A_15ul_1_020_ld_040.featureXML 578 33455100.0 1814.27 460.847 
021016_jp32A_10ul_3_020_ld_040.featureXML 20 108603000.0 2650.28 1154.71 021010_jp32A_15ul_1_020_ld_040.featureXML 28 78343700.0 2616.69 1154.78 
021016_jp32A_10ul_3_020_ld_040.featureXML 32 53057300.0 2698.3 655.923 021010_jp32A_15ul_1_020_ld_040.featureXML 73 43369300.0 2660.19 656.894 
021016_jp32A_10ul_3_020_ld_040.featureXML 871 37072500.0 3147.46 1132.12 021010_jp32A_15ul_1_020_ld_040.featureXML 820 45397500.0 3080.79 1132.77 
021016_jp32A_10ul_3_020_ld_040.featureXML 901 62624600.0 2087.24 941.298 021010_jp32A_15ul_1_020_ld_040.featureXML 609 53656900.0 2057.97 940.371 
021016_jp32A_10ul_3_020_ld_040.featureXML 315 39897900.0 3069.18 1145.98 021010_jp32A_15ul_1_020_ld_040.featureXML 588 42590300.0 3036.61 1146.46 
021016_jp32A_10ul_3_020_ld_040.featureXML 126 52979500.0 2266.72 1098.13 021010_jp32A_15ul_1_020_ld_040.featureXML 115 91891400.0 2225.62 1097.59 
021016_jp32A_10ul_3_020_ld_040.featureXML 185 36072400.0 2265.77 1486.47 021010_jp32A_15ul_1_020_ld_040.featureXML 348 43818100.0 2218.19 1486.71 
021016_jp32A_10ul_3_020_ld_040.featureXML 234 67349200.0 2302.5 1111.89 021010_jp32A_15ul_1_020_ld_040.featureXML 740 71665200.0 2237.09 1112.31 
021016_jp32A_10ul_3_020_ld_040.featureXML 75 47678400.0 2780.47 1250.24 021010_jp32A_15ul_1_020_ld_040.featureXML 34 78974500.0 2725.49 1250.04 
021016_jp32A_10ul_3_020_ld_040.featureXML 99 100033000.0 2426.07 1187.98 021010_jp32A_15ul_1_020_ld_040.featureXML 448 95685200.0 2389.7 1188.95 
021016_jp32A_10ul_3_020_ld_040.featureXML 701 67121400.0 2334.33 1023.99 021010_jp32A_15ul_1_020_ld_040.featureXML 1080 38927400.0 2163.73 1023.5 
021016_jp32A_10ul_3_020_ld_040.featureXML 439 56294400.0 2265.64 993.798 021010_jp32A_15ul_1_020_ld_040.featureXML 379 87326000.0 2221.73 994.723 
021016_jp32A_10ul_3_020_ld_040.featureXML 280 69789400.0 2963.99 1246.43 021010_jp32A_15ul_1_020_ld_040.featureXML 484 51093400.0 2901.82 1247.18 
021016_jp32A_10ul_3_020_ld_040.featureXML 173 77831600.0 2275.21 1057.72 021010_jp32A_15ul_1_020_ld_040.featureXML 112 80612600.0 2554.43 1057.07 
021016_jp32A_10ul_3_020_ld_040.featureXML 105 46773200.0 2006.63 620.042 021010_jp32A_15ul_1_020_ld_040.featureXML 145 44318400.0 1976.57 620.795 
021016_jp32A_10ul_3_020_ld_040.featureXML 619 11608000.0 3391.69 783.535 021010_jp32A_15ul_1_020_ld_040.featureXML 326 31818800.0 3116.88 783.265 
021016_jp32A_10ul_3_020_ld_040.featureXML 88 56770400.0 2273.82 1388.53 021010_jp32A_15ul_1_020_ld_040.featureXML 72 61971100.0 2220.7 1388.78 
021016_jp32A_10ul_3_020_ld_040.featureXML 288 26572200.0 3597.2 1004.1 021010_jp32A_15ul_1_020_ld_040.featureXML 53 55816100.0 3528.31 1004.33 
021016_jp32A_10ul_3_020_ld_040.featureXML 513 12461500.0 3211.16 657.915 021010_jp32A_15ul_1_020_ld_040.featureXML 324 25426400.0 3158.55 658.652 
