021016_jp32A_10ul_3_080_ld_100.featureXML 104 50809600.0 1608.51 712.805 021010_jp32A_15ul_1_080_ld_100.featureXML 99 76914400.0 1552.04 713.975 
021016_jp32A_10ul_3_080_ld_100.featureXML 436 30083000.0 2095.43 499.068 021010_jp32A_15ul_1_080_ld_100.featureXML 202 37816000.0 2044.75 499.152 
021016_jp32A_10ul_3_080_ld_100.featureXML 11 149654000.0 2205.84 960.321 021010_jp32A_15ul_1_080_ld_100.featureXML 10 186431000.0 2158.73 960.018 
021016_jp32A_10ul_3_080_ld_100.featureXML 540 14851900.0 974.825 543.412 021010_jp32A_15ul_1_080_ld_100.featureXML 510 18372400.0 920.023 544.015 
021016_jp32A_10ul_3_080_ld_100.featureXML 4 104059000.0 1614.94 892.409 021010_jp32A_15ul_1_080_ld_100.featureXML 914 29453600.0 1531.07 892.19 
021016_jp32A_10ul_3_080_ld_100.featureXML 402 13516900.0 2706.64 707.97 021010_jp32A_15ul_1_080_ld_100.featureXML 5 250875000.0 2688.94 707.344 
021016_jp32A_10ul_3_080_ld_100.featureXML 273 29834600.0 1275.42 370.452 021010_jp32A_15ul_1_080_ld_100.featureXML 174 49956200.0 1211.52 370.422 
021016_jp32A_10ul_3_080_ld_100.featureXML 358 32381200.0 950.022 329.359 021010_jp32A_15ul_1_080_ld_100.featureXML 468 37815700.0 919.909 329.59 
021016_jp32A_10ul_3_080_ld_100.featureXML 182 123937000.0 1991.54 1041.04 021010_jp32A_15ul_1_080_ld_100.featureXML 170 123822000.0 1936.81 1040.31 
021016_jp32A_10ul_3_080_ld_100.featureXML 401 31309500.0 1672.63 425.403 021010_jp32A_15ul_1_080_ld_100.featureXML 302 41416300.0 1598.9 425.862 
021016_jp32A_10ul_3_080_ld_100.featureXML 508 62936900.0 1413.07 791.697 021010_jp32A_15ul_1_080_ld_100.featureXML 148 99666800.0 1356.68 791.136 
021016_jp32A_10ul_3_080_ld_100.featureXML 449 62747100.0 1941.81 720.61 021010_jp32A_15ul_1_080_ld_100.featureXML 641 83809600.0 1927.99 720.316 
021016_jp32A_10ul_3_080_ld_100.featureXML 641 21942300.0 653.79 428.615 021010_jp32A_15ul_1_080_ld_100.featureXML 893 32594100.0 619.827 429.862 
021016_jp32A_10ul_3_080_ld_100.featureXML 397 72099100.0 1899.1 950.356 021010_jp32A_15ul_1_080_ld_100.featureXML 365 99604300.0 1894.78 950.441 
021016_jp32A_10ul_3_080_ld_100.featureXML 193 44317500.0 1107.29 843.965 021010_jp32A_15ul_1_080_ld_100.featureXML 137 42892200.0 1054.74 843.845 
021016_jp32A_10ul_3_080_ld_100.featureXML 96 40944700.0 1608.55 1422.79 021010_jp32A_15ul_1_080_ld_100.featureXML 303 37555000.0 1554.29 1423.24 
021016_jp32A_10ul_3_080_ld_100.featureXML 868 23430900.0 1394.64 450.699 021010_jp32A_15ul_1_080_ld_100.featureXML 301 54775800.0 1343.81 450.51 
021016_jp32A_10ul_3_080_ld_100.featureXML 20 156808000.0 2093.41 936.28 021010_jp32A_15ul_1_080_ld_100.featureXML 30 185679000.0 2045.54 936.456 
021016_jp32A_10ul_3_080_ld_100.featureXML 536 84784900.0 2286.27 850.489 021010_jp32A_15ul_1_080_ld_100.featureXML 374 129795000.0 2255.48 849.101 
021016_jp32A_10ul_3_080_ld_100.featureXML 198 55772600.0 1827.93 1201.43 021010_jp32A_15ul_1_080_ld_100.featureXML 152 69595900.0 1783.87 1200.73 
021016_jp32A_10ul_3_080_ld_100.featureXML 474 51579700.0 1896.11 559.221 021010_jp32A_15ul_1_080_ld_100.featureXML 180 76716300.0 1804.09 559.087 
021016_jp32A_10ul_3_080_ld_100.featureXML 264 55241400.0 1903.98 574.23 021010_jp32A_15ul_1_080_ld_100.featureXML 608 58924800.0 1845.24 574.396 
021016_jp32A_10ul_3_080_ld_100.featureXML 64 80330400.0 1840.68 599.952 021010_jp32A_15ul_1_080_ld_100.featureXML 62 106256000.0 1795.06 600.033 
021016_jp32A_10ul_3_080_ld_100.featureXML 722 18595100.0 1026.16 905.623 021010_jp32A_15ul_1_080_ld_100.featureXML 434 33819100.0 991.035 905.562 
021016_jp32A_10ul_3_080_ld_100.featureXML 492 55458300.0 2434.4 1214.58 021010_jp32A_15ul_1_080_ld_100.featureXML 333 61128000.0 2380.42 1214.54 
021016_jp32A_10ul_3_080_ld_100.featureXML 149 48070700.0 2577.88 1239.56 021010_jp32A_15ul_1_080_ld_100.featureXML 452 22489700.0 2520.78 1239.56 
021016_jp32A_10ul_3_080_ld_100.featureXML 240 80107100.0 1850.27 658.005 021010_jp32A_15ul_1_080_ld_100.featureXML 220 82211600.0 1806.81 657.975 
021016_jp32A_10ul_3_080_ld_100.featureXML 140 59488100.0 1773.32 515.025 021010_jp32A_15ul_1_080_ld_100.featureXML 465 76924400.0 1741.07 516.427 
021016_jp32A_10ul_3_080_ld_100.featureXML 242 35861600.0 2090.09 1401.9 021010_jp32A_15ul_1_080_ld_100.featureXML 172 56371000.0 2044.17 1401.97 
021016_jp32A_10ul_3_080_ld_100.featureXML 130 12568300.0 1977.04 441.566 021010_jp32A_15ul_1_080_ld_100.featureXML 223 26217200.0 1921.44 442.363 
021016_jp32A_10ul_3_080_ld_100.featureXML 12 138709000.0 2745.94 899.485 021010_jp32A_15ul_1_080_ld_100.featureXML 967 49017300.0 2640.48 898.703 
021016_jp32A_10ul_3_080_ld_100.featureXML 528 47839200.0 2622.84 861.684 021010_jp32A_15ul_1_080_ld_100.featureXML 213 61472000.0 2554.31 861.786 
021016_jp32A_10ul_3_080_ld_100.featureXML 197 53651900.0 1408.55 632.371 021010_jp32A_15ul_1_080_ld_100.featureXML 189 86024700.0 1352.07 632.119 
021016_jp32A_10ul_3_080_ld_100.featureXML 225 29691300.0 1173.13 345.9 021010_jp32A_15ul_1_080_ld_100.featureXML 41 50110200.0 1110.98 344.594 
021016_jp32A_10ul_3_080_ld_100.featureXML 724 48037600.0 1311.84 594.531 021010_jp32A_15ul_1_080_ld_100.featureXML 178 100822000.0 1254.14 593.859 
021016_jp32A_10ul_3_080_ld_100.featureXML 574 28437300.0 1167.91 731.374 021010_jp32A_15ul_1_080_ld_100.featureXML 1140 38753300.0 1125.61 730.554 
021016_jp32A_10ul_3_080_ld_100.featureXML 21 70697300.0 1600.04 1109.62 021010_jp32A_15ul_1_080_ld_100.featureXML 73 58122100.0 1549.17 1110.31 
021016_jp32A_10ul_3_080_ld_100.featureXML 57 66840000.0 2331.82 690.624 021010_jp32A_15ul_1_080_ld_100.featureXML 81 86825900.0 2278.16 690.424 
021016_jp32A_10ul_3_080_ld_100.featureXML 18 90801700.0 1408.58 466.274 021010_jp32A_15ul_1_080_ld_100.featureXML 8 174841000.0 1353.28 466.425 
021016_jp32A_10ul_3_080_ld_100.featureXML 328 63968500.0 2641.13 1122.55 021010_jp32A_15ul_1_080_ld_100.featureXML 281 80002600.0 2594.85 1122.33 
021016_jp32A_10ul_3_080_ld_100.featureXML 406 36291200.0 941.761 385.374 021010_jp32A_15ul_1_080_ld_100.featureXML 313 43804300.0 894.095 385.613 
021016_jp32A_10ul_3_080_ld_100.featureXML 697 25977200.0 3019.12 723.545 021010_jp32A_15ul_1_080_ld_100.featureXML 237 34497700.0 2957.54 722.167 
021016_jp32A_10ul_3_080_ld_100.featureXML 108 43090800.0 2742.71 611.537 021010_jp32A_15ul_1_080_ld_100.featureXML 248 38058500.0 2689.61 612.21 
021016_jp32A_10ul_3_080_ld_100.featureXML 219 40474300.0 2912.47 708.241 021010_jp32A_15ul_1_080_ld_100.featureXML 688 22960700.0 2870.91 708.775 
021016_jp32A_10ul_3_080_ld_100.featureXML 459 31552300.0 1185.81 542.829 021010_jp32A_15ul_1_080_ld_100.featureXML 151 54592500.0 1126.73 543.308 
021016_jp32A_10ul_3_080_ld_100.featureXML 31 113872000.0 1408.92 700.43 021010_jp32A_15ul_1_080_ld_100.featureXML 12 202195000.0 1352.87 700.246 
021016_jp32A_10ul_3_080_ld_100.featureXML 30 55568200.0 1110.01 505.849 021010_jp32A_15ul_1_080_ld_100.featureXML 26 69394300.0 1064.2 505.803 
021016_jp32A_10ul_3_080_ld_100.featureXML 38 79106500.0 3001.08 1081.66 021010_jp32A_15ul_1_080_ld_100.featureXML 910 9919600.0 2930.29 1081.53 
021016_jp32A_10ul_3_080_ld_100.featureXML 292 94836700.0 2163.42 1068.91 021010_jp32A_15ul_1_080_ld_100.featureXML 214 107161000.0 2129.85 1069.34 
021016_jp32A_10ul_3_080_ld_100.featureXML 316 28522200.0 1675.73 1430.29 021010_jp32A_15ul_1_080_ld_100.featureXML 230 22851400.0 1618.68 1430.47 
021016_jp32A_10ul_3_080_ld_100.featureXML 563 66319400.0 1800.17 528.24 021010_jp32A_15ul_1_080_ld_100.featureXML 168 105864000.0 1786.48 528.738 
021016_jp32A_10ul_3_080_ld_100.featureXML 28 118057000.0 2337.28 1034.32 021010_jp32A_15ul_1_080_ld_100.featureXML 38 134031000.0 2279.99 1034.22 
021016_jp32A_10ul_3_080_ld_100.featureXML 70 44656700.0 1609.58 371.928 021010_jp32A_15ul_1_080_ld_100.featureXML 98 58382900.0 1552.1 371.976 
021016_jp32A_10ul_3_080_ld_100.featureXML 87 117715000.0 1902.63 858.53 021010_jp32A_15ul_1_080_ld_100.featureXML 97 117286000.0 1845.27 858.857 
021016_jp32A_10ul_3_080_ld_100.featureXML 476 43323500.0 2640.39 744.082 021010_jp32A_15ul_1_080_ld_100.featureXML 395 48629200.0 2597.54 744.856 
021016_jp32A_10ul_3_080_ld_100.featureXML 175 86877000.0 2096.53 747.493 021010_jp32A_15ul_1_080_ld_100.featureXML 139 148425000.0 2046.15 747.974 
021016_jp32A_10ul_3_080_ld_100.featureXML 841 20274500.0 1701.67 760.91 021010_jp32A_15ul_1_080_ld_100.featureXML 1108 29944700.0 1604.69 760.208 
021016_jp32A_10ul_3_080_ld_100.featureXML 253 91510800.0 1650.55 687.627 021010_jp32A_15ul_1_080_ld_100.featureXML 270 98894500.0 1575.13 687.836 
021016_jp32A_10ul_3_080_ld_100.featureXML 422 89652700.0 1905.4 686.335 021010_jp32A_15ul_1_080_ld_100.featureXML 696 103320000.0 1833.97 685.115 
021016_jp32A_10ul_3_080_ld_100.featureXML 77 37990900.0 1057.18 392.821 021010_jp32A_15ul_1_080_ld_100.featureXML 31 109621000.0 1022.5 392.233 
021016_jp32A_10ul_3_080_ld_100.featureXML 821 31470400.0 1937.48 796.192 021010_jp32A_15ul_1_080_ld_100.featureXML 669 37586300.0 1911.06 795.413 
021016_jp32A_10ul_3_080_ld_100.featureXML 143 130516000.0 1922.39 804.415 021010_jp32A_15ul_1_080_ld_100.featureXML 236 83047100.0 1831.41 803.261 
021016_jp32A_10ul_3_080_ld_100.featureXML 191 25514600.0 778.886 354.038 021010_jp32A_15ul_1_080_ld_100.featureXML 464 34854400.0 739.706 355.269 
021016_jp32A_10ul_3_080_ld_100.featureXML 201 87950500.0 1830.63 702.268 021010_jp32A_15ul_1_080_ld_100.featureXML 224 107775000.0 1784.76 702.804 
021016_jp32A_10ul_3_080_ld_100.featureXML 132 47239600.0 1173.06 402.958 021010_jp32A_15ul_1_080_ld_100.featureXML 96 70806500.0 1116.31 403.293 
021016_jp32A_10ul_3_080_ld_100.featureXML 80 58124400.0 1322.18 459.131 021010_jp32A_15ul_1_080_ld_100.featureXML 76 109340000.0 1265.83 459.073 
021016_jp32A_10ul_3_080_ld_100.featureXML 215 31088400.0 1023.76 792.587 021010_jp32A_15ul_1_080_ld_100.featureXML 169 58288800.0 995.027 791.83 
021016_jp32A_10ul_3_080_ld_100.featureXML 707 60118500.0 1658.19 832.347 021010_jp32A_15ul_1_080_ld_100.featureXML 184 79395500.0 1600.04 833.121 
021016_jp32A_10ul_3_080_ld_100.featureXML 69 67778700.0 2207.19 641.56 021010_jp32A_15ul_1_080_ld_100.featureXML 27 109120000.0 2155.71 641.563 
021016_jp32A_10ul_3_080_ld_100.featureXML 45 66879900.0 910.645 401.363 021010_jp32A_15ul_1_080_ld_100.featureXML 150 108440000.0 886.592 401.701 
021016_jp32A_10ul_3_080_ld_100.featureXML 275 17505000.0 765.043 630.457 021010_jp32A_15ul_1_080_ld_100.featureXML 707 20016000.0 732.865 630.835 
021016_jp32A_10ul_3_080_ld_100.featureXML 670 11864700.0 926.158 370.918 021010_jp32A_15ul_1_080_ld_100.featureXML 631 10563900.0 876.459 371.125 
