021016_jp32A_10ul_3_040_ld_060.featureXML 436 63687300.0 1925.83 949.973 021010_jp32A_15ul_1_040_ld_060.featureXML 141 149946000.0 1939.28 948.896 
021016_jp32A_10ul_3_040_ld_060.featureXML 14 194664000.0 2664.79 990.305 021010_jp32A_15ul_1_040_ld_060.featureXML 116 196433000.0 2616.09 991.126 
021016_jp32A_10ul_3_040_ld_060.featureXML 298 103281000.0 2147.29 826.893 021010_jp32A_15ul_1_040_ld_060.featureXML 117 162409000.0 2098.94 826.539 
021016_jp32A_10ul_3_040_ld_060.featureXML 471 81968800.0 1675.78 811.819 021010_jp32A_15ul_1_040_ld_060.featureXML 120 87235600.0 1616.27 810.872 
021016_jp32A_10ul_3_040_ld_060.featureXML 337 31980400.0 3145.44 870.288 021010_jp32A_15ul_1_040_ld_060.featureXML 369 32715900.0 3099.83 870.259 
021016_jp32A_10ul_3_040_ld_060.featureXML 260 47402700.0 1640.27 1032.92 021010_jp32A_15ul_1_040_ld_060.featureXML 570 39310800.0 1602.38 1032.66 
021016_jp32A_10ul_3_040_ld_060.featureXML 32 57424500.0 3066.74 1066.16 021010_jp32A_15ul_1_040_ld_060.featureXML 128 39158400.0 3009.64 1066.34 
021016_jp32A_10ul_3_040_ld_060.featureXML 205 28313400.0 1202.13 471.806 021010_jp32A_15ul_1_040_ld_060.featureXML 186 32322700.0 1144.59 472.135 
021016_jp32A_10ul_3_040_ld_060.featureXML 155 21209900.0 909.495 689.681 021010_jp32A_15ul_1_040_ld_060.featureXML 389 21079700.0 866.713 690.585 
021016_jp32A_10ul_3_040_ld_060.featureXML 476 49203900.0 1645.0 870.929 021010_jp32A_15ul_1_040_ld_060.featureXML 458 50122700.0 1604.1 871.465 
021016_jp32A_10ul_3_040_ld_060.featureXML 301 97698600.0 1969.14 933.995 021010_jp32A_15ul_1_040_ld_060.featureXML 404 88064500.0 1892.83 933.029 
021016_jp32A_10ul_3_040_ld_060.featureXML 16 67401700.0 2157.78 653.785 021010_jp32A_15ul_1_040_ld_060.featureXML 83 80728800.0 2107.4 654.418 
021016_jp32A_10ul_3_040_ld_060.featureXML 167 45498700.0 3003.6 846.157 021010_jp32A_15ul_1_040_ld_060.featureXML 210 31640800.0 2956.97 845.552 
021016_jp32A_10ul_3_040_ld_060.featureXML 232 74209100.0 2786.18 923.529 021010_jp32A_15ul_1_040_ld_060.featureXML 17 133436000.0 2708.59 922.351 
021016_jp32A_10ul_3_040_ld_060.featureXML 442 14853800.0 2768.58 615.978 021010_jp32A_15ul_1_040_ld_060.featureXML 155 30403300.0 2708.04 615.392 
021016_jp32A_10ul_3_040_ld_060.featureXML 133 69908700.0 2514.01 911.841 021010_jp32A_15ul_1_040_ld_060.featureXML 71 163929000.0 2451.41 912.4 
021016_jp32A_10ul_3_040_ld_060.featureXML 38 45672700.0 2639.15 982.382 021010_jp32A_15ul_1_040_ld_060.featureXML 3 505465000.0 2612.02 982.369 
021016_jp32A_10ul_3_040_ld_060.featureXML 511 59864000.0 2548.85 840.045 021010_jp32A_15ul_1_040_ld_060.featureXML 139 130755000.0 2462.37 839.721 
021016_jp32A_10ul_3_040_ld_060.featureXML 460 37454100.0 1659.55 1144.67 021010_jp32A_15ul_1_040_ld_060.featureXML 650 36977700.0 1615.68 1144.46 
021016_jp32A_10ul_3_040_ld_060.featureXML 107 36963700.0 1524.91 1215.74 021010_jp32A_15ul_1_040_ld_060.featureXML 138 38928000.0 1473.81 1215.62 
021016_jp32A_10ul_3_040_ld_060.featureXML 241 62126000.0 1950.89 735.639 021010_jp32A_15ul_1_040_ld_060.featureXML 423 91950100.0 1916.85 736.228 
021016_jp32A_10ul_3_040_ld_060.featureXML 36 42593900.0 1281.99 516.504 021010_jp32A_15ul_1_040_ld_060.featureXML 220 42930200.0 1265.98 517.404 
021016_jp32A_10ul_3_040_ld_060.featureXML 39 81211100.0 2545.37 748.096 021010_jp32A_15ul_1_040_ld_060.featureXML 123 68001400.0 2491.42 748.388 
021016_jp32A_10ul_3_040_ld_060.featureXML 19 100698000.0 2220.63 1096.13 021010_jp32A_15ul_1_040_ld_060.featureXML 13 119287000.0 2171.45 1095.66 
021016_jp32A_10ul_3_040_ld_060.featureXML 296 60546500.0 2364.86 1161.54 021010_jp32A_15ul_1_040_ld_060.featureXML 746 58678700.0 2319.38 1161.66 
021016_jp32A_10ul_3_040_ld_060.featureXML 325 23638500.0 3068.52 713.112 021010_jp32A_15ul_1_040_ld_060.featureXML 899 21733600.0 3019.45 713.413 
021016_jp32A_10ul_3_040_ld_060.featureXML 411 41887000.0 2007.81 555.986 021010_jp32A_15ul_1_040_ld_060.featureXML 189 53349800.0 1954.6 555.828 
021016_jp32A_10ul_3_040_ld_060.featureXML 254 46685200.0 2564.79 738.655 021010_jp32A_15ul_1_040_ld_060.featureXML 182 52334600.0 2515.1 739.125 
021016_jp32A_10ul_3_040_ld_060.featureXML 333 65836300.0 2598.47 1002.24 021010_jp32A_15ul_1_040_ld_060.featureXML 104 138116000.0 2570.64 1002.13 
021016_jp32A_10ul_3_040_ld_060.featureXML 349 72248400.0 1740.97 727.323 021010_jp32A_15ul_1_040_ld_060.featureXML 435 60574400.0 1682.84 727.19 
021016_jp32A_10ul_3_040_ld_060.featureXML 10 133446000.0 2366.01 800.416 021010_jp32A_15ul_1_040_ld_060.featureXML 86 107038000.0 2319.33 801.721 
021016_jp32A_10ul_3_040_ld_060.featureXML 370 38299500.0 2319.69 600.796 021010_jp32A_15ul_1_040_ld_060.featureXML 167 45506800.0 2256.8 600.442 
021016_jp32A_10ul_3_040_ld_060.featureXML 510 89999300.0 2235.33 867.969 021010_jp32A_15ul_1_040_ld_060.featureXML 206 129719000.0 2145.11 869.013 
021016_jp32A_10ul_3_040_ld_060.featureXML 267 115558000.0 2590.01 1025.05 021010_jp32A_15ul_1_040_ld_060.featureXML 29 136186000.0 2523.46 1024.15 
021016_jp32A_10ul_3_040_ld_060.featureXML 15 143041000.0 2180.15 1274.96 021010_jp32A_15ul_1_040_ld_060.featureXML 2 346719000.0 2127.34 1274.5 
021016_jp32A_10ul_3_040_ld_060.featureXML 106 53745600.0 1515.56 740.137 021010_jp32A_15ul_1_040_ld_060.featureXML 96 74078500.0 1463.86 739.689 
021016_jp32A_10ul_3_040_ld_060.featureXML 166 47366700.0 985.976 413.976 021010_jp32A_15ul_1_040_ld_060.featureXML 547 38451300.0 941.532 414.373 
021016_jp32A_10ul_3_040_ld_060.featureXML 303 33283900.0 2003.8 1407.59 021010_jp32A_15ul_1_040_ld_060.featureXML 431 48017000.0 1948.21 1407.82 
021016_jp32A_10ul_3_040_ld_060.featureXML 458 83913700.0 1806.48 864.577 021010_jp32A_15ul_1_040_ld_060.featureXML 572 74267700.0 1776.38 863.624 
021016_jp32A_10ul_3_040_ld_060.featureXML 8 157328000.0 2512.94 1105.35 021010_jp32A_15ul_1_040_ld_060.featureXML 14 248164000.0 2454.81 1106.31 
021016_jp32A_10ul_3_040_ld_060.featureXML 409 66036000.0 1947.94 763.754 021010_jp32A_15ul_1_040_ld_060.featureXML 720 79381400.0 1882.82 764.233 
021016_jp32A_10ul_3_040_ld_060.featureXML 103 48189800.0 1389.29 1062.33 021010_jp32A_15ul_1_040_ld_060.featureXML 115 36913000.0 1345.67 1062.4 
021016_jp32A_10ul_3_040_ld_060.featureXML 799 37772500.0 2524.46 1173.89 021010_jp32A_15ul_1_040_ld_060.featureXML 464 30442100.0 2495.55 1174.75 
021016_jp32A_10ul_3_040_ld_060.featureXML 454 33321400.0 1424.82 832.59 021010_jp32A_15ul_1_040_ld_060.featureXML 1060 29752700.0 1257.36 831.913 
021016_jp32A_10ul_3_040_ld_060.featureXML 229 47638900.0 2416.44 1428.53 021010_jp32A_15ul_1_040_ld_060.featureXML 499 28625100.0 2347.58 1428.46 
021016_jp32A_10ul_3_040_ld_060.featureXML 188 46556700.0 2296.77 760.518 021010_jp32A_15ul_1_040_ld_060.featureXML 121 65939500.0 2247.23 759.296 
021016_jp32A_10ul_3_040_ld_060.featureXML 618 57389000.0 2476.64 843.281 021010_jp32A_15ul_1_040_ld_060.featureXML 470 33170300.0 2382.44 842.243 
021016_jp32A_10ul_3_040_ld_060.featureXML 48 79035500.0 1044.16 425.071 021010_jp32A_15ul_1_040_ld_060.featureXML 82 46538400.0 1003.82 424.302 
021016_jp32A_10ul_3_040_ld_060.featureXML 363 50032700.0 2148.87 845.814 021010_jp32A_15ul_1_040_ld_060.featureXML 105 86592700.0 2098.74 845.502 
021016_jp32A_10ul_3_040_ld_060.featureXML 300 55117900.0 1989.8 621.371 021010_jp32A_15ul_1_040_ld_060.featureXML 537 54753300.0 1939.03 621.403 
021016_jp32A_10ul_3_040_ld_060.featureXML 77 102772000.0 2631.84 1120.92 021010_jp32A_15ul_1_040_ld_060.featureXML 157 100234000.0 2594.25 1122.25 
021016_jp32A_10ul_3_040_ld_060.featureXML 76 74711500.0 1623.57 966.013 021010_jp32A_15ul_1_040_ld_060.featureXML 150 27536100.0 1540.53 966.139 
021016_jp32A_10ul_3_040_ld_060.featureXML 35 40019500.0 1408.94 1172.45 021010_jp32A_15ul_1_040_ld_060.featureXML 49 33045300.0 1362.91 1172.37 
021016_jp32A_10ul_3_040_ld_060.featureXML 475 87080600.0 2276.39 905.62 021010_jp32A_15ul_1_040_ld_060.featureXML 642 61772800.0 2632.77 904.781 
021016_jp32A_10ul_3_040_ld_060.featureXML 242 36032100.0 2054.28 1389.87 021010_jp32A_15ul_1_040_ld_060.featureXML 169 52504800.0 2003.47 1389.38 
021016_jp32A_10ul_3_040_ld_060.featureXML 275 77191600.0 2321.77 1223.97 021010_jp32A_15ul_1_040_ld_060.featureXML 580 85404300.0 1978.39 1223.95 
021016_jp32A_10ul_3_040_ld_060.featureXML 417 74075100.0 1941.92 1125.54 021010_jp32A_15ul_1_040_ld_060.featureXML 420 86393300.0 1973.98 1125.34 
021016_jp32A_10ul_3_040_ld_060.featureXML 790 29420000.0 1027.88 465.982 021010_jp32A_15ul_1_040_ld_060.featureXML 787 24348400.0 975.779 465.1 
021016_jp32A_10ul_3_040_ld_060.featureXML 434 78342300.0 2077.24 1081.85 021010_jp32A_15ul_1_040_ld_060.featureXML 628 107392000.0 2079.5 1081.62 
021016_jp32A_10ul_3_040_ld_060.featureXML 196 32539200.0 695.392 385.522 021010_jp32A_15ul_1_040_ld_060.featureXML 638 25112200.0 687.552 386.251 
021016_jp32A_10ul_3_040_ld_060.featureXML 452 21505400.0 1044.09 548.052 021010_jp32A_15ul_1_040_ld_060.featureXML 709 19356200.0 1009.4 547.692 
021016_jp32A_10ul_3_040_ld_060.featureXML 658 75846700.0 1824.63 1024.31 021010_jp32A_15ul_1_040_ld_060.featureXML 455 58270800.0 1762.02 1025.43 
021016_jp32A_10ul_3_040_ld_060.featureXML 134 103077000.0 2621.46 826.307 021010_jp32A_15ul_1_040_ld_060.featureXML 675 40582500.0 2507.12 825.885 
021016_jp32A_10ul_3_040_ld_060.featureXML 176 111302000.0 2183.32 991.827 021010_jp32A_15ul_1_040_ld_060.featureXML 183 74732000.0 2169.71 992.896 
021016_jp32A_10ul_3_040_ld_060.featureXML 217 48371400.0 1397.91 648.346 021010_jp32A_15ul_1_040_ld_060.featureXML 156 53574100.0 1341.22 647.33 
021016_jp32A_10ul_3_040_ld_060.featureXML 465 48639500.0 2030.97 1075.16 021010_jp32A_15ul_1_040_ld_060.featureXML 902 51514200.0 2231.65 1075.22 
021016_jp32A_10ul_3_040_ld_060.featureXML 18 67330200.0 1330.83 924.671 021010_jp32A_15ul_1_040_ld_060.featureXML 40 67248700.0 1286.51 925.005 
021016_jp32A_10ul_3_040_ld_060.featureXML 87 41331300.0 1700.15 537.768 021010_jp32A_15ul_1_040_ld_060.featureXML 109 47830600.0 1642.14 537.53 
021016_jp32A_10ul_3_040_ld_060.featureXML 343 31431200.0 1145.5 852.53 021010_jp32A_15ul_1_040_ld_060.featureXML 478 24717400.0 1084.81 852.927 
021016_jp32A_10ul_3_040_ld_060.featureXML 295 66506800.0 2127.09 1124.56 021010_jp32A_15ul_1_040_ld_060.featureXML 151 112152000.0 2116.62 1124.29 
021016_jp32A_10ul_3_040_ld_060.featureXML 140 92642600.0 2264.17 1061.26 021010_jp32A_15ul_1_040_ld_060.featureXML 693 44243400.0 2182.77 1059.89 
021016_jp32A_10ul_3_040_ld_060.featureXML 95 57766300.0 2926.06 1310.39 021010_jp32A_15ul_1_040_ld_060.featureXML 919 23773200.0 2857.79 1310.74 
