> 1 G1_1
> 2 G1_2
> 3 G1_3
> 4 G1_4
> 5 G1_5
> 6 G1_6
> 7 G1_7
> 8 G1_8
> 9 G1_9
> 10 G1_10
> 11 G1_11
> 12 G1_12
> 13 G1_13
> 14 G1_14
> 15 G1_15
> 16 G1_16
> 17 G1_17
> 18 G1_18
> 19 G1_19
> 20 G1_20
> 21 G1_21
> 22 G1_22
> 23 G1_23
# 18 671 19 802 20 737 21 613 22 750 
# 1 346 2 310 3 304 4 404 5 339 6 306 7 470 8 450 9 271 10 282 11 310 12 325 13 443 14 399 15 374 16 548 17 503 18 200 19 302 20 280 21 191 22 313 23 433 
# 13 444 14 400 16 549 18 201 19 303 20 281 22 314 23 434 
# 1 117 2 92 3 96 4 49 5 103 6 32 7 24 8 38 9 37 10 11 11 73 12 43 13 65 14 54 15 63 16 66 17 56 18 24 19 27 20 21 21 18 22 21 23 34 
# 1 21 2 13 3 9 4 14 5 49 6 4 7 3 8 16 9 17 10 4 11 20 12 19 13 23 14 7 15 25 16 12 17 28 18 17 19 9 20 8 21 9 22 13 23 14 
# 1 243 2 172 3 177 4 180 5 246 6 173 7 176 8 337 9 212 10 301 11 232 12 179 14 292 15 272 16 242 17 236 18 160 19 179 20 120 21 87 22 143 23 197 
# 1 284 2 362 3 289 4 282 5 315 6 368 7 495 8 379 9 301 10 255 11 298 12 295 13 350 14 418 15 333 16 517 17 431 18 362 19 335 20 194 21 307 22 187 23 377 
# 1 318 2 160 3 213 4 215 5 308 6 169 7 202 8 404 9 199 10 351 11 274 12 389 13 405 14 401 15 358 16 346 17 328 18 178 19 223 20 195 21 152 22 189 23 347 
# 1 287 2 357 3 321 4 296 5 353 6 281 7 236 8 459 9 306 10 429 11 369 12 314 13 451 14 475 15 400 16 591 17 487 18 321 19 505 20 341 21 391 22 191 23 536 
# 1 285 2 103 3 142 4 128 5 174 6 93 7 105 8 339 9 174 11 244 13 280 14 272 16 222 17 179 18 179 19 177 20 77 21 117 22 158 23 204 
# 3 536 9 414 11 526 12 426 15 484 17 679 18 387 19 669 20 505 22 604 23 598 
# 2 44 4 154 6 148 7 159 8 129 10 99 14 160 16 89 17 75 19 42 20 28 22 54 
# 1 114 2 129 3 97 4 51 5 53 6 47 7 68 8 51 9 54 10 63 11 86 12 73 13 63 14 128 15 82 16 105 17 59 18 45 19 64 20 32 21 38 22 34 23 71 
# 1 40 2 22 3 21 4 23 5 34 6 10 7 4 8 31 9 31 10 35 11 40 12 51 13 37 14 19 15 48 16 37 17 40 18 47 19 31 20 29 21 25 22 35 23 53 
# 1 85 2 18 3 28 4 45 5 72 6 21 7 23 8 121 9 45 10 191 11 61 12 123 13 77 14 99 15 112 16 51 17 53 18 42 19 48 20 17 21 27 22 53 23 48 
# 1 113 2 229 3 64 4 22 5 105 6 168 7 38 8 35 9 27 10 92 11 62 12 39 13 44 14 135 15 78 16 35 17 48 18 22 19 41 20 36 21 23 22 52 23 40 
# 1 1 2 1 3 0 4 1 5 1 6 1 8 1 9 0 11 1 12 1 13 1 14 0 15 1 16 0 17 1 18 0 19 0 20 1 21 0 22 1 23 1 
# 9 449 11 729 12 607 18 497 20 542 22 585 
# 1 39 3 24 4 110 5 62 6 60 7 101 8 120 9 25 10 89 11 24 12 22 13 54 14 148 15 27 16 121 17 82 18 25 19 43 20 18 21 46 22 30 23 22 
# 5 138 7 263 8 285 9 217 10 48 11 292 12 243 14 386 15 235 17 525 18 162 19 209 21 160 22 329 23 308 
# 1 6 2 37 3 4 4 19 5 3 6 81 8 9 9 5 10 1 11 3 12 7 13 15 14 1 15 5 16 6 17 17 18 5 19 3 20 24 21 3 22 16 23 5 
# 1 169 3 272 4 217 5 97 7 91 8 202 9 140 10 40 11 128 12 184 13 252 14 105 15 142 16 248 17 346 18 157 19 145 21 128 22 354 23 169 
# 4 214 5 221 6 267 7 484 8 252 9 289 10 276 11 395 12 370 13 304 15 275 16 579 18 190 21 228 23 219 
# 1 111 2 53 3 39 4 91 5 106 6 36 7 26 8 84 9 85 10 91 12 113 13 76 14 60 15 98 17 191 18 92 19 84 21 48 23 58 
# 2 69 3 79 4 90 5 86 6 55 7 67 8 114 9 74 10 122 11 102 12 86 13 110 14 104 15 103 16 97 17 109 18 101 19 105 20 51 21 64 22 57 23 82 
# 1 2 2 2 3 1 4 2 5 8 6 2 7 0 8 2 9 2 10 14 11 2 12 2 13 2 14 2 15 2 16 1 17 3 18 3 19 2 20 2 21 2 22 2 23 2 
# 1 176 2 296 3 256 4 185 5 276 6 256 7 193 8 250 9 160 10 382 11 209 12 189 13 189 14 257 15 191 16 233 17 371 18 266 19 274 20 238 21 244 22 252 23 271 
# 1 93 2 77 3 95 4 112 5 129 6 64 7 94 8 147 9 62 10 137 11 82 12 65 13 95 14 175 15 74 16 193 17 181 18 83 19 131 20 87 21 127 22 70 23 130 
# 1 110 2 261 3 155 4 173 5 109 6 251 7 88 8 169 9 132 10 76 11 142 12 116 13 209 14 125 15 108 16 254 17 230 18 133 19 137 20 247 21 97 22 211 23 193 
# 1 7 2 9 3 7 4 4 5 5 6 23 7 1 8 6 9 8 10 16 11 7 12 5 13 9 14 5 15 8 16 3 17 6 18 6 19 4 20 6 21 6 22 22 23 11 
# 5 182 7 199 11 259 14 313 16 312 18 279 19 244 21 251 
# 1 12 2 55 3 11 4 37 5 12 6 79 8 20 9 16 10 2 11 11 12 16 13 26 14 12 15 12 16 38 17 23 18 14 19 7 20 27 21 14 22 18 23 10 
# 1 133 2 361 3 201 4 171 5 112 6 317 7 112 8 206 9 119 10 41 11 110 12 156 13 201 14 131 15 141 16 271 17 259 18 150 19 135 20 233 21 133 22 180 23 131 
# 1 46 4 62 5 58 6 19 8 70 9 66 10 124 11 54 12 106 13 58 14 52 15 75 16 109 17 95 18 48 20 52 21 50 23 67 
# 1 607 4 497 5 660 8 799 10 887 11 666 13 700 14 759 15 669 16 881 17 631 23 738 
# 1 42 2 96 3 134 4 64 5 66 6 78 7 206 8 46 9 92 10 70 11 118 12 66 13 93 14 145 15 93 16 205 17 79 18 104 19 129 20 76 21 99 22 69 23 127 
# 9 213 10 201 14 366 21 365 22 251 
# 1 11 2 10 3 5 4 13 5 25 6 7 7 2 8 13 9 6 10 37 11 8 12 8 13 7 14 13 15 10 16 11 17 21 18 12 19 8 20 4 21 13 22 3 23 7 
# 1 43 2 138 4 123 5 83 6 126 7 248 8 83 9 98 10 24 11 94 12 92 13 107 15 91 16 147 17 116 18 74 19 71 20 100 21 80 22 43 23 70 
# 1 67 2 183 3 144 4 140 5 116 6 141 8 127 9 127 10 30 11 83 12 129 13 135 14 64 15 111 17 175 18 118 19 107 20 138 21 116 22 93 23 104 
# 1 8 2 15 3 8 4 7 5 7 6 16 8 12 9 9 10 12 11 10 12 6 13 12 14 14 15 7 16 9 17 13 18 8 19 6 20 11 21 7 22 17 23 15 
# 1 66 2 125 3 120 4 72 5 55 6 108 7 27 8 98 9 82 10 79 11 88 12 85 13 117 14 95 15 84 16 96 17 143 18 79 19 76 20 115 21 81 22 147 23 148 
# 1 84 2 127 3 81 4 87 5 84 6 131 7 82 8 103 9 94 10 34 11 60 12 64 13 115 14 127 15 95 16 203 17 105 18 68 19 80 20 89 21 94 22 60 23 62 
# 1 221 2 368 3 309 4 213 5 215 6 297 7 230 8 302 9 223 10 142 11 184 12 200 13 284 14 315 15 225 16 542 17 321 18 213 19 243 20 222 21 304 22 218 23 218 
# 1 63 4 60 6 44 8 47 10 116 11 66 12 87 13 70 14 108 15 92 16 90 17 66 18 113 20 67 21 123 22 97 23 74 
# 11 67 14 109 16 805 17 669 18 298 20 394 21 124 23 646 
# 1 279 2 221 5 361 8 282 10 625 11 431 13 376 14 396 15 390 16 666 17 492 19 489 20 368 21 315 23 587 
# 4 113 5 54 9 65 10 149 11 121 12 89 13 86 15 105 16 101 17 125 18 106 19 118 20 54 21 67 22 85 23 47 
# 1 76 2 112 3 133 4 94 5 57 6 188 7 220 8 130 9 51 10 154 11 103 12 109 13 108 14 117 15 101 16 85 17 140 18 122 19 119 20 61 21 62 22 99 23 44 
# 4 121 6 139 8 89 9 108 10 60 11 144 12 82 13 136 14 196 15 124 16 172 17 166 18 132 19 157 20 99 21 159 22 51 23 108 
# 1 213 4 163 5 213 6 186 8 183 9 180 10 147 11 203 12 161 13 191 14 235 15 176 16 228 17 313 18 277 20 191 21 289 22 151 23 194 
# 1 10 2 27 3 16 4 8 5 13 5 14 6 15 7 81 8 8 9 10 10 7 11 16 12 9 13 8 14 22 15 14 16 18 17 18 18 21 19 21 20 12 21 19 22 7 23 9 
# 1 4 2 7 3 6 4 5 5 10 5 11 6 3 7 48 8 5 9 4 10 3 11 6 12 4 13 5 14 6 15 9 16 5 17 10 18 18 19 13 20 5 21 16 22 4 23 6 
# 1 27 2 38 3 34 4 21 5 20 6 34 8 36 9 33 10 36 11 30 12 21 13 47 14 53 15 29 16 61 17 32 18 16 19 23 20 25 21 41 22 25 23 42 
# 1 55 2 91 3 124 4 61 5 61 6 68 8 88 9 83 10 106 11 87 12 81 13 106 14 111 15 77 16 130 17 115 18 64 19 101 20 90 21 95 22 84 23 139 
# 1 18 2 25 3 19 4 9 5 9 6 12 7 72 8 14 9 13 10 29 11 25 12 17 13 13 14 31 15 13 16 23 17 14 18 10 19 17 20 7 21 17 22 10 23 18 
# 1 5 3 3 4 6 5 6 7 14 8 7 10 18 11 9 12 11 13 6 14 4 15 6 16 4 17 5 18 7 21 8 22 6 23 8 
# 1 94 2 152 3 105 5 31 7 247 8 97 9 112 10 53 11 117 12 98 13 132 14 140 15 64 17 120 18 59 19 88 20 137 21 53 22 174 23 63 
# 1 24 2 46 3 27 4 38 6 84 8 39 9 39 11 31 12 40 13 43 14 20 15 20 16 17 17 41 20 41 22 75 23 16 
# 9 326 10 195 12 226 18 319 21 284 
# 1 77 2 137 3 108 4 122 5 37 6 124 7 239 8 71 9 68 10 27 11 76 12 33 13 100 14 126 15 87 16 210 17 100 19 176 20 170 21 57 22 118 23 106 
# 1 15 2 33 3 22 4 42 5 15 6 35 8 23 9 18 11 13 12 10 13 22 15 21 16 47 17 29 18 23 19 34 20 48 21 15 22 24 
# 1 417 4 554 12 310 15 418 17 202 18 493 19 495 20 428 23 621 
# 4 186 6 157 9 287 10 176 11 261 13 215 17 30 18 140 19 217 21 434 22 370 23 124 
# 4 187 10 177 11 262 17 31 18 141 19 218 22 371 23 125 
# 1 36 3 61 4 20 5 32 6 24 8 15 9 55 10 49 11 41 12 15 13 27 14 103 15 26 16 84 17 22 18 70 19 52 20 22 21 73 22 41 23 32 
# 1 14 2 35 3 25 5 21 7 111 10 25 11 12 15 11 17 11 19 20 22 26 
# 1 30 2 36 3 47 4 26 5 17 6 33 8 37 9 41 10 47 11 39 12 32 13 40 14 65 15 22 16 48 17 24 18 15 19 51 20 33 21 30 22 42 23 19 
# 1 3 2 8 3 15 5 4 7 127 9 7 10 10 11 5 13 4 14 17 15 3 16 13 17 2 18 9 19 10 20 3 21 12 22 8 23 4 
# 1 0 2 0 4 0 5 0 6 0 8 0 9 1 10 0 11 0 12 0 13 0 15 0 17 0 18 1 19 1 20 0 21 1 22 0 23 0 
# 11 162 12 143 16 250 19 213 20 165 22 253 
# 1 83 2 126 3 170 4 70 5 131 6 123 8 85 9 173 10 123 11 171 12 90 13 92 15 128 17 156 18 219 19 198 20 141 21 253 22 195 
# 1 290 3 351 5 252 10 278 11 317 12 211 18 340 19 607 20 323 21 318 22 366 23 315 
# 1 33 2 115 3 82 4 46 5 16 6 53 8 27 9 43 10 31 11 63 12 35 13 25 14 75 15 38 16 62 17 36 18 58 19 185 20 72 21 52 22 92 23 27 
# 2 3 3 2 4 3 5 2 7 62 8 4 9 3 10 5 11 4 13 3 14 3 15 4 17 4 18 11 19 5 21 5 22 5 23 3 
# 6 319 8 270 9 281 10 280 11 335 12 272 13 296 14 395 15 296 16 459 16 460 
# 1 168 2 228 4 248 5 245 6 200 8 203 11 315 12 164 13 283 15 227 17 348 19 529 20 289 22 344 23 264 
# 3 174 4 147 5 130 6 151 7 506 8 204 9 191 10 202 11 201 12 154 13 181 14 276 15 119 16 227 18 105 20 204 21 147 23 149 
# 1 137 3 148 5 120 6 74 7 241 9 133 10 168 11 126 12 125 14 119 17 161 18 114 19 245 21 115 22 186 
# 2 610 5 325 6 454 9 521 18 352 20 552 22 747 23 494 
# 1 87 2 194 3 176 4 119 5 36 6 182 8 110 9 116 10 55 11 137 12 95 13 114 15 85 16 174 16 175 17 211 18 93 19 292 20 156 21 110 21 111 22 217 23 45 
# 1 119 2 209 3 243 4 92 7 412 8 102 10 58 12 74 13 78 15 65 16 119 16 120 18 123 19 338 20 250 21 89 21 90 22 293 23 51 
# 4 250 5 152 6 427 8 267 9 260 10 163 12 208 13 249 14 420 15 185 16 376 18 210 23 180 
# 1 75 3 77 4 76 5 52 9 71 10 54 11 70 12 47 13 50 14 51 15 37 16 58 18 73 20 92 22 78 23 29 
# 9 219 10 138 12 84 17 162 18 276 20 130 
# 4 204 5 243 9 385 10 350 15 224 17 276 18 308 21 469 
# 3 359 5 186 8 261 10 218 11 304 12 279 15 143 16 257 18 281 21 241 23 284 
# 5 187 8 262 10 219 11 305 12 281 18 282 21 821 
# 4 120 5 190 6 263 8 107 10 285 12 107 13 243 15 182 16 337 17 144 23 140 
# 3 50 6 18 10 56 13 17 15 17 17 9 18 78 19 62 21 118 22 82 
# 1 148 4 126 8 191 10 174 12 127 13 230 15 188 17 264 23 121 
# 2 327 4 105 5 205 6 282 8 175 10 160 12 126 13 188 15 174 17 246 19 457 23 122 
# 1 118 4 109 5 161 8 132 11 268 15 171 16 316 17 272 18 254 23 138 
# 1 115 6 432 10 335 15 194 16 196 17 137 18 382 
# 1 57 2 148 5 151 6 218 10 187 15 113 16 123 20 97 21 420 
# 1 149 2 343 13 177 15 167 17 135 20 271 21 350 
# 4 239 10 319 13 321 15 274 16 472 17 281 21 387 
# 1 131 4 144 10 184 16 236 17 209 
# 10 209 13 200 19 563 21 611 22 782 
# 2 75 6 42 7 63 14 197 16 142 17 112 18 142 19 162 20 58 21 68 22 138 
# 1 158 2 76 3 78 4 71 5 139 6 43 7 64 9 113 11 220 13 184 14 198 16 143 17 113 18 143 19 163 20 59 21 69 22 139 23 201 
# 1 230 3 196 5 197 6 243 7 357 9 262 10 183 11 353 12 289 13 354 14 277 15 240 16 391 17 357 18 198 19 283 20 401 21 138 22 281 23 300 
# 3 643 4 667 8 818 11 888 15 734 18 841 19 956 20 834 21 834 22 918 23 817 
# 10 248 12 75 13 172 15 116 16 152 23 101 
# 4 103 5 230 6 117 8 104 9 311 10 263 12 83 14 192 15 120 16 126 17 147 20 383 23 102 
# 8 150 12 157 13 225 15 252 16 234 19 321 20 279 23 196 
