std1-file5 0 134597.750000 2069.010010 171.005455  std1-file3 0 132152.375000 2123.459961 171.005425  std1-file10 0 136714.156250 2120.419922 171.005408  std1-file2 0 127243.968750 2108.300049 171.005465  std1-file11 0 179736.812500 2098.149902 171.005455  std1-file4 0 162486.640625 2098.239990 171.005483  std1-file6 0 108670.671875 2127.850098 171.005357  std1-file8 0 108989.570313 2042.319946 171.005439  std1-file1 0 102325.281250 2121.679932 171.005452  std1-file9 0 104179.046875 2107.439941 171.005491  
std1-file3 0 5458.533203 1087.729980 189.087359  std1-file2 0 6101.719238 1071.410034 189.087489  std1-file4 0 23637.375000 1050.959961 189.087518  
std1-file10 0 32425.992188 2092.600098 94.039368  std1-file4 0 20323.691406 2140.939941 94.039223  std1-file6 0 57246.726563 2052.580078 94.039043  std1-file1 0 42310.820313 2062.989990 94.039316  
std1-file5 0 20444.216797 550.931030 286.102832  std1-file3 0 10406.055664 543.585999 286.103295  std1-file10 0 16409.625000 538.521973 286.103100  std1-file4 0 49354.808594 538.210999 286.103306  std1-file6 0 20848.703125 550.934998 286.102872  std1-file8 0 23979.015625 540.479980 286.103231  std1-file9 0 13183.764648 548.156006 286.103114  
std1-file5 0 8705.924805 919.583984 371.085904  std1-file10 0 5968.033203 906.684021 371.086201  std1-file2 0 2665.705566 931.385986 371.085789  std1-file4 0 16283.451172 907.872009 371.086781  std1-file8 0 6252.116211 917.447998 371.086427  
std1-file5 0 17665.859375 465.243988 251.063296  std1-file4 0 2238.988525 466.115997 251.063333  
std1-file10 0 7964.859863 1601.510010 129.089459  std1-file4 0 8556.991211 1604.839966 129.089412  
std1-file5 0 121816.835938 804.653992 707.220441  std1-file3 0 10389.558594 801.101990 707.221010  std1-file10 0 28192.656250 787.109985 707.221146  std1-file2 0 45473.671875 801.929993 707.220592  std1-file4 0 27523.183594 793.866028 707.220415  std1-file8 0 19487.380859 795.851990 707.220276  std1-file1 0 42233.578125 801.383972 707.220687  std1-file9 0 36857.179688 794.015991 707.220949  
std1-file3 0 1955.726685 705.978027 188.139249  std1-file4 0 4664.691895 698.814026 188.139316  std1-file8 0 3921.677002 696.726013 188.139156  
std1-file5 0 4034175.500000 1770.609985 133.059408  std1-file3 0 2472289.750000 1813.729980 133.059471  std1-file10 0 2872144.000000 1798.959961 133.059467  std1-file2 0 3318968.750000 1767.170044 133.059315  std1-file11 0 1819607.125000 1807.459961 133.059430  std1-file4 0 7511134.000000 1806.030029 133.059491  std1-file6 0 3508882.750000 1773.430054 133.059378  std1-file8 0 1759030.875000 1799.189941 133.059457  std1-file1 0 3345997.000000 1768.400024 133.059345  std1-file9 0 3010471.500000 1769.780029 133.059397  
std1-file5 0 1070432.875000 808.932007 360.149743  std1-file3 0 82648.648438 762.671997 360.150120  std1-file10 0 374020.531250 753.875977 360.149918  std1-file2 0 109773.593750 772.505981 360.149480  std1-file11 0 65292.222656 792.065979 360.149981  std1-file4 0 115894.679688 761.502014 360.150090  std1-file6 0 144591.625000 761.255981 360.149638  std1-file8 0 347211.843750 762.515991 360.150101  std1-file7 0 286101.750000 815.640015 360.149444  std1-file1 0 76678.656250 795.521973 360.149593  std1-file9 0 64739.175781 792.546021 360.149665  
std1-file5 0 5025.584473 355.463989 237.123156  std1-file3 0 5449.147949 346.101013 237.123569  std1-file11 0 1963.719604 348.967010 237.123917  std1-file4 0 11481.553711 352.079987 237.123457  std1-file9 0 5335.166016 356.746002 237.123547  
std1-file10 0 11277.604492 1349.199951 162.045524  std1-file4 0 9026.208984 1348.479980 162.045630  
std1-file5 0 10090335.000000 337.536987 255.110031  std1-file3 0 1877884.375000 331.895996 255.110347  std1-file10 0 1865922.500000 330.708008 255.110102  std1-file2 0 2955535.500000 338.157990 255.110025  std1-file11 0 2191861.750000 336.049988 255.110299  std1-file4 0 2519743.500000 334.613007 255.110321  std1-file6 0 2309139.250000 342.454987 255.109966  std1-file8 0 1851795.500000 334.312012 255.110328  std1-file1 0 2962731.250000 338.045013 255.110049  std1-file9 0 2945342.500000 338.320007 255.110129  
std1-file5 0 69860.726563 903.504028 697.100730  std1-file3 0 6673.720703 891.750000 697.100894  std1-file10 0 19170.392578 880.565979 697.100537  std1-file2 0 21336.964844 899.549988 697.100313  std1-file4 0 252164.953125 877.505981 697.100292  std1-file6 0 31143.236328 890.940002 697.100208  std1-file1 0 20084.939453 908.622009 697.100617  
std1-file5 0 350738.937500 1777.849976 399.144323  std1-file3 0 15947.713867 1810.640015 399.144836  std1-file10 0 338000.625000 1790.459961 399.144385  std1-file4 0 170038.828125 1797.140015 399.144751  std1-file6 0 145857.890625 1769.209961 399.144274  std1-file8 0 7611.106934 1796.449951 399.145011  std1-file9 0 12120.238281 1772.869995 399.144395  
std1-file5 0 320085.312500 1384.209961 162.075784  std1-file3 0 55358.937500 1396.910034 162.075940  std1-file10 0 190221.234375 1389.199951 162.075926  std1-file2 0 102308.156250 1374.579956 162.075671  std1-file11 0 26045.628906 1389.709961 162.075799  std1-file4 0 128983.265625 1391.670044 162.076010  std1-file6 0 127578.148438 1375.369995 162.075768  std1-file8 0 12724.924805 1385.199951 162.075881  std1-file1 0 107283.359375 1375.699951 162.075710  std1-file9 0 105518.109375 1374.819946 162.075804  
std1-file11 0 8450.095703 871.067993 231.011142  std1-file8 0 5774.458008 885.528015 231.011428  
std1-file3 0 2651.491943 775.572021 175.030502  std1-file4 0 2498.672852 732.000000 175.030770  std1-file1 0 2780.707520 765.702026 175.030395  
std1-file3 0 1614.987061 910.968018 271.115998  std1-file10 0 3377.099854 902.333984 271.115808  
std1-file5 0 140342.437500 447.135010 143.031246  std1-file3 0 20539.289063 442.276001 143.031393  std1-file2 0 32403.103516 450.157013 143.031208  std1-file11 0 29159.791016 441.703003 143.031309  std1-file4 0 17998.361328 442.759003 143.031461  std1-file6 0 4684.611816 444.006989 143.031282  std1-file8 0 8394.816406 438.548004 143.031364  std1-file1 0 33241.726563 455.389008 143.031232  std1-file9 0 38676.585938 450.526001 143.031285  
std1-file3 0 2867.752930 495.261993 278.087264  std1-file4 0 16219.012695 485.779999 278.087184  
std1-file5 0 6669.934082 307.287994 377.044968  std1-file2 0 19777.750000 308.308014 377.044597  std1-file6 0 2667.682861 313.822998 377.045459  std1-file1 0 18655.044922 317.579987 377.044720  std1-file9 0 16618.478516 311.218994 377.044859  
std1-file3 0 5764.266602 907.799988 297.138078  std1-file2 0 3985.605225 882.815979 297.137469  std1-file4 0 14395.210938 868.890015 297.138264  std1-file8 0 22107.109375 888.306030 297.137907  std1-file1 0 4374.491211 899.520020 297.137598  std1-file9 0 3741.288818 905.010010 297.137595  
std1-file5 0 412713.750000 463.774994 229.081582  std1-file3 0 487301.218750 456.592987 229.081958  std1-file10 0 256070.718750 458.734009 229.081744  std1-file2 0 226785.359375 471.618011 229.081540  std1-file11 0 220065.250000 462.796997 229.081795  std1-file4 0 691139.750000 455.812988 229.082020  std1-file6 0 590761.187500 467.562988 229.081582  std1-file8 0 1000788.437500 458.242004 229.081848  std1-file1 0 243184.250000 472.308990 229.081570  std1-file9 0 208076.312500 467.630005 229.081649  
std1-file5 0 46297.152344 1589.930054 371.212301  std1-file3 0 1658.791016 1609.380005 371.212713  std1-file10 0 19853.101563 1601.510010 371.212503  std1-file4 0 9477.473633 1603.290039 371.212589  std1-file6 0 10267.971680 1578.910034 371.212308  std1-file9 0 1460.990234 1578.670044 371.211767  
std1-file5 0 2918.875732 318.345001 187.074891  std1-file1 0 4959.152832 312.756012 187.074979  std1-file9 0 6343.300293 312.838989 187.075164  
std1-file5 0 239223.640625 1042.770020 249.106687  std1-file3 0 63126.085938 1050.729980 249.107104  std1-file10 0 58137.812500 1043.380005 249.106784  std1-file2 0 54216.515625 1014.659973 249.107571  std1-file11 0 67346.734375 1046.630005 249.106953  std1-file6 0 12254.201172 1097.849976 249.106658  std1-file8 0 47301.910156 1039.189941 249.107268  std1-file1 0 48054.335938 1015.190002 249.107641  std1-file9 0 40260.074219 1017.520020 249.107695  
std1-file5 0 19726.066406 867.635986 215.064616  std1-file3 0 1744.681152 867.203979 215.065064  std1-file10 0 7238.250488 861.395996 215.064901  std1-file11 0 3061.834961 865.992004 215.064895  
std1-file2 0 2876.090088 574.205017 197.101767  std1-file4 0 6384.180664 559.635010 197.101913  std1-file9 0 3214.495605 559.872009 197.101904  
std1-file5 0 22291.421875 571.234985 126.054741  std1-file3 0 17985.953125 561.953003 126.054871  std1-file10 0 12680.387695 552.947021 126.054807  std1-file11 0 10740.628906 557.130005 126.054761  std1-file4 0 29662.314453 559.635010 126.054900  std1-file8 0 5380.789551 557.304993 126.054807  std1-file1 0 23385.283203 554.890991 126.054758  
std1-file3 0 4219.547363 350.730988 303.134144  std1-file2 0 6547.120605 362.489014 303.133504  std1-file4 0 13360.075195 357.928009 303.133876  std1-file9 0 3996.423828 359.803009 303.133372  
std1-file5 0 2748293.500000 921.041992 330.059378  std1-file3 0 1032275.875000 907.799988 330.059941  std1-file10 0 1627483.250000 902.333984 330.059612  std1-file2 0 1182959.750000 919.187988 330.059290  std1-file11 0 958829.062500 910.296021 330.059777  std1-file4 0 3096379.250000 904.961975 330.059924  std1-file6 0 1205307.000000 921.078003 330.059466  std1-file8 0 1211063.375000 909.132019 330.059868  std1-file7 0 653659.312500 955.901978 330.059206  std1-file1 0 1215673.625000 923.807983 330.059325  std1-file9 0 1099240.875000 921.911987 330.059497  
std1-file5 0 11868.442383 1177.800049 201.086563  std1-file3 0 5512.409180 1192.359985 201.086725  std1-file10 0 4149.332031 1180.900024 201.086741  std1-file11 0 5380.055176 1184.290039 201.086831  std1-file4 0 18767.380859 1173.579956 201.086859  std1-file6 0 11235.020508 1169.079956 201.086654  std1-file8 0 6983.739258 1183.550049 201.086842  std1-file1 0 11730.178711 1180.209961 201.086513  std1-file9 0 11762.582031 1173.670044 201.086581  
std1-file3 0 13066.483398 1178.709961 187.071153  std1-file2 0 11874.614258 1150.670044 187.070849  std1-file4 0 190812.953125 1158.349976 187.071291  std1-file8 0 16807.171875 1157.180054 187.071149  std1-file1 0 13216.772461 1152.280029 187.070822  std1-file9 0 12248.715820 1150.150024 187.070919  
std1-file5 0 62516.503906 424.487000 485.187268  std1-file3 0 24947.042969 414.016998 485.188188  std1-file2 0 44797.339844 426.408997 485.187114  std1-file11 0 4501.996582 419.838013 485.187688  std1-file4 0 36720.265625 416.040985 485.187939  std1-file6 0 17650.437500 424.433014 485.187094  std1-file8 0 22467.373047 414.466003 485.188315  std1-file7 0 219688.640625 358.290985 485.187204  std1-file1 0 32054.470703 420.395996 485.187215  std1-file9 0 24298.996094 424.544006 485.187370  
std1-file3 0 4243.536133 630.005981 165.533221  std1-file4 0 4667.061523 671.124023 165.533283  std1-file9 0 3883.591309 666.443970 165.533149  
std1-file5 0 63836.554688 980.598022 149.031894  std1-file2 0 10108.391602 970.421997 149.031865  std1-file11 0 2703.859863 1012.280029 149.031825  std1-file4 0 9358.289063 956.874023 149.032080  std1-file1 0 8701.299805 975.612000 149.031868  std1-file9 0 10142.719727 977.562012 149.031940  
std1-file5 0 200046.703125 1187.150024 346.040487  std1-file3 0 25613.742188 1187.219971 346.041146  std1-file10 0 77605.250000 1182.369995 346.040848  std1-file2 0 31785.525391 1186.400024 346.040272  std1-file11 0 24551.523438 1212.550049 346.040983  std1-file4 0 93700.953125 1179.609985 346.041115  std1-file6 0 47285.320313 1186.469971 346.040625  std1-file8 0 49812.835938 1225.219971 346.041242  std1-file1 0 36161.406250 1183.459961 346.040325  std1-file9 0 31117.988281 1185.290039 346.040483  
std1-file5 0 1541257.500000 447.135010 227.052191  std1-file3 0 408976.562500 442.276001 227.052576  std1-file10 0 201780.656250 421.410004 227.052469  std1-file2 0 397579.250000 448.612000 227.052230  std1-file11 0 438712.875000 443.355011 227.052486  std1-file4 0 389632.593750 438.380005 227.052614  std1-file6 0 177198.203125 449.942993 227.052151  std1-file8 0 739739.875000 441.375000 227.052460  std1-file1 0 383751.000000 447.634003 227.052258  std1-file9 0 421183.281250 447.371002 227.052373  
std1-file5 0 28183.849609 1425.359985 96.054800  std1-file3 0 10841.731445 1432.619995 96.054888  std1-file10 0 28882.033203 1427.420044 96.054890  std1-file2 0 6265.652344 1436.280029 96.054683  std1-file4 0 53889.890625 1424.420044 96.054922  std1-file6 0 32090.050781 1421.619995 96.054825  std1-file1 0 6517.900391 1419.010010 96.054739  std1-file9 0 9827.576172 1420.869995 96.054791  
std1-file2 0 5887.528320 7.272720 157.133213  std1-file1 0 5978.979980 1.543760 157.133258  
std1-file10 0 11285.057617 832.236023 150.072301  std1-file11 0 5769.283203 838.218018 150.072265  
std1-file5 0 67310.617188 1058.119995 116.033990  std1-file3 0 12563.489258 1059.010010 116.033882  std1-file10 0 16927.250000 1047.719971 116.033910  std1-file2 0 28633.123047 1043.239990 116.033894  std1-file11 0 13964.163086 1057.930054 116.033882  std1-file4 0 61913.156250 1050.959961 116.034156  std1-file6 0 21037.078125 1048.739990 116.033924  std1-file8 0 5646.053711 1061.329956 116.034050  std1-file1 0 35382.574219 1054.810059 116.033929  std1-file9 0 30718.779297 1054.540039 116.033946  
std1-file3 0 2034.135620 1531.750000 115.578447  std1-file4 0 27215.175781 1524.790039 115.578527  std1-file9 0 1577.893799 1502.359985 115.578419  
std1-file5 0 10433.201172 1006.109985 114.054808  std1-file3 0 3851.886230 999.377991 114.054920  std1-file4 0 13147.600586 997.679993 114.054913  
std1-file5 0 62424.222656 1055.030029 135.047808  std1-file3 0 18126.625000 1057.359985 135.047928  std1-file10 0 53585.671875 1054.959961 135.047935  std1-file2 0 24060.078125 1054.060059 135.047764  std1-file11 0 24419.931641 1057.930054 135.047868  std1-file4 0 97587.382813 1049.449951 135.047959  std1-file6 0 49083.128906 1050.180054 135.047850  std1-file8 0 30221.505859 1050.250000 135.047936  std1-file1 0 23623.693359 1053.239990 135.047787  std1-file9 0 22245.529297 1054.540039 135.047857  
std1-file5 0 5445.157715 777.443970 362.085712  std1-file11 0 1829.354004 767.369995 362.085787  
std1-file5 0 4543.024902 1381.180054 182.090488  std1-file6 0 4846.473145 1385.530029 182.090500  
std1-file5 0 13723.187500 1068.800049 377.238877  std1-file10 0 4992.713867 1075.449951 377.239333  std1-file4 0 6000.485352 1056.979980 377.239486  
std1-file5 0 134760.796875 1589.930054 108.576249  std1-file3 0 105960.968750 1611.040039 108.576389  std1-file10 0 444404.593750 1600.060059 108.576348  std1-file2 0 17675.207031 1582.770020 108.576162  std1-file11 0 17259.037109 1604.550049 108.576297  std1-file4 0 501678.718750 1601.739990 108.576365  std1-file6 0 315832.500000 1583.189941 108.576257  std1-file8 0 58004.664063 1597.359985 108.576258  std1-file1 0 16293.338867 1587.369995 108.576172  std1-file9 0 23489.923828 1595.089966 108.576241  
std1-file3 0 32443.771484 561.953003 85.028320  std1-file10 0 17226.648438 555.825012 85.028205  std1-file2 0 142800.296875 587.356995 85.028194  std1-file4 0 76086.546875 556.786011 85.028377  std1-file1 0 155825.312500 582.606995 85.028230  std1-file9 0 156055.187500 587.765015 85.028287  
std1-file5 0 29432.033203 463.774994 775.264413  std1-file3 0 3124.062012 455.031006 775.264428  std1-file2 0 7012.791992 470.084015 775.263578  std1-file9 0 4465.104492 462.976990 775.264493  
std1-file5 0 21249.003906 1094.030029 171.075916  std1-file3 0 36865.105469 1091.180054 171.076191  std1-file10 0 15860.255859 1085.709961 171.076024  std1-file2 0 19936.031250 1081.189941 171.075907  std1-file11 0 8414.850586 1094.030029 171.076046  std1-file4 0 166593.484375 1047.939941 171.076307  std1-file8 0 29621.591797 1079.359985 171.076108  std1-file1 0 22363.851563 1085.359985 171.075926  std1-file9 0 19355.568359 1087.089966 171.076032  
std1-file3 0 1952.833252 1202.650024 258.155992  std1-file11 0 1549.858887 1210.900024 258.156361  
std1-file5 0 344772.093750 626.526001 559.150173  std1-file3 0 58880.628906 622.049988 559.150830  std1-file10 0 77255.328125 605.231995 559.150496  std1-file2 0 89015.429688 614.046021 559.150241  std1-file11 0 74368.828125 618.252014 559.150682  std1-file4 0 52381.671875 617.333984 559.150700  std1-file6 0 40594.738281 613.205994 559.150135  std1-file8 0 61932.015625 612.138000 559.150753  std1-file1 0 74467.882813 613.721985 559.150125  std1-file9 0 85089.046875 616.182007 559.150411  
std1-file5 0 71338.054688 983.627991 167.048201  std1-file3 0 57108.359375 981.023987 167.048617  std1-file10 0 169973.062500 969.906006 167.048507  std1-file2 0 12716.873047 975.168030 167.048159  std1-file11 0 30191.312500 974.052002 167.048417  std1-file4 0 52536.003906 971.880005 167.048473  std1-file6 0 69076.203125 970.205994 167.048229  std1-file8 0 122276.578125 971.442017 167.048415  std1-file7 0 21731.496094 1028.530029 167.048361  std1-file1 0 12151.064453 985.080017 167.048196  std1-file9 0 11185.453125 987.132019 167.048238  
std1-file5 0 32893.062500 1185.589966 647.110019  std1-file3 0 2447.875000 1183.810059 647.110874  std1-file2 0 4895.687988 1186.400024 647.109535  std1-file4 0 42938.917969 1175.079956 647.110284  
std1-file5 0 1483404.500000 463.774994 377.145145  std1-file3 0 675945.500000 455.031006 377.145772  std1-file10 0 267687.687500 457.225006 377.145250  std1-file2 0 960573.937500 468.550995 377.145075  std1-file11 0 297987.000000 453.114990 377.145604  std1-file4 0 1563503.750000 450.007996 377.145684  std1-file6 0 601159.937500 464.628998 377.145050  std1-file8 0 723587.937500 452.627014 377.145691  std1-file1 0 961732.875000 464.618011 377.145130  std1-file9 0 798706.062500 470.734985 377.145245  
std1-file5 0 48847.847656 786.270020 160.107727  std1-file3 0 197054.812500 791.778015 160.107958  std1-file10 0 28188.107422 780.030029 160.107779  std1-file2 0 19610.523438 774.012024 160.107731  std1-file11 0 80202.109375 781.481995 160.107837  std1-file4 0 308984.531250 783.719971 160.107988  std1-file6 0 25684.119141 779.885986 160.107680  std1-file8 0 132787.937500 783.414001 160.107871  std1-file7 0 10862.261719 827.226013 160.107701  std1-file1 0 17891.230469 779.315979 160.107720  std1-file9 0 19621.314453 779.231995 160.107765  
std1-file5 0 17329.000000 838.547974 649.078847  std1-file4 0 39011.316406 842.604004 649.078297  std1-file6 0 5533.344727 846.234009 649.078731  
std1-file5 0 259747.515625 1009.000000 211.037947  std1-file3 0 174328.000000 988.739990 211.038218  std1-file10 0 475014.937500 985.632019 211.038153  std1-file2 0 83581.687500 1007.210022 211.037882  std1-file11 0 164055.656250 990.768005 211.038202  std1-file4 0 367020.343750 987.719971 211.038270  std1-file6 0 413584.843750 998.807983 211.038045  std1-file8 0 394625.218750 988.013977 211.038247  std1-file7 0 21466.669922 991.122009 211.037894  std1-file1 0 63347.160156 1004.719971 211.037912  std1-file9 0 60467.570313 1006.919983 211.037983  
std1-file3 0 1483.860229 1516.420044 217.129363  std1-file4 0 20817.101563 1515.130005 217.129417  std1-file1 0 1352.906738 1495.160034 217.128904  
std1-file10 0 10554.488281 1073.989990 189.076882  std1-file4 0 10119.801758 1060.010010 189.076925  std1-file6 0 9900.157227 1060.250000 189.076886  
std1-file5 0 39193.277344 1030.780029 253.007890  std1-file3 0 2083.296143 1026.859985 253.008079  std1-file10 0 8756.854492 1012.770020 253.008015  
std1-file5 0 17466296.000000 337.536987 233.128216  std1-file3 0 4606176.000000 331.895996 233.128499  std1-file10 0 5221381.500000 330.708008 233.128278  std1-file2 0 7609486.500000 339.683014 233.128175  std1-file11 0 3581781.250000 336.049988 233.128427  std1-file4 0 7511820.000000 339.022003 233.128504  std1-file6 0 7520684.500000 340.973999 233.128173  std1-file8 0 6007172.000000 332.907990 233.128424  std1-file1 0 7908619.500000 338.045013 233.128184  std1-file9 0 7869950.000000 338.320007 233.128335  
std1-file5 0 3173.246582 1605.099976 331.164589  std1-file4 0 1585.049438 1617.310059 331.165313  
std1-file10 0 15837.097656 1143.800049 351.198387  std1-file6 0 9480.545898 1141.449951 351.198105  std1-file9 0 2958.306885 1138.060059 351.198014  
std1-file5 0 5498.147949 1143.479980 150.112073  std1-file3 0 26043.138672 1155.339966 150.112325  std1-file10 0 4629.586914 1148.239990 150.112267  std1-file11 0 26639.984375 1145.920044 150.112246  std1-file4 0 175531.484375 1137.599976 150.112411  std1-file8 0 30511.593750 1139.109985 150.112304  std1-file1 0 1888.684937 1137.130005 150.112136  std1-file9 0 2181.398438 1132.949951 150.112090  
std1-file5 0 80726.585938 407.040985 231.083405  std1-file3 0 13269.805664 390.001007 231.083790  std1-file11 0 11759.838867 392.251007 231.083650  std1-file4 0 26745.968750 382.984985 231.083841  std1-file6 0 5656.338867 400.257996 231.083421  std1-file8 0 14062.377930 384.735992 231.083713  std1-file1 0 10637.295898 400.667999 231.083303  std1-file9 0 11205.135742 401.279999 231.083436  
std1-file5 0 1241615.875000 903.504028 349.053992  std1-file3 0 419869.687500 888.539978 349.054519  std1-file10 0 789071.812500 883.481995 349.054191  std1-file2 0 697308.250000 907.122009 349.053815  std1-file11 0 375802.968750 929.388000 349.054434  std1-file4 0 2952273.500000 878.940002 349.054487  std1-file6 0 1149397.875000 896.676025 349.054038  std1-file8 0 353063.312500 949.271973 349.054510  std1-file7 0 91255.750000 883.343994 349.053850  std1-file1 0 660861.250000 908.622009 349.053875  std1-file9 0 610896.000000 906.552002 349.054010  
std1-file5 0 30874.300781 903.504028 248.031357  std1-file7 0 38110.117188 907.703979 248.031460  
std1-file3 0 2334.714355 1546.989990 156.070991  std1-file2 0 1182.838989 1523.900024 156.070689  std1-file9 0 1811.004883 1515.709961 156.070807  
std1-file5 0 9881.693359 2025.109985 74.533868  std1-file1 0 9878.512695 2053.810059 74.533768  
std1-file2 0 6756.495605 890.502014 190.971148  std1-file4 0 12792.691406 865.997986 190.971572  
std1-file5 0 2193130.000000 1199.430054 258.109747  std1-file3 0 708019.937500 1199.209961 258.110181  std1-file10 0 1587882.125000 1188.229980 258.109958  std1-file2 0 1082928.750000 1187.989990 258.109614  std1-file11 0 504672.531250 1209.260010 258.110124  std1-file4 0 3810017.500000 1184.170044 258.110181  std1-file6 0 1247444.500000 1185.020020 258.109828  std1-file8 0 617820.687500 1215.510010 258.110181  std1-file1 0 1062637.125000 1189.930054 258.109682  std1-file9 0 912272.000000 1193.540039 258.109792  
std1-file3 0 2395.929688 996.335999 360.998734  std1-file2 0 4546.447754 1023.580017 360.997913  std1-file11 0 3833.160400 992.268005 360.998127  std1-file4 0 5033.075195 986.297974 360.998105  std1-file8 0 20144.285156 986.633972 360.998300  
std1-file5 0 12252240.000000 1038.229980 114.066071  std1-file3 0 5824748.000000 1054.040039 114.066179  std1-file10 0 8503391.000000 1043.380005 114.066159  std1-file2 0 6922498.000000 1031.079956 114.066045  std1-file11 0 4814128.500000 1046.630005 114.066125  std1-file4 0 10997532.000000 1020.830017 114.066192  std1-file6 0 8541903.000000 1031.560059 114.066094  std1-file8 0 6473549.500000 1033.660034 114.066167  std1-file1 0 7125373.500000 1037.739990 114.066068  std1-file9 0 7276892.500000 1035.770020 114.066100  
std1-file5 0 5459.909668 2023.660034 114.554745  std1-file3 0 6368.879395 2056.270020 114.554521  std1-file4 0 11306.292969 2047.680054 114.554761  
std1-file5 0 68220.468750 921.041992 659.111761  std1-file3 0 13928.718750 907.799988 659.112091  std1-file10 0 31685.291016 905.231995 659.111843  std1-file2 0 12740.571289 925.271973 659.111096  std1-file11 0 7466.780762 911.874023 659.112260  std1-file4 0 54255.320313 909.330017 659.111713  std1-file8 0 20383.998047 910.518005 659.112215  std1-file7 0 5537.859863 955.901978 659.111906  std1-file1 0 12091.347656 913.164001 659.111586  std1-file9 0 9749.310547 911.153992 659.111852  
std1-file5 0 20666.250000 848.351990 342.069107  std1-file10 0 10193.741211 818.219971 342.068917  std1-file11 0 1283.823364 849.185974 342.069415  std1-file4 0 11589.275391 844.067993 342.069684  std1-file8 0 11574.639648 881.364014 342.069829  
std1-file5 0 4073292.250000 975.989990 177.101981  std1-file3 0 491382.406250 993.299988 177.102074  std1-file10 0 2944733.250000 982.806030 177.102041  std1-file2 0 1444005.875000 965.669983 177.101944  std1-file11 0 895820.562500 984.773987 177.102063  std1-file4 0 464360.312500 946.362000 177.102139  std1-file6 0 2624118.000000 973.091980 177.101998  std1-file8 0 1277487.500000 971.442017 177.102145  std1-file1 0 1468275.250000 969.270020 177.101971  std1-file9 0 1391230.375000 967.890015 177.102023  
std1-file5 0 600258.250000 1027.859985 348.069891  std1-file3 0 91307.445313 1023.479980 348.070475  std1-file10 0 304965.843750 1015.669983 348.070211  std1-file2 0 209499.796875 1034.099976 348.069719  std1-file11 0 96992.648438 1062.819946 348.070335  std1-file4 0 313316.218750 1007.710022 348.070451  std1-file6 0 348817.312500 1015.909973 348.070049  std1-file8 0 79878.562500 1086.310059 348.070486  std1-file7 0 29500.160156 1028.530029 348.069876  std1-file1 0 204909.078125 1031.650024 348.069874  std1-file9 0 197380.234375 1028.099976 348.069975  
std1-file5 0 3863046.500000 983.627991 127.050026  std1-file2 0 2146732.750000 970.421997 127.050009  std1-file4 0 4604959.000000 961.416016 127.050191  std1-file6 0 3031994.500000 981.719971 127.050050  std1-file8 0 2808868.750000 983.880005 127.050167  std1-file1 0 2138209.250000 972.443970 127.050029  
std1-file5 0 7803.404297 429.042999 194.080689  std1-file2 0 5829.746582 432.812988 194.080779  std1-file11 0 5726.009766 426.598999 194.080970  std1-file6 0 13328.555664 436.510986 194.080702  std1-file8 0 4594.880859 431.471985 194.081037  std1-file9 0 5320.903320 437.671997 194.080868  
std1-file5 0 17091138.000000 751.205994 166.086094  std1-file3 0 7916746.000000 753.161987 166.086225  std1-file10 0 10890863.000000 743.765991 166.086174  std1-file2 0 9245226.000000 742.271973 166.086040  std1-file11 0 6659361.000000 749.934021 166.086194  std1-file4 0 14120136.000000 748.403992 166.086252  std1-file6 0 13231864.000000 744.059998 166.086064  std1-file8 0 8445030.000000 747.216003 166.086190  std1-file7 0 7668053.000000 774.588013 166.086082  std1-file1 0 8890080.000000 741.377991 166.086060  std1-file9 0 8731136.000000 744.083984 166.086136  
std1-file5 0 475086.656250 721.013977 465.168673  std1-file3 0 88305.593750 712.500000 465.169451  std1-file10 0 38291.304688 697.739990 465.168902  std1-file2 0 157049.375000 712.757996 465.168570  std1-file11 0 53607.382813 708.666016 465.169243  std1-file4 0 240022.281250 704.700012 465.169466  std1-file6 0 16055.500977 714.960022 465.168559  std1-file8 0 12660.128906 710.771973 465.169437  std1-file7 0 30209.425781 664.601990 465.168422  std1-file1 0 132459.703125 714.750000 465.168626  std1-file9 0 133925.296875 715.614014 465.168710  
std1-file5 0 23785.175781 568.322021 103.038792  std1-file3 0 16648.341797 578.979980 103.038923  std1-file2 0 57004.417969 584.429016 103.038818  std1-file4 0 31300.083984 572.564026 103.038949  std1-file1 0 71901.640625 582.606995 103.038834  std1-file9 0 66546.828125 587.765015 103.038888  
std1-file3 0 6109.340332 1151.750000 228.083980  std1-file2 0 8780.442383 1124.010010 228.083632  std1-file1 0 10057.333984 1127.119995 228.083603  std1-file9 0 10847.556641 1124.410034 228.083655  
std1-file7 0 11573.236328 569.624023 237.156102  std1-file9 0 1469.873413 650.231995 237.156291  
std1-file5 0 18208.873047 343.479004 203.054706  std1-file6 0 15205.607422 345.408997 203.054557  std1-file1 0 8241.969727 347.213013 203.054665  
std1-file3 0 17060.421875 293.856995 357.069255  std1-file10 0 12094.263672 290.725006 357.068738  std1-file2 0 33494.675781 314.700989 357.068468  std1-file4 0 51881.628906 296.748993 357.068838  std1-file8 0 23480.287109 296.100006 357.069261  std1-file1 0 30907.726563 312.756012 357.068526  std1-file9 0 26970.025391 311.218994 357.068427  
std1-file3 0 2259.119629 1398.619995 163.079187  std1-file10 0 8026.004395 1390.670044 163.079175  std1-file11 0 1758.981201 1392.890015 163.079209  std1-file4 0 5980.048340 1391.670044 163.079298  std1-file9 0 4830.277344 1386.319946 163.079020  
std1-file5 0 137503.359375 903.504028 371.035851  std1-file3 0 37536.066406 891.750000 371.036395  std1-file10 0 51354.441406 882.023987 371.036098  std1-file2 0 50005.980469 892.038025 371.035737  std1-file11 0 33618.300781 930.995972 371.036322  std1-file4 0 158548.390625 877.505981 371.036405  std1-file6 0 47998.378906 892.374023 371.035925  std1-file1 0 51616.613281 890.346008 371.035800  std1-file9 0 50417.882813 897.335999 371.035898  
std1-file5 0 1964088.250000 307.287994 355.062920  std1-file3 0 1037588.625000 290.539001 355.063708  std1-file10 0 741155.312500 290.725006 355.063159  std1-file2 0 1858829.500000 314.700989 355.062933  std1-file11 0 569263.062500 298.364014 355.063433  std1-file4 0 2846622.250000 298.263000 355.063614  std1-file6 0 1300759.625000 310.752991 355.062903  std1-file8 0 1310951.250000 296.100006 355.063514  std1-file1 0 1794847.125000 312.756012 355.063009  std1-file9 0 1671547.125000 311.218994 355.063130  
std1-file5 0 9697.053711 2012.020020 115.560382  std1-file10 0 24567.734375 2048.919922 115.560398  std1-file11 0 20658.634766 2030.619995 115.560410  
std1-file5 0 45058.656250 916.674011 172.084877  std1-file3 0 17991.205078 984.143982 172.085025  std1-file2 0 26539.207031 905.616028 172.084911  std1-file6 0 26066.019531 915.323975 172.084949  std1-file1 0 26847.882813 908.622009 172.084912  std1-file9 0 27019.289063 918.828003 172.084929  
std1-file5 0 44062.636719 1138.660034 283.018312  std1-file3 0 10393.676758 1128.430054 283.018829  std1-file10 0 17089.761719 1119.979980 283.018671  std1-file2 0 10177.956055 1109.099976 283.018206  std1-file4 0 73936.117188 1121.810059 283.018868  std1-file1 0 15172.811523 1143.890015 283.018230  std1-file9 0 15935.679688 1127.810059 283.018377  
std1-file5 0 8752750.000000 1068.800049 189.123041  std1-file3 0 2451715.250000 1082.650024 189.123285  std1-file10 0 5075049.000000 1072.540039 189.123230  std1-file2 0 3507782.750000 1060.310059 189.123049  std1-file11 0 2361805.000000 1074.239990 189.123259  std1-file4 0 6583211.000000 1056.979980 189.123322  std1-file6 0 4922558.000000 1066.010010 189.123132  std1-file8 0 2888343.750000 1064.099976 189.123307  std1-file1 0 3611042.500000 1067.439941 189.123070  std1-file9 0 3576098.500000 1062.469971 189.123164  
std1-file5 0 2495707.250000 1425.359985 191.102363  std1-file3 0 829590.250000 1432.619995 191.102575  std1-file10 0 2550670.250000 1425.959961 191.102483  std1-file2 0 315903.875000 1420.400024 191.102232  std1-file11 0 66952.226563 1429.540039 191.102416  std1-file4 0 3410908.500000 1427.489990 191.102574  std1-file6 0 2483231.500000 1412.989990 191.102371  std1-file8 0 98282.320313 1426.569946 191.102459  std1-file1 0 322827.468750 1422.199951 191.102288  std1-file9 0 415287.875000 1420.869995 191.102358  
std1-file4 0 8308.244141 444.212006 124.068373  std1-file8 0 6695.730469 451.223999 124.067696  
std1-file5 0 175549.250000 1058.119995 88.039165  std1-file3 0 38405.105469 1059.010010 88.039282  std1-file10 0 62870.910156 1053.500000 88.039261  std1-file2 0 68988.406250 1052.510010 88.039122  std1-file11 0 53635.738281 1056.310059 88.039271  std1-file4 0 207124.296875 1050.959961 88.039309  std1-file6 0 64039.914063 1050.180054 88.039174  std1-file1 0 74966.234375 1054.810059 88.039150  std1-file9 0 77866.429688 1054.540039 88.039213  
std1-file5 0 95757.726563 751.205994 207.112516  std1-file3 0 47110.300781 753.161987 207.112679  std1-file10 0 90469.984375 743.765991 207.112615  std1-file2 0 27349.972656 740.754028 207.112483  std1-file11 0 32603.558594 749.934021 207.112659  std1-file4 0 113193.804688 746.934021 207.112705  std1-file6 0 72744.492188 744.059998 207.112463  std1-file8 0 57308.042969 749.994019 207.112705  std1-file7 0 24067.343750 771.408020 207.112528  std1-file1 0 27826.609375 745.955994 207.112468  std1-file9 0 24705.378906 739.463989 207.112554  
std1-file5 0 24543.542969 319.951996 169.083669  std1-file2 0 6102.966309 325.837006 169.083612  std1-file6 0 4060.250488 319.960999 169.083489  std1-file1 0 4704.451660 320.824005 169.083609  std1-file9 0 4481.067383 312.838989 169.083716  
std1-file5 0 2934.663818 500.195007 165.075376  std1-file3 0 3482.136230 488.463989 165.075567  std1-file2 0 2991.866455 501.673004 165.075370  std1-file11 0 1999.025635 488.134003 165.075515  std1-file4 0 7655.800293 485.779999 165.075670  std1-file1 0 3523.943848 504.330994 165.075415  
std1-file5 0 814498.500000 1177.800049 142.026191  std1-file3 0 188018.203125 1188.920044 142.026357  std1-file10 0 689883.187500 1172.109985 142.026339  std1-file2 0 266703.031250 1175.099976 142.026097  std1-file11 0 110252.000000 1217.489990 142.026277  std1-file4 0 791782.437500 1167.550049 142.026382  std1-file6 0 731009.125000 1160.380005 142.026227  std1-file8 0 55762.902344 1229.390015 142.026266  std1-file1 0 253945.062500 1180.209961 142.026131  std1-file9 0 258817.296875 1168.660034 142.026199  
std1-file5 0 6948.221680 337.536987 204.101582  std1-file1 0 4188.743164 338.045013 204.101600  
std1-file5 0 323435.562500 1119.589966 155.042395  std1-file3 0 10122.957031 1121.469971 155.042446  std1-file10 0 32120.822266 1117.030029 155.042499  std1-file2 0 76084.414063 1112.390015 155.042278  std1-file11 0 15338.434570 1119.170044 155.042411  std1-file4 0 27570.923828 1112.569946 155.042519  std1-file6 0 14682.688477 1115.300049 155.042341  std1-file1 0 68344.757813 1123.790039 155.042308  std1-file9 0 72211.054688 1112.530029 155.042397  
std1-file5 0 103698.382813 529.835022 153.040376  std1-file3 0 62067.175781 520.572998 153.040569  std1-file10 0 38958.187500 513.370972 153.040493  std1-file2 0 44931.816406 519.120972 153.040366  std1-file11 0 38446.792969 523.879028 153.040452  std1-file4 0 122595.164063 516.005005 153.040622  std1-file6 0 55278.160156 520.044983 153.040306  std1-file8 0 39324.718750 517.838013 153.040480  std1-file1 0 49250.750000 528.080994 153.040398  std1-file9 0 53031.589844 523.757019 153.040446  
std1-file4 0 8991.360352 576.898987 293.063531  std1-file8 0 2714.385742 576.968018 293.063619  
std1-file5 0 8670.109375 630.911987 273.017756  std1-file3 0 7608.637695 617.388000 273.018014  std1-file11 0 7864.967773 616.656006 273.017953  std1-file4 0 15115.761719 608.693970 273.018100  
std1-file5 0 33966.628906 975.989990 353.196721  std1-file2 0 5168.915039 972.012024 353.196592  std1-file1 0 5974.325684 966.065979 353.196432  
std1-file3 0 4327.796387 888.539978 517.037561  std1-file10 0 8534.597656 880.565979 517.037199  std1-file4 0 221245.484375 877.505981 517.037091  
std1-file3 0 2471.401367 1117.939941 164.127951  std1-file11 0 2521.621094 1117.489990 164.127890  std1-file4 0 4977.483887 1101.760010 164.128053  
std1-file3 0 10127.442383 1052.390015 236.076337  std1-file4 0 257474.000000 1034.310059 236.076420  std1-file9 0 11621.964844 1037.310059 236.076130  
std1-file3 0 9072.695313 398.507996 187.057293  std1-file11 0 4312.538574 395.684998 187.057282  std1-file4 0 11517.832031 381.516998 187.057302  std1-file8 0 4835.122070 394.615997 187.057521  std1-file7 0 3107.375488 383.967987 187.057289  
std1-file5 0 3126608.000000 1589.930054 175.118726  std1-file3 0 759233.625000 1611.040039 175.118923  std1-file10 0 2241368.250000 1601.510010 175.118845  std1-file2 0 502142.875000 1584.349976 175.118665  std1-file11 0 105296.898438 1604.550049 175.118821  std1-file4 0 3086754.500000 1601.739990 175.118888  std1-file6 0 1738816.750000 1583.189941 175.118765  std1-file8 0 154294.046875 1601.479980 175.118829  std1-file1 0 497636.187500 1585.760010 175.118697  std1-file9 0 544805.312500 1586.890015 175.118781  
std1-file5 0 5880.264648 1050.410034 161.091653  std1-file3 0 3512.145508 1052.390015 161.091829  std1-file10 0 13984.192383 1049.160034 161.091857  std1-file4 0 14063.810547 1046.439941 161.091881  std1-file6 0 10165.592773 1041.560059 161.091700  std1-file8 0 10883.776367 1046.099976 161.091815  
std1-file3 0 4465.453125 782.184021 198.123486  std1-file4 0 17954.617188 771.875977 198.123571  
std1-file5 0 11312.633789 1347.520020 141.532113  std1-file10 0 21474.521484 1349.199951 141.532292  std1-file4 0 21277.267578 1351.670044 141.532345  
std1-file10 0 2838.508545 1192.630005 280.056296  std1-file1 0 3955.315918 1199.660034 280.055133  
std1-file5 0 574217.500000 1148.170044 198.084563  std1-file3 0 48888.890625 1151.750000 198.084735  std1-file10 0 225941.437500 1143.800049 198.084730  std1-file2 0 204579.671875 1137.339966 198.084539  std1-file11 0 65248.093750 1149.270020 198.084744  std1-file4 0 67818.828125 1142.400024 198.084729  std1-file6 0 150293.125000 1134.180054 198.084596  std1-file8 0 71355.976563 1144.670044 198.084777  std1-file1 0 206950.515625 1140.510010 198.084560  std1-file9 0 198396.750000 1138.060059 198.084639  
std1-file5 0 20069.888672 903.504028 719.082598  std1-file4 0 32467.410156 878.940002 719.082408  std1-file6 0 7948.281250 892.374023 719.082201  std1-file1 0 7678.058594 894.942017 719.082505  std1-file9 0 6893.560547 897.335999 719.082606  
std1-file3 0 17552.916016 1348.780029 384.150141  std1-file2 0 16200.045898 1333.560059 384.149120  std1-file11 0 6912.913574 1340.189941 384.150072  std1-file4 0 102632.164063 1340.449951 384.150056  std1-file6 0 3951.129639 1349.229980 384.149667  std1-file8 0 10224.612305 1330.030029 384.150196  
std1-file5 0 1113177.375000 1168.500000 266.074310  std1-file3 0 230048.953125 1182.109985 266.074755  std1-file10 0 386586.625000 1172.109985 266.074530  std1-file2 0 361933.375000 1158.839966 266.074165  std1-file11 0 166965.750000 1175.949951 266.074642  std1-file4 0 199702.765625 1164.520020 266.074667  std1-file6 0 194952.875000 1154.589966 266.074321  std1-file8 0 222363.734375 1168.280029 266.074696  std1-file1 0 340702.812500 1163.810059 266.074236  std1-file9 0 316231.281250 1158.619995 266.074334  
std1-file5 0 941199.812500 625.056030 291.069509  std1-file3 0 381512.343750 617.388000 291.070010  std1-file10 0 512836.062500 611.033997 291.069710  std1-file2 0 340050.500000 619.986023 291.069559  std1-file11 0 473009.562500 618.252014 291.069897  std1-file4 0 341393.656250 615.893982 291.070099  std1-file6 0 373875.906250 617.513977 291.069524  std1-file8 0 620535.312500 617.729980 291.069911  std1-file1 0 334877.281250 616.697998 291.069606  std1-file9 0 381968.375000 616.182007 291.069733  
std1-file5 0 30370.156250 424.487000 168.076346  std1-file3 0 20397.927734 414.016998 168.076607  std1-file10 0 5784.748535 417.016998 168.076549  std1-file2 0 11056.758789 423.230011 168.076312  std1-file11 0 6348.641113 418.149994 168.076473  std1-file4 0 32591.751953 416.040985 168.076644  std1-file6 0 13884.061523 425.937988 168.076288  std1-file8 0 8098.685059 414.466003 168.076464  std1-file7 0 48644.980469 358.290985 168.076583  std1-file1 0 12902.354492 421.990997 168.076318  std1-file9 0 11440.567383 421.299011 168.076393  
std1-file5 0 13005.007813 1177.800049 305.026743  std1-file10 0 4272.666504 1169.170044 305.027023  
std1-file3 0 1855.851685 1176.979980 289.102715  std1-file4 0 23553.099609 1169.060059 289.102864  
std1-file5 0 22162.843750 466.717010 118.057746  std1-file10 0 3873.868164 463.270996 118.057841  std1-file11 0 3249.329834 418.149994 118.057785  std1-file6 0 11369.425781 461.695007 118.057764  std1-file9 0 16030.041016 470.734985 118.057845  
std1-file5 0 721128.062500 337.536987 465.249513  std1-file3 0 279573.750000 343.026001 465.250125  std1-file2 0 603422.125000 351.852997 465.249276  std1-file11 0 77618.585938 345.773987 465.249954  std1-file4 0 864616.437500 343.376007 465.249938  std1-file6 0 420141.031250 349.839996 465.249239  std1-file8 0 217506.609375 344.102997 465.250044  std1-file1 0 608700.750000 345.691010 465.249341  std1-file9 0 624618.125000 342.950012 465.249505  
std1-file3 0 20913.259766 809.064026 209.103040  std1-file4 0 37287.789063 804.041992 209.103070  std1-file8 0 8057.644043 801.377991 209.102958  std1-file9 0 3339.576416 796.955994 209.103027  
std1-file5 0 87522.757813 844.109985 273.087506  std1-file3 0 22122.980469 833.393982 273.087732  std1-file10 0 47742.273438 829.403992 273.087631  std1-file2 0 23159.134766 842.195984 273.087470  std1-file11 0 27092.320313 835.218018 273.087731  std1-file4 0 24638.761719 826.848022 273.087764  std1-file6 0 30858.583984 829.283997 273.087429  std1-file8 0 41621.472656 830.177979 273.087769  std1-file7 0 27289.193359 865.770020 273.087451  std1-file1 0 19903.658203 838.895996 273.087473  std1-file9 0 21726.445313 836.148010 273.087544  
std1-file5 0 54417.843750 852.677979 347.024524  std1-file3 0 5602.474121 828.995972 347.025358  std1-file10 0 12013.533203 814.049988 347.024902  std1-file2 0 17773.126953 853.901978 347.024443  std1-file11 0 15906.991211 854.124023 347.025016  std1-file4 0 71403.757813 842.604004 347.025201  
std1-file5 0 774426.062500 355.463989 179.081233  std1-file3 0 297017.093750 352.290985 179.081449  std1-file10 0 386063.343750 369.670990 179.081367  std1-file2 0 241389.703125 356.398010 179.081197  std1-file11 0 277136.062500 350.556000 179.081358  std1-file4 0 203969.750000 356.463989 179.081409  std1-file6 0 946727.437500 360.096985 179.081215  std1-file8 0 448383.031250 351.070007 179.081375  std1-file1 0 258563.531250 357.842987 179.081239  std1-file9 0 284952.093750 356.746002 179.081295  
std1-file5 0 225686.500000 1050.410034 74.060014  std1-file3 0 82354.460938 1054.040039 74.060072  std1-file2 0 131357.625000 1052.510010 74.059983  std1-file11 0 97490.695313 1051.469971 74.060067  std1-file4 0 215114.796875 1043.410034 74.060082  std1-file1 0 141536.125000 1051.680054 74.059997  std1-file9 0 142007.484375 1054.540039 74.060020  
std1-file5 0 5990114.500000 355.463989 138.054789  std1-file3 0 1271393.625000 352.290985 138.054932  std1-file10 0 1411433.000000 371.141998 138.054890  std1-file2 0 3331857.250000 356.398010 138.054804  std1-file11 0 1729620.625000 350.556000 138.054859  std1-file4 0 1177734.250000 356.463989 138.054939  std1-file6 0 4718458.000000 357.153992 138.054773  std1-file8 0 1280461.000000 351.070007 138.054881  std1-file1 0 3481649.500000 356.325989 138.054817  std1-file9 0 3485668.250000 356.746002 138.054879  
std1-file5 0 272502.625000 1589.930054 197.100606  std1-file3 0 37324.886719 1614.349976 197.100738  std1-file10 0 204796.375000 1598.599976 197.100758  std1-file2 0 29007.072266 1584.349976 197.100440  std1-file11 0 4976.349609 1604.550049 197.100672  std1-file4 0 126916.609375 1604.839966 197.100780  std1-file6 0 72239.890625 1588.900024 197.100582  std1-file8 0 17322.689453 1604.229980 197.100777  std1-file1 0 27938.261719 1587.369995 197.100462  std1-file9 0 28954.279297 1586.890015 197.100552  
std1-file7 0 7879.924316 367.119995 457.156056  std1-file1 0 3139.902588 467.687012 457.155878  
std1-file5 0 195863.281250 869.142029 325.087409  std1-file3 0 8406.620117 868.908020 325.087880  std1-file10 0 31704.791016 861.395996 325.087655  std1-file11 0 9649.395508 867.690002 325.087485  
std1-file8 0 14951.101563 341.311005 233.089405  std1-file9 0 19224.273438 336.764008 233.089314  
std1-file3 0 309327.718750 915.797974 325.150809  std1-file4 0 1232598.875000 873.210022 325.150763  std1-file8 0 47689.023438 899.424011 325.150746  std1-file9 0 54402.613281 900.419983 325.150255  
std1-file5 0 857483.187500 845.513977 441.133198  std1-file3 0 114589.101563 834.875977 441.133861  std1-file10 0 120885.359375 832.236023 441.133597  std1-file2 0 127013.492188 832.158020 441.133155  std1-file11 0 80404.500000 835.218018 441.133765  std1-file4 0 154234.203125 828.257996 441.133743  std1-file6 0 78854.335938 846.234009 441.133322  std1-file8 0 39141.550781 831.546021 441.134044  std1-file7 0 355520.812500 868.817993 441.133182  std1-file1 0 118085.640625 830.297974 441.133248  std1-file9 0 109308.085938 836.148010 441.133412  
std1-file5 0 126802.921875 1177.800049 164.007970  std1-file3 0 16056.738281 1187.219971 164.008094  std1-file10 0 39499.750000 1173.579956 164.008105  std1-file11 0 17408.535156 1229.109985 164.008040  std1-file4 0 39001.359375 1170.560059 164.008169  std1-file6 0 29398.255859 1161.829956 164.007929  std1-file8 0 15394.672852 1236.310059 164.008048  std1-file1 0 21758.960938 1172.040039 164.007866  std1-file9 0 19352.240234 1170.329956 164.007919  
std1-file5 0 4352.492188 307.287994 297.081771  std1-file2 0 3243.908203 321.100006 297.081870  std1-file1 0 4898.130859 304.654999 297.081872  std1-file9 0 7347.355957 299.437988 297.081929  
std1-file5 0 4029650.250000 842.711975 210.079216  std1-file3 0 1350393.875000 833.393982 210.079442  std1-file10 0 1540797.125000 828.000000 210.079299  std1-file2 0 1580260.875000 832.158020 210.079189  std1-file11 0 1010352.750000 830.789978 210.079383  std1-file4 0 3137348.250000 825.437988 210.079402  std1-file6 0 1096757.000000 832.091980 210.079180  std1-file8 0 1213787.250000 827.435974 210.079391  std1-file7 0 1137624.500000 868.817993 210.079089  std1-file1 0 1495926.625000 831.726013 210.079213  std1-file9 0 1418385.375000 831.828003 210.079255  
std1-file5 0 40819.703125 869.142029 210.015747  std1-file3 0 23263.724609 880.481995 210.015915  std1-file4 0 460931.250000 867.443970 210.016114  std1-file6 0 150653.265625 864.978027 210.015832  std1-file1 0 19752.785156 894.942017 210.015810  
std1-file2 0 7930.991211 308.308014 731.100359  std1-file1 0 4986.143555 317.579987 731.100336  std1-file9 0 4828.435059 311.218994 731.100591  
std1-file5 0 7389217.000000 456.359009 124.039167  std1-file3 0 4211610.500000 448.751007 124.039312  std1-file10 0 1434675.625000 427.273987 124.039278  std1-file2 0 4718499.500000 454.772003 124.039163  std1-file11 0 2439319.000000 453.114990 124.039230  std1-file4 0 5548286.000000 447.109985 124.039324  std1-file6 0 6286897.000000 455.816010 124.039146  std1-file8 0 4988153.000000 448.415009 124.039269  std1-file1 0 4767017.000000 455.389008 124.039180  std1-file9 0 4708188.000000 455.213989 124.039238  
std1-file10 0 1084112.625000 835.080017 146.092325  std1-file4 0 192662.375000 839.693970 146.092327  std1-file8 0 41268.597656 834.294006 146.092247  std1-file7 0 98110.234375 949.205994 146.092160  std1-file9 0 2718.980225 939.065979 146.092080  
std1-file5 0 343620.968750 869.142029 168.989346  std1-file3 0 77203.781250 868.908020 168.989539  std1-file2 0 211492.953125 896.507996 168.989414  std1-file4 0 1715431.000000 867.443970 168.989685  std1-file6 0 591316.812500 864.978027 168.989435  std1-file8 0 6349.988281 928.530029 168.990106  std1-file1 0 216263.140625 885.713989 168.989437  std1-file9 0 198948.250000 883.307983 168.989533  
std1-file5 0 36134.253906 1200.949951 515.212859  std1-file3 0 4160.798828 1199.209961 515.213412  std1-file10 0 25797.285156 1188.229980 515.213005  std1-file2 0 8584.901367 1186.400024 515.212299  std1-file11 0 1761.489136 1209.260010 515.213727  std1-file4 0 87581.734375 1190.280029 515.213285  std1-file8 0 7030.131348 1212.729980 515.213600  std1-file1 0 6645.341797 1186.699951 515.212660  std1-file9 0 6122.939941 1188.589966 515.212653  
std1-file3 0 1774.494751 540.431030 156.065371  std1-file4 0 2888.263916 542.526978 156.065339  
std1-file3 0 2434.738525 407.313995 188.067837  std1-file4 0 5037.457031 413.015015 188.067793  
std1-file5 0 130100.273438 2645.260010 73.586237  std1-file10 0 301857.625000 2709.830078 73.586270  std1-file2 0 11454.911133 2648.300049 73.586187  std1-file6 0 539339.875000 2678.290039 73.586194  std1-file9 0 8513.861328 2669.500000 73.586238  
std1-file5 0 40298.609375 1068.800049 399.220882  std1-file10 0 9538.577148 1071.079956 399.221477  
std1-file5 0 36217.792969 626.526001 332.095852  std1-file3 0 12440.991211 617.388000 332.096441  std1-file10 0 18305.429688 605.231995 332.096160  std1-file11 0 9815.039063 621.437988 332.096273  std1-file4 0 15634.372070 614.453979 332.096481  std1-file8 0 23004.861328 621.924011 332.096448  std1-file1 0 10877.770508 609.245972 332.096009  
std1-file5 0 9203.251953 1039.739990 155.092357  std1-file3 0 5609.782227 1052.390015 155.092520  std1-file10 0 15002.612305 1041.939941 155.092525  std1-file4 0 12611.126953 1020.830017 155.092560  std1-file6 0 8879.232422 1024.439941 155.092458  std1-file8 0 12617.118164 1032.280029 155.092593  
std1-file5 0 4895.934082 410.101990 370.170081  std1-file3 0 3452.898193 378.278015 370.170859  std1-file4 0 12321.917969 387.394989 370.170659  std1-file9 0 7598.325684 391.330994 370.170249  
std1-file5 0 1907341.875000 1119.589966 133.060535  std1-file3 0 653624.250000 1121.469971 133.060698  std1-file10 0 1898695.750000 1114.069946 133.060673  std1-file2 0 755441.937500 1110.750000 133.060499  std1-file11 0 697388.250000 1119.170044 133.060622  std1-file4 0 2002618.875000 1112.569946 133.060716  std1-file6 0 1542786.125000 1112.390015 133.060583  std1-file8 0 1008398.375000 1116.880005 133.060705  std1-file1 0 755524.062500 1112.079956 133.060516  std1-file9 0 723934.562500 1114.219971 133.060579  
std1-file5 0 2337599.750000 1148.170044 176.102662  std1-file3 0 534724.375000 1151.750000 176.102884  std1-file10 0 2279630.250000 1143.800049 176.102848  std1-file2 0 938025.312500 1140.680054 176.102629  std1-file11 0 764799.875000 1149.270020 176.102869  std1-file4 0 1272969.875000 1139.199951 176.102942  std1-file6 0 1951059.625000 1135.640015 176.102764  std1-file8 0 1018796.812500 1143.280029 176.102910  std1-file1 0 916792.937500 1138.819946 176.102662  std1-file9 0 858939.562500 1138.060059 176.102762  
std1-file3 0 2975.283691 1937.410034 276.191754  std1-file4 0 42890.437500 1939.760010 276.191738  
std1-file4 0 2587.865479 490.320007 229.091369  std1-file8 0 7772.516602 455.432007 229.092265  
std1-file5 0 172402.250000 1165.400024 487.177919  std1-file3 0 63516.527344 1182.109985 487.178729  std1-file10 0 178253.750000 1172.109985 487.178301  std1-file2 0 221922.531250 1157.229980 487.177578  std1-file11 0 8823.874023 1172.630005 487.178852  std1-file4 0 1497384.000000 1169.060059 487.178479  std1-file6 0 227227.843750 1164.729980 487.178075  std1-file8 0 16838.119141 1168.280029 487.178970  std1-file1 0 231576.828125 1163.810059 487.177711  std1-file9 0 214045.437500 1160.300049 487.178023  
std1-file5 0 2874224.250000 568.322021 144.065363  std1-file3 0 2577473.750000 561.953003 144.065482  std1-file10 0 3053841.000000 555.825012 144.065442  std1-file2 0 3571816.000000 564.010010 144.065351  std1-file11 0 1830089.250000 547.854004 144.065413  std1-file4 0 4643884.000000 555.362000 144.065513  std1-file6 0 2451395.750000 566.822021 144.065300  std1-file8 0 1641615.750000 558.705017 144.065443  std1-file1 0 3539788.500000 559.252014 144.065372  std1-file9 0 3833303.250000 561.330017 144.065416  
std1-file5 0 20360.396484 949.794006 157.096874  std1-file3 0 15356.353516 948.822021 157.096973  std1-file10 0 45901.945313 942.059998 157.097008  std1-file2 0 8409.852539 939.083984 157.096818  std1-file4 0 54089.882813 932.987976 157.097088  std1-file6 0 23400.148438 939.797974 157.096842  std1-file8 0 44652.871094 943.745972 157.097007  
std1-file5 0 123636.265625 791.963989 173.128217  std1-file3 0 30841.130859 791.778015 173.128293  std1-file10 0 125610.812500 781.445984 173.128289  std1-file2 0 37439.265625 782.921997 173.128145  std1-file11 0 26793.375000 790.559998 173.128279  std1-file4 0 84025.218750 789.528015 173.128368  std1-file6 0 120000.906250 782.723999 173.128162  std1-file8 0 146096.359375 787.559998 173.128322  std1-file7 0 24227.208984 840.581970 173.128132  std1-file1 0 32261.886719 786.726013 173.128140  std1-file9 0 36194.121094 783.702026 173.128198  
std1-file5 0 3301123.500000 821.796021 198.002608  std1-file3 0 865966.500000 820.122009 198.002737  std1-file10 0 1780296.250000 809.862000 198.002630  std1-file2 0 1105165.000000 810.666016 198.002621  std1-file11 0 690463.750000 817.710022 198.002705  std1-file4 0 1179701.375000 815.556030 198.002715  std1-file6 0 1396053.125000 811.062012 198.002557  std1-file8 0 1660046.875000 813.773987 198.002699  std1-file1 0 1055274.500000 813.078003 198.002642  std1-file9 0 1030880.187500 810.216003 198.002663  
std1-file5 0 330838.968750 844.109985 419.151139  std1-file3 0 52397.796875 831.924011 419.151858  std1-file10 0 45941.566406 832.236023 419.151481  std1-file2 0 36682.269531 833.580017 419.150967  std1-file11 0 19122.593750 830.789978 419.151871  std1-file4 0 261466.843750 826.848022 419.151810  std1-file6 0 29709.570313 826.481995 419.151265  std1-file8 0 33775.929688 830.177979 419.151713  std1-file7 0 53371.179688 868.817993 419.151149  std1-file1 0 31143.431641 831.726013 419.151233  std1-file9 0 31871.232422 831.828003 419.151346  
std1-file5 0 85156.882813 867.635986 303.105517  std1-file3 0 1554.141357 867.203979 303.105821  std1-file10 0 20334.138672 861.395996 303.105851  
std1-file5 0 940799.375000 869.142029 174.038327  std1-file3 0 91351.421875 865.494019 174.038547  std1-file10 0 273037.000000 861.395996 174.038505  std1-file2 0 70842.015625 862.895996 174.038258  std1-file11 0 197548.500000 869.382019 174.038511  std1-file4 0 10866.967773 864.546021 174.038590  std1-file6 0 29055.580078 860.640015 174.038266  std1-file8 0 57366.125000 863.322021 174.038468  std1-file1 0 76628.437500 864.090027 174.038283  std1-file9 0 88744.718750 861.443970 174.038351  
std1-file5 0 37884.796875 1033.750000 370.051895  std1-file3 0 5895.129883 1028.560059 370.052401  std1-file4 0 7680.332031 1019.349976 370.052420  
std1-file5 0 11471.970703 463.774994 511.075323  std1-file7 0 25018.595703 367.119995 511.075319  
std1-file10 0 622236.062500 1018.580017 134.081070  std1-file4 0 30318.187500 991.992004 134.080898  std1-file8 0 8789.759766 1011.489990 134.080925  
std1-file5 0 10424769.000000 1770.609985 265.111541  std1-file3 0 3556940.500000 1813.729980 265.111835  std1-file10 0 7655857.500000 1796.130005 265.111597  std1-file2 0 4251126.500000 1767.170044 265.111400  std1-file11 0 3484074.000000 1807.459961 265.111821  std1-file4 0 6951047.500000 1804.550049 265.111802  std1-file6 0 4344222.000000 1766.400024 265.111524  std1-file8 0 5165376.000000 1799.189941 265.111847  std1-file1 0 3916524.000000 1768.400024 265.111466  std1-file9 0 3792455.750000 1763.630005 265.111563  
std1-file5 0 5621.300781 463.774994 270.107950  std1-file3 0 4013.606445 455.031006 270.108119  std1-file10 0 2880.972412 458.734009 270.107918  std1-file4 0 9386.757813 455.812988 270.108247  std1-file6 0 7284.178711 464.628998 270.107949  std1-file8 0 15271.757813 452.627014 270.108263  std1-file1 0 2000.992188 469.225006 270.108071  
std1-file5 0 8374.387695 1050.410034 216.097459  std1-file3 0 126630.500000 1121.469971 216.097859  std1-file10 0 6860.813477 1046.280029 216.097402  std1-file2 0 59867.292969 1102.479980 216.097353  std1-file11 0 4225.707031 1112.479980 216.097669  std1-file4 0 649798.937500 1097.079956 216.097909  std1-file8 0 22990.130859 1105.780029 216.097812  std1-file1 0 60580.460938 1103.709961 216.097414  std1-file9 0 61581.484375 1100.709961 216.097521  
std1-file5 0 996266.562500 1200.949951 537.194424  std1-file3 0 23090.025391 1200.920044 537.195461  std1-file10 0 99179.875000 1191.160034 537.194943  std1-file2 0 141869.531250 1204.089966 537.194023  std1-file4 0 229796.343750 1193.349976 537.194970  std1-file6 0 84782.773438 1201.010010 537.194751  std1-file8 0 8081.770996 1216.900024 537.195970  std1-file1 0 125808.273438 1198.040039 537.194266  std1-file9 0 93247.742188 1195.189941 537.194448  
std1-file5 0 25347.339844 1022.030029 231.025860  std1-file10 0 40668.125000 1009.869995 231.026163  std1-file4 0 14901.392578 961.416016 231.026364  std1-file6 0 44857.925781 1017.330017 231.026013  std1-file8 0 6830.128906 1054.400024 231.026067  
std1-file5 0 21984.154297 1011.880005 191.993320  std1-file2 0 26240.125000 1008.700012 191.993290  std1-file11 0 10185.038086 996.768005 191.993474  std1-file4 0 14388.325195 1000.539978 191.993608  std1-file6 0 6489.593750 1015.909973 191.993358  std1-file8 0 24003.812500 992.142029 191.993504  std1-file7 0 5270.973145 991.122009 191.993363  std1-file1 0 26244.396484 1015.190002 191.993318  
std1-file5 0 84158.648438 2654.449951 210.084810  std1-file10 0 51403.496094 2698.360107 210.084855  std1-file4 0 23143.460938 2750.639893 210.085045  
std1-file2 0 2838.687500 314.700989 199.188997  std1-file4 0 9292.485352 310.157013 199.188735  std1-file1 0 2438.739990 307.923004 199.189086  
std1-file5 0 198893.156250 1770.609985 153.572585  std1-file3 0 135501.062500 1812.189941 153.572686  std1-file10 0 265786.062500 1797.540039 153.572679  std1-file2 0 105966.617188 1761.079956 153.572478  std1-file11 0 88642.507813 1807.459961 153.572602  std1-file4 0 514927.000000 1804.550049 153.572735  std1-file6 0 177453.328125 1773.430054 153.572538  std1-file8 0 130281.312500 1796.449951 153.572635  std1-file1 0 87294.164063 1771.459961 153.572478  std1-file9 0 93493.593750 1772.869995 153.572574  
std1-file5 0 69260.015625 770.112000 343.123036  std1-file3 0 6792.236328 764.250000 343.122816  std1-file10 0 14270.844727 756.786011 343.123207  std1-file2 0 10935.000000 772.505981 343.122727  std1-file11 0 5183.157227 762.575989 343.123207  std1-file6 0 16189.886719 755.526001 343.123047  std1-file8 0 24464.244141 758.333984 343.123542  std1-file1 0 12213.158203 761.135986 343.122523  std1-file9 0 9632.626953 765.515991 343.122593  
std1-file5 0 4931428.000000 816.078003 152.070438  std1-file3 0 1135604.125000 812.286011 152.070529  std1-file10 0 2672503.750000 802.806030 152.070505  std1-file2 0 1557640.125000 804.846008 152.070419  std1-file11 0 1038646.312500 808.835999 152.070486  std1-file4 0 2167984.250000 806.945984 152.070542  std1-file6 0 2162306.000000 803.994019 152.070411  std1-file8 0 2461254.000000 806.903992 152.070511  std1-file1 0 1355942.000000 804.323975 152.070433  std1-file9 0 1328787.375000 804.335999 152.070465  
std1-file2 0 6218.428711 1492.130005 109.068198  std1-file1 0 6731.247559 1498.400024 109.068202  std1-file9 0 7465.809570 1489.040039 109.068281  
std1-file3 0 3268.285156 1180.410034 223.034879  std1-file11 0 3326.189697 1222.459961 223.034721  
std1-file10 0 20237.255859 1791.880005 265.057685  std1-file4 0 6233.886230 1840.719971 265.058113  
std1-file5 0 320073.218750 1527.010010 178.058412  std1-file3 0 15424.586914 1546.989990 178.058506  std1-file10 0 176739.765625 1536.800049 178.058516  std1-file2 0 8243.753906 1519.130005 178.058201  std1-file4 0 90649.929688 1537.619995 178.058571  std1-file6 0 43598.945313 1521.290039 178.058347  std1-file1 0 11125.261719 1529.199951 178.058225  std1-file9 0 8697.504883 1522.329956 178.058285  
std1-file5 0 12121.950195 899.112000 136.091895  std1-file10 0 10628.289063 905.231995 136.092095  
std1-file5 0 13667.367188 900.575989 136.036607  std1-file11 0 7082.709961 907.133972 136.036649  
std1-file5 0 45997.242188 456.359009 165.065516  std1-file3 0 43563.421875 448.751007 165.065718  std1-file10 0 17941.835938 431.658997 165.065685  std1-file2 0 17231.189453 454.772003 165.065542  std1-file11 0 15931.689453 451.498993 165.065608  std1-file4 0 67382.601563 447.109985 165.065760  std1-file6 0 48382.472656 455.816010 165.065455  std1-file8 0 59831.332031 448.415009 165.065668  std1-file1 0 16041.972656 453.846008 165.065531  std1-file9 0 16980.679688 462.976990 165.065565  
std1-file5 0 7649340.000000 749.765991 365.105109  std1-file3 0 1951059.375000 757.937988 365.105656  std1-file10 0 2884960.500000 750.978027 365.105236  std1-file2 0 3844846.750000 758.892029 365.104941  std1-file11 0 2129000.750000 757.817993 365.105590  std1-file4 0 2270430.500000 754.236023 365.105591  std1-file6 0 3043415.000000 755.526001 365.105075  std1-file8 0 1870203.125000 752.771973 365.105661  std1-file7 0 1354448.500000 761.771973 365.104939  std1-file1 0 3497350.250000 756.575989 365.105024  std1-file9 0 3844658.500000 756.330017 365.105112  
std1-file5 0 1453616.125000 983.627991 126.021873  std1-file3 0 520805.750000 979.427979 126.021938  std1-file10 0 1106874.500000 969.906006 126.021915  std1-file2 0 503958.312500 978.330017 126.021810  std1-file11 0 456489.968750 977.166016 126.021909  std1-file4 0 689547.937500 971.880005 126.022020  std1-file6 0 740615.500000 975.978027 126.021842  std1-file8 0 662496.875000 970.056030 126.021920  std1-file7 0 475690.718750 1026.969971 126.021872  std1-file1 0 508785.531250 975.612000 126.021838  std1-file9 0 456299.843750 975.953979 126.021890  
std1-file5 0 13797.925781 1185.589966 669.092376  std1-file10 0 3929.912842 1182.369995 669.093091  std1-file4 0 7896.476074 1181.130005 669.092968  
std1-file5 0 5365.346680 1058.119995 175.070813  std1-file3 0 3113.860840 1060.670044 175.071158  std1-file10 0 14393.224609 1052.050049 175.071108  std1-file4 0 20986.960938 1050.959961 175.071170  std1-file6 0 10495.908203 1041.560059 175.070990  std1-file8 0 9599.005859 1047.489990 175.071151  
std1-file5 0 3594714.250000 626.526001 269.087665  std1-file3 0 3442637.250000 617.388000 269.088075  std1-file10 0 3185594.000000 611.033997 269.087778  std1-file2 0 2761971.000000 619.986023 269.087686  std1-file11 0 1784266.875000 615.059998 269.087992  std1-file4 0 7601657.000000 613.013977 269.088089  std1-file6 0 4056663.750000 616.067993 269.087633  std1-file8 0 4431575.000000 617.729980 269.088038  std1-file1 0 2708771.250000 616.697998 269.087709  std1-file9 0 2646946.500000 617.682007 269.087800  
std1-file5 0 670926.937500 1580.880005 119.081392  std1-file3 0 127021.937500 1597.680054 119.081501  std1-file10 0 985963.437500 1591.310059 119.081485  std1-file2 0 50682.750000 1576.449951 119.081267  std1-file11 0 16062.618164 1592.089966 119.081416  std1-file4 0 457172.218750 1593.949951 119.081505  std1-file6 0 850156.062500 1571.709961 119.081401  std1-file8 0 40130.875000 1589.109985 119.081470  std1-file1 0 47765.425781 1571.209961 119.081286  std1-file9 0 62533.855469 1572.050049 119.081352  
std1-file5 0 546790.250000 1127.359985 102.054778  std1-file3 0 217277.031250 1148.160034 102.054852  std1-file10 0 378752.750000 1137.859985 102.054890  std1-file2 0 260112.875000 1122.349976 102.054746  std1-file11 0 216679.390625 1137.550049 102.054779  std1-file4 0 439246.375000 1121.810059 102.054934  std1-file6 0 534847.250000 1125.489990 102.054870  std1-file8 0 288632.843750 1132.150024 102.054935  std1-file1 0 294481.187500 1128.800049 102.054768  std1-file9 0 302949.812500 1121.000000 102.054805  
std1-file5 0 43247.253906 597.750977 136.530393  std1-file10 0 15913.415039 603.780029 136.530507  std1-file2 0 10700.534180 594.713013 136.530400  std1-file11 0 15565.651367 588.992981 136.530473  std1-file6 0 32745.248047 592.846985 136.530382  std1-file8 0 24063.003906 592.466003 136.530496  std1-file9 0 14754.932617 584.812012 136.530495  
std1-file5 0 379424.625000 1044.290039 136.047947  std1-file3 0 144862.640625 1055.709961 136.048071  std1-file10 0 141482.234375 1041.939941 136.048010  std1-file11 0 153445.062500 1046.630005 136.048008  std1-file4 0 26702.140625 1026.770020 136.048050  std1-file6 0 58645.125000 1113.849976 136.047854  std1-file8 0 201793.062500 1040.569946 136.048046  std1-file9 0 40215.449219 1082.079956 136.047891  
std1-file5 0 506244.437500 353.989014 167.033625  std1-file3 0 584529.000000 344.563995 167.033864  std1-file10 0 201505.453125 372.613007 167.033732  std1-file2 0 375943.093750 357.912994 167.033660  std1-file11 0 300334.312500 350.556000 167.033762  std1-file4 0 842247.000000 349.170990 167.033851  std1-file6 0 838989.875000 360.096985 167.033626  std1-file8 0 700639.500000 345.497009 167.033811  std1-file1 0 383550.125000 357.842987 167.033675  std1-file9 0 379042.656250 356.746002 167.033743  
std1-file5 0 832265.750000 336.074005 165.054440  std1-file3 0 264877.406250 331.895996 165.054608  std1-file10 0 80846.406250 333.705994 165.054451  std1-file2 0 728096.375000 336.628998 165.054428  std1-file11 0 278469.656250 332.742004 165.054532  std1-file4 0 716953.250000 333.114014 165.054619  std1-file6 0 224729.765625 336.524994 165.054349  std1-file8 0 34610.238281 339.914001 165.054471  std1-file1 0 766194.000000 339.582001 165.054440  std1-file9 0 775217.125000 338.320007 165.054536  
std1-file5 0 11522.037109 823.223999 239.028949  std1-file10 0 12034.187500 812.651978 239.028994  
std1-file3 0 2390.135742 1142.699951 276.118932  std1-file4 0 43633.851563 1121.810059 276.119002  std1-file1 0 1401.413086 1130.459961 276.118558  
std1-file5 0 6946691.000000 888.815979 118.086087  std1-file3 0 2951643.500000 890.148010 118.086212  std1-file10 0 5477391.000000 883.481995 118.086172  std1-file2 0 1979125.625000 893.562012 118.086049  std1-file11 0 2928585.000000 892.668030 118.086133  std1-file4 0 2498241.500000 867.443970 118.086223  std1-file6 0 4060460.750000 882.323975 118.086091  std1-file8 0 4251941.500000 879.971985 118.086184  std1-file1 0 2122830.750000 893.411987 118.086066  std1-file9 0 2183903.750000 891.138000 118.086125  
std1-file5 0 1696881.625000 842.711975 232.061121  std1-file3 0 446143.312500 834.875977 232.061382  std1-file10 0 864658.437500 835.080017 232.061226  std1-file2 0 531179.062500 832.158020 232.061095  std1-file11 0 719380.500000 836.711975 232.061356  std1-file4 0 417644.687500 825.437988 232.061357  std1-file6 0 610537.125000 825.083984 232.061121  std1-file8 0 614451.687500 830.177979 232.061337  std1-file7 0 648982.250000 865.770020 232.061064  std1-file1 0 543529.312500 841.776001 232.061098  std1-file9 0 587029.250000 836.148010 232.061208  
std1-file5 0 8977.036133 1011.880005 170.041881  std1-file11 0 5669.435059 984.773987 170.042376  
std1-file5 0 7118.066406 903.504028 158.043357  std1-file3 0 2362.634033 915.797974 158.043631  std1-file11 0 4930.749512 907.133972 158.043494  std1-file4 0 3146.214600 880.367981 158.043483  std1-file1 0 2733.531982 885.713989 158.043322  
std1-file2 0 318714.843750 7.272720 75.080378  std1-file4 0 35266.406250 22.690100 75.080460  std1-file1 0 570343.000000 11.758100 75.080399  
std1-file11 0 2913.864014 980.226013 189.030317  std1-file8 0 8709.101563 968.669983 189.030313  
std1-file5 0 11818.245117 995.711975 224.076186  std1-file11 0 9147.685547 946.877991 224.076417  std1-file8 0 18120.525391 946.512024 224.076442  std1-file7 0 14630.953125 1036.310059 224.076346  std1-file9 0 4467.415039 987.132019 224.076226  
std1-file5 0 951135.062500 1168.500000 509.159915  std1-file3 0 84776.695313 1180.410034 509.160815  std1-file10 0 148079.500000 1172.109985 509.160301  std1-file2 0 275379.281250 1157.229980 509.159551  std1-file11 0 10701.119141 1172.630005 509.160891  std1-file4 0 53320.417969 1169.060059 509.160567  std1-file6 0 79127.984375 1157.479980 509.160025  std1-file8 0 8664.896484 1168.280029 509.160647  std1-file1 0 290128.968750 1163.810059 509.159725  std1-file9 0 224153.046875 1160.300049 509.159920  
std1-file2 0 2709.375000 1191.180054 258.058640  std1-file4 0 10396.635742 1187.219971 258.058809  
std1-file3 0 12469.888672 909.383972 177.088133  std1-file10 0 33586.593750 900.893982 177.088095  std1-file11 0 9080.252930 911.874023 177.088005  std1-file4 0 17061.234375 887.562012 177.087909  std1-file6 0 14493.647461 893.814026 177.087801  std1-file8 0 26868.105469 900.809998 177.088056  std1-file1 0 4604.978027 985.080017 177.088725  
std1-file3 0 2892.894287 1531.750000 95.065244  std1-file4 0 35188.460938 1523.180054 95.065259  std1-file9 0 4000.522949 1514.050049 95.065142  
std1-file5 0 77245.187500 1589.930054 349.230220  std1-file3 0 2606.489746 1609.380005 349.230719  std1-file10 0 46145.910156 1597.150024 349.230356  std1-file4 0 43166.156250 1603.290039 349.230640  std1-file6 0 20595.699219 1584.619995 349.230230  
std1-file5 0 14237.600586 2645.260010 168.146753  std1-file10 0 7489.264160 2717.000000 168.146827  
std1-file5 0 37734.191406 1350.560059 263.012520  std1-file3 0 2081.842529 1350.489990 263.012943  
std1-file4 0 11784.334961 833.921997 141.065703  std1-file8 0 11203.468750 832.919983 141.065638  
std1-file5 0 19814.658203 620.609985 351.125550  std1-file3 0 9545.336914 609.510010 351.126219  std1-file11 0 6084.501953 611.874023 351.126010  std1-file6 0 7663.067871 611.760010 351.125811  
std1-file5 0 1659617.125000 466.717010 291.104589  std1-file3 0 157329.687500 505.447998 291.105005  std1-file2 0 385054.656250 517.556030 291.104476  std1-file11 0 167212.671875 462.796997 291.104886  std1-file4 0 317079.750000 503.936005 291.105030  std1-file6 0 408361.875000 469.040985 291.104557  std1-file8 0 160347.031250 458.242004 291.104891  std1-file1 0 383592.812500 520.247009 291.104575  std1-file9 0 384903.906250 509.411987 291.104689  
std1-file2 0 4616.137207 357.912994 138.089016  std1-file9 0 4114.960449 358.274994 138.089184  
std1-file5 0 84804.914063 988.133972 148.003565  std1-file3 0 35902.515625 977.807983 148.003738  std1-file10 0 29206.919922 969.906006 148.003682  std1-file2 0 42190.359375 972.012024 148.003516  std1-file11 0 42397.019531 969.263977 148.003635  std1-file4 0 35627.988281 964.427979 148.003719  std1-file6 0 23300.519531 978.851990 148.003535  std1-file8 0 51115.058594 974.208008 148.003697  std1-file7 0 20248.031250 1028.530029 148.003693  std1-file1 0 46637.585938 978.768005 148.003533  std1-file9 0 49727.449219 974.346008 148.003621  
std1-file5 0 28197.435547 2017.849976 131.022151  std1-file3 0 15435.952148 2074.570068 131.022160  std1-file2 0 24078.222656 2057.850098 131.022110  std1-file4 0 29903.533203 2049.169922 131.022168  std1-file1 0 15916.059570 2052.300049 131.022132  
std1-file5 0 23919.984375 1605.099976 169.094341  std1-file4 0 6400.977539 1622.010010 169.094608  
std1-file2 0 3142.389893 96.656403 122.550303  std1-file9 0 4878.104980 97.170601 122.550230  
std1-file5 0 3151.821289 422.997986 73.028312  std1-file3 0 4851.191406 453.470001 73.028448  std1-file4 0 9634.959961 454.359985 73.028445  std1-file9 0 7250.698730 464.528992 73.028390  
std1-file5 0 1858155.125000 1527.010010 156.076543  std1-file3 0 314252.437500 1543.619995 156.076747  std1-file10 0 1683174.625000 1536.800049 156.076688  std1-file2 0 205004.093750 1517.530029 156.076463  std1-file11 0 87781.968750 1537.239990 156.076612  std1-file4 0 1161887.750000 1539.209961 156.076732  std1-file6 0 1399956.375000 1518.410034 156.076589  std1-file8 0 107070.687500 1535.439941 156.076635  std1-file1 0 276402.875000 1525.969971 156.076502  std1-file9 0 256599.234375 1522.329956 156.076594  
std1-file5 0 12076275.000000 791.963989 263.073458  std1-file3 0 1279915.000000 787.049988 263.073732  std1-file10 0 1963800.875000 777.179993 263.073522  std1-file2 0 2418435.500000 782.921997 263.073406  std1-file11 0 2606452.250000 784.523987 263.073711  std1-file4 0 1286224.750000 780.791992 263.073726  std1-file6 0 2020410.500000 782.723999 263.073422  std1-file8 0 1916483.750000 783.414001 263.073775  std1-file1 0 2236293.750000 820.302002 263.073527  std1-file9 0 2438011.000000 786.666016 263.073468  
std1-file5 0 2013823.875000 1196.410034 280.091604  std1-file3 0 394872.531250 1199.209961 280.092120  std1-file10 0 845639.875000 1188.229980 280.091884  std1-file2 0 833302.437500 1187.989990 280.091441  std1-file11 0 286582.750000 1212.550049 280.091988  std1-file4 0 1486406.375000 1190.280029 280.092089  std1-file6 0 527438.812500 1185.020020 280.091703  std1-file8 0 354233.812500 1215.510010 280.092061  std1-file1 0 832643.000000 1193.170044 280.091513  std1-file9 0 724682.312500 1195.189941 280.091651  
std1-file5 0 6218.788574 569.778992 159.533060  std1-file3 0 6797.852051 577.395996 159.533192  
std1-file5 0 573473.000000 837.161987 325.042725  std1-file3 0 168476.812500 826.073975 325.043139  std1-file10 0 244134.765625 815.442017 325.042913  std1-file2 0 269235.281250 858.383972 325.042538  std1-file11 0 164269.843750 850.806030 325.043126  std1-file4 0 1213028.000000 842.604004 325.043198  std1-file6 0 360815.218750 837.726013 325.042760  std1-file8 0 96506.148438 866.093994 325.043266  std1-file1 0 261950.437500 852.041992 325.042662  std1-file9 0 208420.375000 852.317993 325.042795  
std1-file5 0 3604425.000000 1024.939941 148.060186  std1-file3 0 1075184.750000 1028.560059 148.060353  std1-file10 0 2714466.250000 1021.479980 148.060321  std1-file2 0 1192002.375000 1029.560059 148.060174  std1-file11 0 1152654.875000 1027.079956 148.060270  std1-file4 0 2605550.000000 1016.419983 148.060352  std1-file6 0 2486584.750000 1015.909973 148.060237  std1-file8 0 1540994.125000 1022.590027 148.060335  std1-file1 0 1334093.500000 1018.179993 148.060196  std1-file9 0 1285471.500000 1022.049988 148.060261  
std1-file5 0 1020753.687500 626.526001 537.168468  std1-file3 0 598852.562500 617.388000 537.169111  std1-file10 0 306755.062500 611.033997 537.168650  std1-file2 0 688885.125000 615.528015 537.168385  std1-file11 0 163456.859375 618.252014 537.169001  std1-file4 0 1585131.375000 613.013977 537.169025  std1-file6 0 346114.281250 617.513977 537.168300  std1-file8 0 291920.687500 617.729980 537.169123  std1-file1 0 700339.500000 621.192017 537.168422  std1-file9 0 702717.500000 616.182007 537.168592  
std1-file5 0 991850.375000 1010.440002 339.015865  std1-file3 0 222541.468750 991.781982 339.016407  std1-file10 0 600556.187500 988.458008 339.016158  std1-file2 0 352209.625000 1007.210022 339.015731  std1-file11 0 289395.187500 993.768005 339.016356  std1-file4 0 905524.750000 990.570007 339.016443  std1-file6 0 379580.343750 1005.929993 339.016007  std1-file8 0 397835.093750 986.633972 339.016442  std1-file7 0 63851.890625 991.122009 339.015763  std1-file1 0 324257.562500 997.242004 339.015786  std1-file9 0 275524.968750 1005.400024 339.015977  
std1-file11 0 20955.765625 940.536011 170.066851  std1-file1 0 2920.981689 1006.219971 170.067588  std1-file9 0 31811.888672 925.007996 170.066900  
std1-file5 0 803661.062500 463.774994 399.126975  std1-file3 0 100126.843750 455.031006 399.127669  std1-file10 0 37496.218750 446.614990 399.127325  std1-file2 0 145003.859375 468.550995 399.126896  std1-file11 0 66460.132813 456.347992 399.127505  std1-file4 0 89941.398438 455.812988 399.127728  std1-file6 0 103151.148438 469.040985 399.126977  std1-file8 0 110232.007813 452.627014 399.127620  std1-file1 0 147779.671875 467.687012 399.126951  std1-file9 0 138227.453125 470.734985 399.127175  
std1-file5 0 136084.734375 1425.359985 116.568051  std1-file3 0 80172.882813 1434.290039 116.568158  std1-file10 0 319010.187500 1424.510010 116.568154  std1-file2 0 13304.989258 1425.160034 116.567942  std1-file11 0 6755.654785 1427.949951 116.568090  std1-file4 0 378394.687500 1427.489990 116.568208  std1-file6 0 310986.875000 1417.300049 116.568064  std1-file8 0 14122.614258 1421.050049 116.568159  std1-file1 0 14392.387695 1427.020020 116.567965  std1-file9 0 22574.041016 1419.219971 116.568031  
std1-file5 0 462543.781250 1425.359985 213.084230  std1-file3 0 69850.289063 1434.290039 213.084449  std1-file10 0 267243.375000 1425.959961 213.084397  std1-file2 0 15609.231445 1420.400024 213.083975  std1-file11 0 4628.070313 1424.770020 213.084250  std1-file4 0 324564.593750 1427.489990 213.084520  std1-file6 0 88527.781250 1412.989990 213.084203  std1-file8 0 8177.879395 1427.949951 213.084478  std1-file1 0 16200.963867 1425.400024 213.084039  std1-file9 0 21065.675781 1419.219971 213.084139  
std1-file5 0 3627.553223 562.513977 210.075784  std1-file3 0 2790.326416 560.432983 210.076122  std1-file11 0 2487.025635 557.130005 210.075924  
std1-file3 0 20292.939453 794.880005 344.131688  std1-file4 0 53802.488281 792.419983 344.131701  
std1-file5 0 86817.781250 348.062012 109.075938  std1-file3 0 18628.867188 343.026001 109.076091  std1-file10 0 7249.761230 368.191986 109.075997  std1-file2 0 48141.382813 348.816986 109.075912  std1-file11 0 18687.443359 344.167999 109.076059  std1-file4 0 35777.035156 349.170990 109.076081  std1-file6 0 29098.505859 352.768005 109.075910  std1-file8 0 9659.688477 344.102997 109.075944  std1-file1 0 54219.816406 353.295990 109.075923  std1-file9 0 46674.558594 347.566986 109.075965  
std1-file5 0 2874552.750000 2645.260010 146.165022  std1-file3 0 46631.984375 2734.600098 146.164997  std1-file10 0 2414427.000000 2709.830078 146.165056  std1-file2 0 148354.437500 2657.439941 146.164855  std1-file11 0 29868.828125 2750.489990 146.164985  std1-file4 0 1619421.375000 2746.060059 146.165161  std1-file6 0 1597520.625000 2678.290039 146.164907  std1-file8 0 12134.732422 2699.830078 146.164973  std1-file1 0 123403.593750 2658.080078 146.164875  std1-file9 0 128713.882813 2655.560059 146.164985  
std1-file5 0 541133.437500 1776.400024 200.075701  std1-file3 0 116251.718750 1802.859985 200.075814  std1-file10 0 899258.437500 1793.300049 200.075810  std1-file2 0 51213.406250 1773.229980 200.075530  std1-file11 0 13325.386719 1798.489990 200.075713  std1-file4 0 678968.000000 1797.140015 200.075887  std1-file6 0 1324581.625000 1772.030029 200.075719  std1-file8 0 17135.562500 1793.719971 200.075783  std1-file1 0 42678.710938 1773.000000 200.075551  std1-file9 0 52679.207031 1769.780029 200.075646  
std1-file5 0 1623698.500000 867.635986 152.056416  std1-file3 0 341753.812500 868.908020 152.056617  std1-file10 0 1147047.500000 862.872009 152.056556  std1-file2 0 292840.156250 865.926025 152.056392  std1-file11 0 412191.437500 869.382019 152.056521  std1-file4 0 181889.781250 864.546021 152.056640  std1-file6 0 488184.343750 864.978027 152.056447  std1-file8 0 537519.812500 868.872009 152.056571  std1-file1 0 303875.281250 862.572021 152.056422  std1-file9 0 300150.718750 862.973999 152.056458  
std1-file5 0 117512.359375 988.133972 251.036172  std1-file3 0 18214.228516 977.807983 251.036425  std1-file10 0 67622.039063 969.906006 251.036362  std1-file2 0 15657.196289 973.596008 251.035975  std1-file11 0 9755.381836 975.617981 251.036393  std1-file4 0 25442.488281 973.343994 251.036466  std1-file6 0 22175.525391 975.978027 251.036184  std1-file8 0 24090.808594 972.828003 251.036478  std1-file7 0 14233.201172 1028.530029 251.036073  std1-file1 0 13843.496094 972.443970 251.036076  std1-file9 0 11933.869141 974.346008 251.036202  
std1-file3 0 4703.652832 770.645996 198.112344  std1-file4 0 10903.166992 765.918030 198.112405  std1-file7 0 2083.200928 763.385986 198.112151  
std1-file5 0 102433.718750 1425.359985 137.081294  std1-file3 0 68733.570313 1432.619995 137.081449  std1-file10 0 373668.062500 1427.420044 137.081442  std1-file11 0 5403.141602 1432.719971 137.081302  std1-file4 0 383010.062500 1427.489990 137.081477  std1-file8 0 23796.925781 1432.089966 137.081443  std1-file9 0 10504.668945 1420.869995 137.081264  
std1-file5 0 9371853.000000 799.002014 205.096893  std1-file3 0 1314508.125000 796.434021 205.097095  std1-file10 0 6778014.500000 787.109985 205.097007  std1-file2 0 3836633.750000 788.789978 205.096871  std1-file11 0 1710852.500000 792.065979 205.097059  std1-file4 0 2629572.500000 790.973999 205.097101  std1-file6 0 5589971.500000 786.978027 205.096919  std1-file8 0 3115751.500000 790.325989 205.097145  std1-file1 0 3619928.500000 786.726013 205.096894  std1-file9 0 3434698.750000 789.612000 205.096933  
std1-file5 0 11088355.000000 793.374023 132.101788  std1-file3 0 3578135.500000 791.778015 132.101855  std1-file10 0 8709418.000000 780.030029 132.101831  std1-file2 0 5753966.000000 782.921997 132.101754  std1-file11 0 3197594.500000 789.047974 132.101797  std1-file4 0 6561318.000000 785.177979 132.101881  std1-file6 0 9668475.000000 781.307983 132.101742  std1-file8 0 8432406.000000 786.179993 132.101847  std1-file7 0 5204136.500000 840.581970 132.101780  std1-file1 0 5921166.000000 783.773987 132.101770  std1-file9 0 6075652.500000 783.702026 132.101793  
std1-file5 0 4129.459961 529.835022 194.066866  std1-file3 0 6378.038574 518.898987 194.067093  std1-file10 0 6782.602051 516.372009 194.066964  std1-file11 0 2895.123291 523.879028 194.067009  std1-file4 0 12481.429688 516.005005 194.067192  std1-file6 0 6927.252930 521.546021 194.066752  std1-file8 0 10194.201172 520.676025 194.067049  
std1-file5 0 43318.800781 450.270996 175.023357  std1-file3 0 38553.125000 433.894989 175.023577  std1-file10 0 4697.208984 414.079010 175.023432  std1-file2 0 35130.109375 443.931000 175.023355  std1-file11 0 30920.996094 433.321014 175.023472  std1-file4 0 105365.078125 431.019012 175.023637  std1-file6 0 23953.908203 441.028015 175.023242  std1-file8 0 3410.272949 435.718994 175.023426  std1-file1 0 38867.765625 442.891998 175.023395  std1-file9 0 39547.218750 445.777008 175.023416  
std1-file5 0 8620.809570 919.583984 681.093195  std1-file10 0 3672.524414 899.447998 681.094455  std1-file11 0 2455.228516 910.296021 681.093511  
std1-file5 0 40534.609375 1177.800049 283.044907  std1-file3 0 2514.399414 1187.219971 283.045495  std1-file10 0 17859.017578 1170.650024 283.045172  std1-file2 0 3869.967773 1173.469971 283.044704  std1-file4 0 22785.195313 1172.069946 283.045361  std1-file6 0 14147.419922 1174.890015 283.044960  std1-file9 0 4433.716309 1175.329956 283.044978  
std1-file5 0 126531.101563 1589.930054 88.063013  std1-file3 0 76779.125000 1609.380005 88.063139  std1-file10 0 186806.156250 1600.060059 88.063093  std1-file2 0 30571.320313 1582.770020 88.062950  std1-file11 0 14714.579102 1604.550049 88.063140  std1-file4 0 310370.312500 1604.839966 88.063128  std1-file6 0 193759.078125 1588.900024 88.063017  std1-file8 0 20875.191406 1594.609985 88.063120  std1-file1 0 34165.339844 1587.369995 88.062970  std1-file9 0 37175.914063 1580.310059 88.063038  
std1-file5 0 37857.539063 1009.000000 187.037954  std1-file10 0 35003.613281 984.221985 187.038106  std1-file11 0 3723.185303 990.768005 187.038103  std1-file4 0 13274.546875 986.297974 187.038294  std1-file8 0 97611.882813 988.013977 187.038160  std1-file7 0 22681.912109 994.307983 187.037955  std1-file1 0 6052.955566 1021.150024 187.038010  std1-file9 0 4870.572266 1003.880005 187.038056  
std1-file5 0 7237717.500000 903.504028 136.061644  std1-file3 0 3730082.250000 910.968018 136.061761  std1-file10 0 6633999.500000 899.447998 136.061726  std1-file2 0 2633905.000000 893.562012 136.061601  std1-file11 0 3580230.750000 910.296021 136.061684  std1-file4 0 3293931.000000 893.357971 136.061805  std1-file6 0 3471986.000000 896.676025 136.061644  std1-file8 0 3976346.750000 900.809998 136.061754  std1-file1 0 2821307.250000 896.471985 136.061624  std1-file9 0 2740162.500000 894.234009 136.061691  
std1-file5 0 368453.812500 906.426025 148.096564  std1-file3 0 161491.265625 915.797974 148.096700  std1-file10 0 464543.031250 909.588013 148.096659  std1-file2 0 102208.007813 896.507996 148.096494  std1-file11 0 232101.031250 910.296021 148.096626  std1-file4 0 100016.375000 871.776001 148.096728  std1-file6 0 173306.156250 898.104004 148.096540  std1-file8 0 307036.562500 892.476013 148.096673  std1-file1 0 113961.726563 896.471985 148.096525  std1-file9 0 121347.523438 895.788025 148.096598  
std1-file5 0 35846.210938 2020.750000 151.535213  std1-file3 0 28589.988281 2059.340088 151.535241  std1-file4 0 45439.097656 2044.680054 151.535233  
std1-file5 0 1056232.500000 424.487000 243.097103  std1-file3 0 799219.875000 414.016998 243.097604  std1-file10 0 344607.375000 414.079010 243.097356  std1-file2 0 525669.875000 423.230011 243.097102  std1-file11 0 294011.343750 416.457001 243.097429  std1-file4 0 1008747.062500 416.040985 243.097623  std1-file6 0 956533.500000 421.420990 243.097161  std1-file8 0 1289020.500000 413.049988 243.097483  std1-file7 0 1506181.750000 358.290985 243.097219  std1-file1 0 493239.656250 421.990997 243.097142  std1-file9 0 468813.781250 424.544006 243.097266  
std1-file10 0 29987.226563 2099.580078 212.031959  std1-file11 0 17417.226563 2151.969971 212.032130  std1-file4 0 13468.146484 2146.820068 212.032041  std1-file8 0 44307.210938 2123.590088 212.032061  std1-file1 0 6703.873535 2118.709961 212.032098  
std1-file5 0 13500.860352 563.968018 144.076516  std1-file10 0 13289.042969 552.947021 144.076700  std1-file6 0 9354.510742 575.505981 144.076384  
std1-file8 0 21243.302734 982.500000 127.044875  std1-file1 0 15325.656250 989.718018 127.044932  
std1-file5 0 8476.892578 1375.089966 282.117885  std1-file3 0 101147.140625 1391.800049 282.118386  std1-file2 0 67022.054688 1390.339966 282.117641  std1-file11 0 17951.371094 1388.109985 282.118192  std1-file4 0 877650.750000 1385.359985 282.118388  std1-file8 0 46505.226563 1392.099976 282.118336  std1-file1 0 59892.054688 1390.099976 282.117707  std1-file9 0 66970.656250 1386.319946 282.117841  
std1-file10 0 2448.259521 612.486023 137.080780  std1-file2 0 6035.408691 619.986023 137.080670  std1-file1 0 6152.581543 615.210022 137.080703  std1-file9 0 6043.748047 614.682007 137.080548  
std1-file5 0 2945.784180 1425.359985 381.197847  std1-file10 0 4440.804199 1425.959961 381.198032  std1-file4 0 11223.167969 1427.489990 381.198007  
std1-file4 0 166446.609375 1139.199951 260.124142  std1-file9 0 2265.393555 1160.300049 260.123582  
std1-file3 0 2164.692383 555.882996 246.109178  std1-file9 0 3995.305420 568.625977 246.108733  
std1-file3 0 2802.746582 2103.770020 80.030180  std1-file11 0 4613.381836 2074.760010 80.030185  std1-file4 0 5834.190918 2071.669922 80.030139  std1-file6 0 3847.432861 2095.959961 80.029998  std1-file8 0 11593.376953 2034.189941 80.030064  
std1-file3 0 7199.362305 785.442017 263.051966  std1-file4 0 6750.850098 777.846008 263.051983  
std1-file5 0 19136.929688 671.442017 259.041914  std1-file3 0 4202.604492 665.010010 259.042283  std1-file2 0 5518.555664 661.661987 259.041873  std1-file11 0 5157.230469 665.723999 259.042078  std1-file4 0 7001.563965 663.245972 259.042230  std1-file1 0 4654.505859 658.427979 259.041777  std1-file9 0 5381.886719 668.088013 259.042020  
std1-file5 0 332176.343750 1070.300049 211.104926  std1-file3 0 22545.894531 1082.650024 211.105081  std1-file10 0 34975.511719 1075.449951 211.105047  std1-file2 0 20562.275391 1069.810059 211.104854  std1-file11 0 25036.109375 1075.869995 211.105068  std1-file4 0 24661.214844 1060.010010 211.105104  std1-file6 0 12150.181641 1064.569946 211.104862  std1-file8 0 10030.587891 1065.489990 211.105128  std1-file1 0 25786.773438 1067.439941 211.104899  std1-file9 0 21259.417969 1065.680054 211.104951  
std1-file10 0 181338.921875 739.440002 182.080999  std1-file4 0 31399.593750 741.030029 182.081110  std1-file8 0 21799.287109 744.437988 182.081090  std1-file7 0 28168.113281 740.046021 182.080870  
std1-file10 0 10360.717773 829.403992 414.169231  std1-file2 0 33013.183594 823.614014 414.169193  std1-file6 0 45060.714844 825.083984 414.168935  std1-file7 0 593508.375000 865.770020 414.168888  std1-file1 0 32712.589844 824.591980 414.169292  std1-file9 0 28609.757813 824.664001 414.169190  
std1-file5 0 672574.125000 1954.699951 89.107225  std1-file3 0 125372.460938 1992.410034 89.107325  std1-file10 0 916241.812500 1981.489990 89.107280  std1-file2 0 73469.875000 1942.609985 89.107148  std1-file11 0 33654.796875 1984.189941 89.107298  std1-file4 0 418971.218750 1984.510010 89.107341  std1-file6 0 535339.250000 1949.400024 89.107216  std1-file8 0 240378.687500 1967.630005 89.107277  std1-file1 0 73971.023438 1948.920044 89.107178  std1-file9 0 80781.609375 1947.300049 89.107251  
std1-file3 0 3081.502441 1112.540039 118.049689  std1-file11 0 1629.143433 1054.689941 118.050022  std1-file4 0 19357.419922 1100.199951 118.049752  std1-file1 0 2811.389404 1107.079956 118.049527  
std1-file5 0 4737714.000000 839.934021 150.058174  std1-file3 0 1104822.000000 834.875977 150.058302  std1-file10 0 2842978.500000 826.596008 150.058235  std1-file2 0 1515335.875000 827.880005 150.058168  std1-file11 0 1488324.000000 835.218018 150.058222  std1-file4 0 2221605.500000 831.083984 150.058275  std1-file6 0 2183911.000000 827.880005 150.058150  std1-file8 0 2523531.250000 830.177979 150.058280  std1-file1 0 1463159.125000 828.869995 150.058186  std1-file9 0 1351845.750000 827.526001 150.058227  
std1-file11 0 6424.357910 618.252014 269.128270  std1-file1 0 4094.698975 641.010010 269.127909  
std1-file2 0 31824.369141 1040.189941 114.056636  std1-file4 0 43628.687500 1017.880005 114.056765  
std1-file5 0 2608023.750000 1038.229980 227.124743  std1-file3 0 884402.187500 1052.390015 227.125033  std1-file10 0 2961402.750000 1046.280029 227.124918  std1-file2 0 1168117.750000 1037.140015 227.124721  std1-file11 0 838990.750000 1046.630005 227.125023  std1-file4 0 2345772.250000 1020.830017 227.125060  std1-file6 0 1826754.750000 1041.560059 227.124833  std1-file8 0 1822201.125000 1035.040039 227.125037  std1-file1 0 1162205.375000 1042.339966 227.124766  std1-file9 0 1224196.000000 1035.770020 227.124845  
std1-file5 0 18074.001953 1779.319946 421.126215  std1-file10 0 23203.894531 1791.880005 421.126496  
std1-file3 0 6986.063477 2000.469971 86.083819  std1-file10 0 221907.343750 1980.050049 86.083798  std1-file4 0 37807.480469 1986.050049 86.083837  std1-file6 0 319506.343750 1960.719971 86.083692  std1-file8 0 30801.412109 1971.729980 86.083800  
std1-file5 0 159797.953125 1603.569946 94.573177  std1-file3 0 99100.164063 1624.290039 94.573270  std1-file10 0 391032.593750 1616.060059 94.573270  std1-file2 0 18903.052734 1597.060059 94.573107  std1-file11 0 14099.217773 1623.250000 94.573194  std1-file4 0 371992.687500 1618.880005 94.573287  std1-file6 0 369439.312500 1600.359985 94.573218  std1-file8 0 31472.455078 1615.229980 94.573277  std1-file1 0 25360.617188 1596.979980 94.573141  std1-file9 0 26528.482422 1595.089966 94.573202  
std1-file5 0 26028.986328 2022.199951 153.039158  std1-file3 0 18202.201172 2082.250000 153.039164  std1-file10 0 23552.125000 2051.729980 153.039127  std1-file9 0 14736.129883 2068.310059 153.039141  
std1-file5 0 226006.671875 1349.040039 241.030645  std1-file3 0 15380.076172 1359.079956 241.030867  std1-file10 0 240489.390625 1347.719971 241.030887  std1-file2 0 15553.887695 1341.410034 241.030440  std1-file11 0 2541.637207 1351.369995 241.030790  std1-file4 0 165708.750000 1343.680054 241.031023  std1-file6 0 157376.671875 1340.500000 241.030737  std1-file1 0 21709.671875 1343.699951 241.030507  std1-file9 0 18874.878906 1346.810059 241.030577  
std1-file5 0 681189.437500 1384.209961 202.068271  std1-file3 0 63220.101563 1396.910034 202.068452  std1-file10 0 98814.101563 1389.199951 202.068367  std1-file2 0 284957.968750 1374.579956 202.068166  std1-file11 0 84266.710938 1389.709961 202.068420  std1-file4 0 99546.390625 1391.670044 202.068464  std1-file6 0 35814.500000 1382.619995 202.068160  std1-file8 0 10312.663086 1390.719971 202.068429  std1-file1 0 286195.218750 1375.699951 202.068229  std1-file9 0 262485.468750 1376.449951 202.068299  
std1-file5 0 81485.312500 975.989990 193.096784  std1-file3 0 10030.625977 988.739990 193.096966  std1-file2 0 26448.498047 962.502014 193.096755  std1-file11 0 17177.292969 974.052002 193.096927  std1-file6 0 24291.056641 965.867981 193.096797  std1-file1 0 23767.292969 969.270020 193.096769  std1-file9 0 23604.888672 964.643982 193.096862  
std1-file5 0 280680.625000 343.479004 116.106849  std1-file3 0 141546.875000 338.347992 116.106935  std1-file10 0 191595.515625 336.720001 116.106893  std1-file2 0 93529.359375 345.782013 116.106811  std1-file11 0 124945.820313 339.320007 116.106881  std1-file4 0 343807.093750 349.170990 116.106969  std1-file6 0 257411.546875 343.931000 116.106798  std1-file8 0 253081.453125 338.518005 116.106906  std1-file1 0 144437.796875 344.165985 116.106824  std1-file9 0 208932.406250 341.410004 116.106883  
std1-file3 0 14275.439453 1176.979980 206.102159  std1-file4 0 48163.894531 1158.349976 206.102221  std1-file9 0 7914.140137 1151.849976 206.101951  
std1-file5 0 1281227.750000 338.998993 487.231328  std1-file3 0 91948.632813 330.278015 487.232044  std1-file10 0 103823.593750 330.708008 487.231480  std1-file2 0 358802.750000 339.683014 487.231038  std1-file11 0 133765.328125 336.049988 487.231933  std1-file4 0 206264.640625 334.613007 487.231704  std1-file6 0 118736.851563 340.973999 487.231215  std1-file8 0 134785.328125 334.312012 487.231899  std1-file1 0 389313.250000 338.045013 487.231143  std1-file9 0 265208.312500 338.320007 487.231354  
std1-file5 0 968979.625000 1606.619995 147.112568  std1-file3 0 251831.203125 1624.290039 147.112740  std1-file10 0 1083845.250000 1616.060059 147.112705  std1-file2 0 82559.726563 1600.229980 147.112442  std1-file11 0 28031.937500 1623.250000 147.112566  std1-file4 0 992975.562500 1618.880005 147.112727  std1-file6 0 865675.250000 1601.780029 147.112608  std1-file8 0 56561.886719 1622.099976 147.112627  std1-file1 0 113413.335938 1605.050049 147.112491  std1-file9 0 105715.406250 1600.040039 147.112593  
std1-file5 0 5557930.000000 951.317993 116.070451  std1-file3 0 3641553.500000 950.502014 116.070566  std1-file10 0 3878283.000000 942.059998 116.070551  std1-file2 0 3051500.750000 940.614014 116.070426  std1-file11 0 2447634.750000 948.455994 116.070528  std1-file4 0 8627683.000000 930.023987 116.070596  std1-file6 0 4562971.500000 938.357971 116.070470  std1-file8 0 3707347.500000 939.599976 116.070561  std1-file1 0 3220678.250000 951.731995 116.070454  std1-file9 0 3192488.000000 950.142029 116.070495  
std1-file2 0 3489.916504 1153.959961 133.096819  std1-file11 0 2084.986084 1154.260010 133.096965  
std1-file5 0 14337.381836 796.187988 246.123096  std1-file10 0 12820.528320 787.109985 246.123434  std1-file4 0 4834.307617 792.419983 246.123448  std1-file7 0 5540.207520 862.776001 246.123007  
std1-file5 0 10628.472656 1262.650024 406.131512  std1-file3 0 20692.007813 1296.520020 406.132126  std1-file2 0 34633.230469 1271.750000 406.131267  std1-file11 0 15421.042969 1281.660034 406.132016  std1-file4 0 74989.281250 1343.680054 406.132117  std1-file1 0 32634.054688 1266.979980 406.131350  std1-file9 0 32840.953125 1274.150024 406.131440  
std1-file5 0 1916811.625000 1168.500000 244.092457  std1-file3 0 1162338.250000 1180.410034 244.092836  std1-file10 0 1987507.375000 1172.109985 244.092636  std1-file2 0 1134400.125000 1160.469971 244.092348  std1-file11 0 772583.562500 1172.630005 244.092774  std1-file4 0 3423962.500000 1166.040039 244.092816  std1-file6 0 1701878.375000 1161.829956 244.092517  std1-file8 0 1446594.625000 1166.890015 244.092854  std1-file1 0 1053706.125000 1160.530029 244.092406  std1-file9 0 982727.812500 1158.619995 244.092497  
std1-file10 0 5890.112305 1139.349976 373.180156  std1-file2 0 5504.032227 1137.339966 373.179851  std1-file6 0 4672.107910 1135.640015 373.180247  std1-file1 0 4241.945801 1137.130005 373.179751  
std1-file5 0 1095329.500000 1185.589966 324.058639  std1-file3 0 314525.218750 1187.219971 324.059307  std1-file10 0 942595.000000 1179.439941 324.058964  std1-file2 0 445687.656250 1175.099976 324.058475  std1-file11 0 216700.500000 1209.260010 324.059123  std1-file4 0 1681612.250000 1175.079956 324.059248  std1-file6 0 929472.937500 1170.520020 324.058812  std1-file8 0 174732.437500 1219.670044 324.059219  std1-file1 0 416039.375000 1178.569946 324.058550  std1-file9 0 396761.406250 1180.319946 324.058740  
std1-file3 0 41529.445313 802.679993 253.093228  std1-file2 0 26794.162109 793.169983 253.092945  std1-file4 0 195287.062500 793.866028 253.093267  std1-file8 0 46196.171875 797.231995 253.093241  std1-file1 0 23765.785156 792.593994 253.092980  std1-file9 0 22198.894531 796.955994 253.092923  
std1-file10 0 29129.978516 749.538025 166.061200  std1-file11 0 21401.740234 746.796021 166.061296  std1-file4 0 39823.472656 746.934021 166.061144  std1-file6 0 35388.855469 738.323975 166.061134  std1-file9 0 23447.257813 741.005981 166.061273  
std1-file5 0 33182.726563 1385.729980 243.094640  std1-file10 0 5398.309570 1389.199951 243.094761  std1-file11 0 2977.388184 1391.300049 243.094864  std1-file4 0 5345.345215 1391.670044 243.094991  std1-file9 0 6127.982910 1384.670044 243.094679  
std1-file5 0 3997116.750000 1009.000000 170.011514  std1-file3 0 1781510.125000 991.781982 170.011928  std1-file10 0 3154041.250000 988.458008 170.011763  std1-file2 0 2674336.750000 1007.210022 170.011482  std1-file11 0 2371418.500000 989.273987 170.011754  std1-file4 0 3835794.750000 987.719971 170.011778  std1-file6 0 3380173.000000 1000.229980 170.011582  std1-file8 0 2226658.000000 986.633972 170.011764  std1-file7 0 770407.375000 991.122009 170.011532  std1-file1 0 2438076.750000 1000.239990 170.011520  std1-file9 0 2359382.000000 1006.919983 170.011604  
std1-file5 0 17191.505859 578.578979 157.024094  std1-file3 0 5009.558594 566.518982 157.024264  std1-file2 0 26348.839844 569.828003 157.024124  std1-file11 0 8762.823242 564.895020 157.024161  std1-file4 0 17706.298828 551.091980 157.024299  std1-file1 0 36030.097656 581.140015 157.024139  std1-file9 0 65071.234375 571.562988 157.024193  
