1081.66	1	315898000	3042.29
903.048	1	229837000	1202.71
860.275	1	275718000	2627.72
1131.45	1	279350000	2431.75
1127.12	1	210498000	2467.92
892.636	1	359812000	2050.74
595.784	1	233202000	2046.63
338.874	1	205728000	4137.53
602.877	1	134915000	1201.49
639.7	1	204356000	1654.21
986.577	1	256040000	2618.65
954.381	1	182360000	2404.86
710.02	1	163279000	2055.84
1002.79	1	118569000	1612.32
818.064	1	104151000	1204.09
1288.67	1	116887000	2627.74
1118.92	1	117394000	1855.77
1063.7	1	152130000	2057.44
1036.99	1	153317000	1998.82
778.411	1	233791000	2059.81
564.371	1	60591400	4191.32
583.086	1	59919600	1296.08
475.004	1	78971300	1519.33
755.301	1	138108000	2426.72
629.583	1	149603000	1860.72
943.438	1	247231000	1859.42
1200	1	186838000	1854.31
670.085	1	117585000	1613.02
1193.35	1	52521800	3409.76
1221.84	1	180260000	2054.56
822.874	1	73211200	1378.2
989.415	1	177946000	2054.49
455.209	1	64079500	4137.31
1245.68	1	102131000	2089.02
714.411	1	352665000	106.89
391.524	1	133664000	108.91
451.607	1	52930000	2960.09
825.881	1	147489000	2160.42
404.494	1	73946500	4143.6
1008.32	1	108010000	1896.62
984.113	1	121285000	2709.03
816.612	1	143538000	2055.38
899.113	1	117849000	2608.45
711.665	1	51583800	1205.04
934.48	1	135186000	1601.86
1104.26	1	113788000	1824.69
934.311	1	41789300	1557.17
899.247	1	147553000	2931.49
749.618	1	114854000	1533.64
591.481	1	79021900	1627.08
1278.18	1	82914000	2515.31
1084.93	1	43889900	3042.23
549.712	1	54748000	1376.29
985.563	1	130121000	1846.12
339.428	1	176569000	106.514
854.19	1	118014000	2518
710.24	1	115650000	105.286
1213.92	1	134149000	2467.2
770.464	1	81088800	2404.08
405.316	1	50680500	806.076
560.608	1	82371400	1297.99
1214.74	1	99659500	1872.02
901.953	1	144457000	2533.36
382.375	1	46470800	1305.8
392.098	1	113803000	4192.28
857.039	1	131221000	2208.56
392.794	1	88913200	4129.2
749.015	1	137735000	1859.3
829.506	1	199274000	2062.06
874.012	1	93085700	1462.12
554.186	1	45897700	1295.09
793.022	1	83283900	1453.83
584.374	1	69165200	1455.94
713.451	1	98071000	1525.47
926.745	1	108704000	2613.7
906.631	1	42648800	1209.29
949.03	1	95703500	1614.89
841.653	1	50124900	1305.22
785.969	1	27056100	942.549
912.757	1	44664500	1315.28
768.222	1	48865500	1208.33
728.991	1	105478000	2049.57
781.667	1	143523000	1573.52
650.545	1	62745800	1481.01
892.431	1	136201000	2523.65
340.496	1	49896400	4202.83
988.286	1	87611800	2107.48
908.685	1	169162000	2076.12
609.302	1	35937400	1315.48
827.645	1	86526900	1299.4
1270.22	1	87891100	2601.65
885.842	1	78766100	1757.93
874.573	1	57843900	1302.89
347.502	1	32740200	1733.65
451.39	1	30665900	2779.75
1127.15	1	99590600	2054.99
761.473	1	46071000	1116.82
464.606	1	29249200	923.974
720.993	1	35692600	2950.67
1171.76	1	104324000	2107
763.715	1	39915600	1309.38
1003.79	1	35788800	3598.36
752.092	1	80315100	1431.84
975.344	1	147574000	2216.17
621.572	1	81932100	1161.52
972.156	1	140309000	1849.85
549.113	1	54514700	1106.85
680.431	1	98399800	2168.41
1218.7	1	125523000	2267.28
463.226	1	34548300	1026.15
1213.48	1	80519500	2014.05
791.978	1	35606100	1216.68
822.515	1	90845300	1454.79
837.953	1	31500000	1295.63
825.02	1	42643100	2098.08
1238.38	1	127491000	2174.51
638.493	1	123428000	4169.11
394.771	1	54184900	1283.65
400.3	1	55624400	929.319
1065.88	1	138264000	2440.34
811.18	1	31970500	946.067
452.194	1	30486800	1361.18
338.555	1	31544800	1438.58
508.448	1	46766700	1118.56
821.915	1	50555400	1107.65
674.422	1	83380500	1896.99
721.407	1	51203600	3055.98
1085.91	1	74967600	1900.6
392.096	1	77600800	1167.83
391.645	1	77493000	1051.29
391.393	1	63771800	243.898
899.608	1	153638000	2110.47
1025.67	1	129440000	1829.11
391.696	1	54438600	850.92
1122.04	1	70265700	1534.92
969.293	1	142128000	2112.27
1050.18	1	58689700	2808.75
850.627	1	111209000	2087.79
391.893	1	54289100	958.566
391.493	1	22867300	181.487
1192.96	1	61167600	2700.34
361.6	1	43803500	1179.97
860.9	1	137178000	1834.28
1032.43	1	116809000	1606.84
786.282	1	99620700	1767.9
901.996	1	89927600	2036.35
813.074	1	99795900	2270.47
1208.32	1	86025600	2204.84
624.242	1	82008400	1600.95
604.951	1	46083600	2199.28
664.758	1	132106000	4173.21
391.399	1	50766900	4659.75
1195.3	1	243121000	106.395
391.624	1	40151200	4277.82
737.83	1	109765000	1830.75
1167.7	1	78141200	2300.01
391.405	1	56054100	369.427
391.437	1	58824900	735.348
874.742	1	210531000	107.068
391.405	1	46135400	580.201
391.881	1	12448000	909.446
391.4	1	50977200	4889.59
391.401	1	33682300	657.57
542.423	1	42898100	946.974
502.655	1	75823400	1439.77
352.374	1	189922000	4148.5
553.72	1	130022000	105.781
887.212	1	76388500	1626.17
391.431	1	51499300	474.733
446.79	1	91296900	104.387
1346.01	1	76816400	2104.79
391.444	1	40766200	4570.79
487.18	1	50398300	1236.79
1091.01	1	114085000	2185.83
1040.43	1	98335300	2407.46
391.399	1	47368900	4761.07
1337.15	1	71429800	2523.9
931.352	1	46270100	1205.58
953.949	1	175954000	2066.4
636.068	1	37614800	2600.62
392.802	1	19071900	807.593
602.497	1	48200200	1904.73
1184.74	1	110431000	2405.86
539.548	1	45204500	4190.94
864.625	1	28443700	959.03
730.036	1	54100000	1305.43
336.578	1	37292000	127.421
847.597	1	74119700	1392.78
956.253	1	106992000	2491.35
1241.33	1	88392000	2063.73
767.613	1	107332000	1736.71
1130.21	1	69021800	2440.97
391.752	1	7306990	532.729
391.546	1	12981200	307.735
1272.64	1	83489700	2082.21
810.291	1	81269000	2011.46
526.481	1	33022800	944.363
391.403	1	49852800	4995.51
924.29	1	109725000	2514.95
578.046	1	33030600	958.434
391.509	1	24962900	4506.55
1252.75	1	58955500	1867.62
1081.91	1	41704400	3107.32
391.561	1	15872000	4825.81
389.742	1	45292200	3460.78
974.699	1	73158900	1491.27
1029.29	1	180155000	2160.32
1236.21	1	45949100	2098.29
917.116	1	132721000	2045.68
391.388	1	28045100	26.2393
958.475	1	128709000	2298.51
908.507	1	56003800	2848.35
1035.1	1	157585000	2060.14
883.483	1	31993500	1207.98
391.519	1	52906500	1321.54
1249.41	1	47780900	3007.04
1176.61	1	64482500	2810.57
604.322	1	97957200	2051.32
1420.61	1	45349800	1999.68
975.157	1	123474000	2605.71
1019.39	1	217653000	2228.3
1131.65	1	102644000	1863.82
391.466	1	23451900	5075.61
1117.44	1	114502000	106.829
396.208	1	40351900	1112.12
838.182	1	77839600	1909.97
391.567	1	36444200	2496.68
714.097	1	59991700	2467.35
796.196	1	14593000	3413
852.175	1	126696000	1990.83
791.782	1	81763300	2413.18
1186.15	1	82058900	2282.12
774.232	1	61429700	1518.1
813.169	1	105566000	2123.67
1018.2	1	131158000	2158.05
926.112	1	39362400	1213.05
416.543	1	56722300	4195.69
1250.17	1	102204000	105.881
821	1	110163000	108.849
927.491	1	107250000	2241.55
929.433	1	120276000	1968.81
1053.61	1	123897000	2384.69
985.184	1	87433000	2816.99
1025.83	1	78492500	2019.33
367.066	1	48175800	1070.37
915.009	1	105121000	1961.13
947.191	1	94706400	1997.74
1114.56	1	59593300	1879.45
865.498	1	38320100	3217.21
870.602	1	51282200	110.184
939.492	1	95793300	2262.67
690.642	1	81160200	1631.82
748.694	1	73533100	2598.92
670.931	1	51193200	1602.36
1027.69	1	80727100	2641.9
812.842	1	124677000	1869.98
571.35	1	54429200	1616.67
1011.2	1	166330000	2064.18
392.88	1	30913900	1235.97
938.898	1	145780000	2107.55
966.552	1	40102800	1807.37
1245.75	1	56890400	107.432
750.968	1	80793200	1623.91
534.996	1	37484800	1641.61
729.188	1	39790900	1227.06
735.643	1	47804100	2560.19
885.236	1	116283000	2030.72
1261.75	1	36432100	3098.69
392.12	1	36891700	2058.59
1197.1	1	15379900	1073.98
858.36	1	88914900	1729.44
392.258	1	10911500	4083.85
1112.19	1	67174800	109.85
648.402	1	82428100	1572.27
982.967	1	34200400	1208.68
1185.58	1	83223800	2630.13
1088.23	1	107391000	2388.59
1103.85	1	135517000	2564
406.879	1	34538700	1733.46
865.229	1	101350000	2626.16
879.212	1	29794200	976.553
1304.63	1	63967600	2399.45
391.559	1	25913800	3369.57
1200.91	1	77544500	2553.14
391.498	1	31734200	4384.6
392.136	1	33055300	2796.61
566.996	1	58482800	2054.32
391.791	1	29345100	2890.56
470.36	1	76900100	1187.37
1111.18	1	50198900	2881.58
814.11	1	89946100	2489.98
940.391	1	83883200	2187.23
1221.76	1	40620200	3052.9
681.476	1	75979000	1380.26
430.707	1	86007400	4172.14
908.114	1	105552000	1614.99
743.975	1	36170600	1586.7
1067.6	1	33280900	3108.22
982.662	1	95157400	108.664
1326.39	1	54467400	2931.88
1214.5	1	56515700	1767.27
1346.49	1	53753400	2620.07
335.757	1	7475900	78.1871
1296.13	1	53074400	1978.2
1169.59	1	47448100	1567.23
894.001	1	127527000	2161.98
572.836	1	56039100	1727.91
701.995	1	51369400	1187.18
1079.86	1	97223800	2146.39
906.061	1	111272000	2451.43
369.186	1	157421000	4148.26
480.037	1	69862800	1115.61
721.338	1	78137500	2054.68
523.295	1	54153700	1581.84
656.285	1	23228800	2819.54
811.653	1	86716800	1758.55
391.525	1	30011600	3618.45
872.184	1	72093400	2562.17
392.113	1	54509700	1439.76
796.751	1	146279000	2070.77
779.715	1	79681800	2308.54
628.799	1	49304400	1894.05
993.014	1	47683600	3076.73
1186.85	1	45917200	1461.39
1064.31	1	125410000	1867.83
970.577	1	123827000	2446.07
910.932	1	128371000	2208.65
693.4	1	25040300	1032.06
802.914	1	83775200	1867.25
443.889	1	43337100	1205.94
586.719	1	29700700	995.207
667.828	1	75578900	1976.77
681.673	1	28343100	946.511
490.946	1	37736200	1307.92
1052.49	1	121636000	2070.95
848.396	1	66976200	2469.28
1222.43	1	25037100	980.637
1056.68	1	109623000	1766.6
917.648	1	105412000	1726.6
1021.4	1	35205400	1812.51
1206.89	1	20597600	1206.52
1226	1	85545500	2192.61
1063.46	1	72738200	2502
643.87	1	75194400	1650.87
900.034	1	22518100	2480.66
1149.07	1	67873900	1721.92
978.273	1	52689600	103.852
1240.08	1	80198300	2659.43
903.197	1	95401300	1906.04
772.364	1	78752500	4156.87
801.367	1	73707500	1638.04
1027.18	1	105927000	2531.13
392.681	1	48645000	1603.9
903.991	1	15175600	1197.46
740.64	1	46661600	1533.59
392.163	1	46906100	1754.35
711.037	1	87035400	1774.62
391.635	1	34321800	2591.42
391.637	1	11858000	4452.95
593.696	1	73046600	2068.04
1045.45	1	44875300	2053.94
1491.55	1	34742500	2598.45
317.338	1	83612500	4145.53
1185.87	1	101798000	2205.07
764.106	1	58182500	1680.6
1035.58	1	139612000	2266.49
966.218	1	118400000	1925.11
947.803	1	47186100	1389.16
1208.42	1	44623900	1856.25
1191.13	1	69873300	2554.37
391.968	1	30227300	2182.12
624.989	1	87495000	4184.61
951.553	1	59020100	2960.66
860.856	1	57462900	2707.44
808.914	1	37195900	2460.28
612.577	1	92296900	4169.31
871.162	1	11190500	3191
473.347	1	42516000	1451.37
1287.51	1	70140500	2421.06
1030.92	1	107477000	2376.16
1421.92	1	36764300	1530.07
863.69	1	112224000	1930.13
689.453	1	122750000	2026.1
669.93	1	52315800	1304.86
528.208	1	53567600	2049.26
937.705	1	113139000	1921.4
1308	1	23054600	3048.13
639.561	1	47173500	1570.42
997.958	1	101915000	1986.25
842.812	1	68870800	1617.64
1463.73	1	87986000	106.406
999.977	1	127128000	2630.64
974.725	1	109020000	2048.95
1049.05	1	101154000	1975.39
403.176	1	48507200	1065.29
1080.4	1	39696000	1402.84
1434.66	1	39844500	2640.23
391.92	1	20247600	2426.87
856.524	1	33238300	1915.24
762.696	1	108819000	1860.78
1122.94	1	47425200	2974.79
550.081	1	24677800	106.441
959.472	1	194879000	2179.61
1278.04	1	93083400	2225.36
1146.57	1	108565000	2470.1
384.599	1	73816700	4158.97
387.884	1	17038200	683.302
838.46	1	151342000	2190.27
1381.08	1	69208600	2068.57
1223.54	1	31704700	1216.21
976.392	1	48926900	2948.64
698.819	1	32251000	933.412
965.303	1	57449900	2391.23
980.656	1	92065800	2330.3
871.772	1	118415000	2406.84
899.455	1	35638100	4237.64
391.568	1	19918400	3163.16
598.129	1	37121800	940.138
1238.17	1	21108700	2029.83
619.087	1	33526900	1225.66
391.966	1	19859000	2729.78
1142.52	1	41804600	1679.79
1073.26	1	44214200	2113.68
443.499	1	39962000	117.296
904.515	1	41797700	1298.72
1022.52	1	60756800	1618.39
358.308	1	30081900	1095.43
907.857	1	137795000	1821.38
517.291	1	37478400	1520.86
1269.51	1	56999700	2145.58
1161.23	1	88057300	2226.56
715.068	1	66644800	1965.72
391.534	1	26985900	3716.46
392.314	1	28773600	1525.19
391.867	1	26662500	3039.55
943.394	1	118918000	2636.91
870.804	1	138729000	2046.82
1156.52	1	101672000	2408.03
1209.07	1	27891800	3109.63
1259.64	1	31440100	2852.55
960.121	1	60422800	1854.5
1370.93	1	50280600	1823.02
341.658	1	20383800	4126.82
392.3	1	23391400	2966
665.064	1	31314500	1149.3
1035.55	1	90908300	105.916
1270.78	1	53993100	2248.18
875.833	1	102520000	2188.51
970.813	1	83238900	1573.41
507.88	1	82456300	4154.92
983.724	1	129792000	2165.51
940.039	1	70597300	2038.44
606.272	1	86139300	1825.71
980.268	1	131614000	2526.98
391.833	1	22667500	2364.93
602.405	1	74939700	1213
788.847	1	59626600	1488.12
1146.93	1	83242900	2566.39
1100.99	1	59629000	1863.44
828.762	1	72121400	2658.63
1458.65	1	29428300	111.23
978.061	1	82715600	4147.95
889.308	1	86349800	1517.09
352.806	1	25801300	1050.31
1099.72	1	90394100	2269.99
391.738	1	20651800	2302.46
869.615	1	80037500	2479.1
1053	1	52159100	1870.39
1031.19	1	28003300	120.429
1121.46	1	36968000	1212.94
865.332	1	23482700	2417.38
835.264	1	81774100	1504.08
890.483	1	134744000	1871.57
803.913	1	48990000	1751.69
987.449	1	24998700	3121.15
903.854	1	3445440	1251.12
891.649	1	126483000	2379.91
1222.41	1	21900300	819.333
1118.45	1	9439390	2972.56
1232.89	1	7528190	2149.44
607.922	1	14493400	808.334
391.711	1	18600200	3540.8
1254.55	1	122745000	2187.55
953.078	1	58323300	1848.79
1147.38	1	26520800	2403.62
1226	1	97541900	2500.21
679.925	1	88305200	4149.23
739.901	1	51542100	1630.91
392.111	1	18562600	2674.08
950.066	1	36420700	2160.08
544.328	1	62129200	1192.87
684.074	1	92576500	1848.01
392.101	1	42277500	1860.95
723.287	1	65748500	1413.3
373.181	1	26457200	4217.68
937.362	1	98700000	2349.49
1189.79	1	34643900	108.589
1222.49	1	22772700	730.103
792.895	1	65565900	2561.22
683.733	1	38441100	1606.8
886.263	1	92151500	2462.69
936.902	1	131933000	2465.88
829.306	1	90569200	1867.92
704.211	1	76312400	1392.27
815.125	1	88862400	4163.2
392.167	1	15904300	2250.28
391.794	1	18491100	3298.82
681.84	1	56460500	1521.66
463.885	1	35062000	2049.33
392.444	1	15407500	1682.37
401.394	1	48158900	4168.85
1224.77	1	58802900	4164.79
923.91	1	43390400	3017.35
1123.6	1	65750500	2118.22
851.973	1	53247200	2231.76
1222.79	1	36597100	1088.15
1057.41	1	125318000	2174.18
921.453	1	44952100	2209.8
679.232	1	53554700	2087.65
629.168	1	55641900	1558.54
852.396	1	26212700	1902.52
1034.46	1	32769800	1396.46
391.686	1	14527400	3233.27
1130.4	1	107381000	2588.51
991.085	1	44106500	2635.57
1221.05	1	40420400	2160.39
855.443	1	53349200	2629.24
427.255	1	17752900	690.501
887.577	1	61927800	2163.56
716.414	1	48933200	2081.61
371.759	1	5655190	3955.19
1259.93	1	64572200	2089.45
769.749	1	41472100	1493.91
931.047	1	44714400	2061.6
1238.34	1	72826400	2483.43
1051.02	1	63755700	2688.5
898.855	1	16783200	1842.99
632.245	1	72387000	2047.73
965.883	1	57292500	2021.8
743.913	1	80424700	2086.17
1042.02	1	93330700	2503.33
1196.27	1	10384400	3412.09
789.029	1	13894100	604.87
1140.8	1	24632000	3201.86
1373.98	1	60281200	2216.22
1183.26	1	36249100	2552.42
798.489	1	109542000	2208.42
815.988	1	96084000	1622.37
981.081	1	95392500	2406.66
826.348	1	107972000	2261.79
959.757	1	89567200	1578.61
607.445	1	56917100	104.925
993.842	1	75425700	1494.35
447.778	1	71507700	4172.24
1279.78	1	30538200	1656.5
1295.21	1	69872100	2627.69
1216.74	1	49749500	2101.72
486.66	1	30266600	1338.27
897.648	1	19444800	2042.65
868.2	1	95117000	2284.71
1217.57	1	82733800	2627.3
884.412	1	61430500	1936.01
939.29	1	56905900	1828.52
786.248	1	50593500	2590.48
1014.49	1	100800000	2629.33
1011.2	1	85228900	1611.68
1048.69	1	85863000	2184.88
961.024	1	85815600	2639.58
678.742	1	34253400	2028.86
309.154	1	57415500	4165.92
732.915	1	68523200	4158.27
1098.57	1	44009700	2600.84
1041.99	1	51924500	2338.93
490.391	1	44907500	1458.46
1234.96	1	52386000	2630.31
1013.85	1	62110100	1531.57
1007.61	1	103767000	2191.95
930.182	1	23892300	1134.44
1114.11	1	100533000	1975.68
867.358	1	39132300	1481.06
1182.76	1	97163800	2065.23
620.955	1	57578800	1987.86
1042.77	1	100651000	1858.79
757.327	1	38669700	1336.04
908.66	1	54083400	1738.22
1142.97	1	84106100	2292.1
815.82	1	32470000	107.728
788.822	1	76952800	2221.91
1027.5	1	89326400	1915.18
1102.57	1	56390200	1981.49
1223.51	1	26676500	1313.59
430.328	1	31417000	1647.13
391.974	1	28369200	1958.35
922.684	1	108520000	1556.02
927.129	1	44181600	2050.52
1124.5	1	59627400	1617.14
1230.75	1	57044700	2057.1
1015.89	1	83297000	1978.13
1124.79	1	43523300	1809.72
804.645	1	37853700	2021.02
756.833	1	46274700	1221.06
392.154	1	5342280	4341.78
392.201	1	11725400	2125.58
1253.29	1	29059500	2080.64
643.437	1	93953400	1866.13
1225.72	1	84928400	1863.5
1178.12	1	64172200	1766.01
989.736	1	41062700	2972.84
1023.14	1	42689400	2565.85
918.271	1	43841800	1208.2
1201.37	1	79259700	2089.32
1339.3	1	52755400	2460.21
705.49	1	105649000	1875.7
1425.76	1	56514600	2529.24
1143.32	1	20242200	2405.1
1018.77	1	45634600	1874.82
1071.92	1	109030000	1989.35
761.231	1	50134400	2637.86
1348.65	1	38480900	2951.03
1075.05	1	113989000	2222.41
1388.53	1	54038800	2607.66
707.953	1	40861400	2030.78
785.363	1	72423700	2150.83
903.07	1	59835700	2711.75
1355.58	1	54920500	2408.96
585.83	1	30886100	2062.85
872.212	1	27567000	2129.71
1142.36	1	79024700	2212.41
1222.36	1	20177100	490.12
847.573	1	59202600	2245.66
1224.21	1	31038100	1446.88
874.457	1	96309200	1852.28
881.117	1	61993100	1556.02
577.04	1	49480500	1908.15
728.711	1	48313000	2447.64
890.535	1	90016900	4152.74
1126.38	1	47787300	4198.58
720.56	1	65745600	1479.09
843.116	1	63769000	2076.43
1190.71	1	92629500	1864.31
1112.76	1	91146900	2069.55
986.382	1	33533900	2020.72
851.528	1	56552800	1848.02
824.602	1	66782200	1897.41
676.729	1	47449300	1810.71
899.345	1	62915300	3030.05
621.906	1	32074800	1877.49
1222.69	1	17524100	904.157
901.724	1	64168500	1715.75
924.565	1	96621000	2141.99
1014.99	1	25380200	1878.18
786.147	1	55520000	1298.73
1152.73	1	49429000	2219.08
1025.56	1	38717400	2327.23
335.054	1	46229700	4138.14
968.366	1	35134800	2559.53
1001.83	1	88484400	2106.53
703.939	1	62214300	1504.86
1226.06	1	59995900	2402.54
475.03	1	33022400	1384.12
951.557	1	74722900	2570.33
1383.85	1	64114800	107.705
1222.4	1	13683400	657.036
1225.16	1	56133100	104.37
959.821	1	33157100	2416.33
580.375	1	28600400	2048.76
825.852	1	55196500	1205.16
1457.39	1	33944000	2227.31
658.672	1	73861500	2057.08
1222.33	1	23397000	251.407
782.759	1	78102400	2005.76
1287.88	1	49447300	1570.03
1079.86	1	42524400	1858.12
1116.49	1	27740900	4200.69
1045.22	1	52660500	4154.15
943.945	1	36043300	3052.64
358.564	1	24578100	4217.88
580.071	1	46305000	1493.77
923.542	1	91753100	1873.79
426.47	1	54465600	1510.25
859.481	1	71314900	2428.5
676.562	1	34950100	1447.25
1081.93	1	33228900	3296.81
527.098	1	9082910	606.062
857.889	1	35069500	1110.12
726.598	1	94757600	1875.59
999.971	1	58704500	1906.5
916.259	1	29708400	1892.79
1212.48	1	60983500	2395.66
807.474	1	69999800	1440.02
1053.01	1	92305000	1613.29
1040.52	1	19612300	1930.59
723.57	1	28470000	4149.37
1132.53	1	25537400	3235.86
1027.31	1	59960600	2456.2
897.108	1	50314200	1762.71
1336.34	1	55038600	2115.91
1271.42	1	47733100	2676.27
702.512	1	42005800	1775.24
974.48	1	28377000	2342.93
778.513	1	67820200	1408.31
778.991	1	82055200	2218.83
911.27	1	12297500	1906.59
1088.94	1	81706200	2651.33
1205.71	1	29677400	1895.6
1137.13	1	67081100	2378.94
1138.36	1	39847000	2485.74
607.764	1	68100600	1415.78
1078.06	1	74007800	2066.98
812.507	1	93916200	2380.61
327.702	1	50558100	4137.01
987.025	1	48500100	1951.8
822.732	1	32798700	2660.76
1304.53	1	51481300	106.143
1042.92	1	37493500	2207.83
1156.17	1	85475600	2140.64
1222.41	1	22228800	4925.34
1042.15	1	88018300	2608.64
420.11	1	64969100	4138.4
603.567	1	26418200	1303.03
927.563	1	54095400	2690.27
773.463	1	25513800	2737.62
934.301	1	22350600	2176.27
1290.8	1	68594600	2099.84
1017.53	1	79045200	2470.54
951.712	1	32890000	2411.82
1088.52	1	56563300	2582.9
766.338	1	39693700	2444.5
1353.94	1	50956400	1864.76
1466.51	1	33192900	1859.57
708.499	1	23435200	2868.73
359.951	1	8493070	4108.58
956.519	1	30893400	2240.44
998.067	1	95540500	2229.95
777.699	1	22904500	2142.45
1222.34	1	19687800	5052.3
889.982	1	28631700	1815.46
1136.36	1	70868800	2680.9
1322.88	1	69248200	2098.31
1123.12	1	103038000	2207.4
818.696	1	42384000	2211.71
615.103	1	19082000	1206.96
907.169	1	58852700	1393.92
844.644	1	108868000	2611.04
895.781	1	127211000	2283.85
485.469	1	88351000	4148.94
729.791	1	88342200	2178.98
1222.47	1	12860900	596.545
984.866	1	74650100	1759.12
616.632	1	58082000	2054.43
975.953	1	9276600	2149.82
1133.08	1	36217300	2518.33
710.099	1	23705800	2418.23
1102.49	1	62210800	2687.49
998.076	1	92740200	1843.92
553.009	1	97669000	4161.74
1223.61	1	13743300	4097.03
865.311	1	80161300	1575.64
1016.49	1	102619000	2382.87
1011.78	1	52213100	2568.38
668.325	1	37321600	4136.28
1265.05	1	72110900	2392.18
391.698	1	10179200	3968.29
1224.47	1	45391500	1615.71
813.089	1	30964100	2206
1222.43	1	12369800	416.677
728.542	1	38629300	2363.19
1078.81	1	69477500	1774.1
864.732	1	57752900	2118.31
853.872	1	25448400	1797.84
626.345	1	64365900	1711.96
1154.9	1	98143500	2044.39
597.548	1	84163500	4161.85
948.671	1	12671200	3449.41
968.998	1	21202400	2199.76
647.092	1	64633500	4147.11
796.367	1	39906100	1858.25
971.684	1	9371190	2514.89
1209.88	1	56294900	109.039
938.549	1	68169400	2794.23
1173.12	1	74013800	2215.88
480.692	1	21202600	789.455
1224.93	1	43062500	1981.07
1124.57	1	55794500	2516.13
504.395	1	35459000	1781.96
1004.81	1	80396900	2332.29
641.697	1	48891200	1738.02
1325.94	1	35972300	1622.56
680.731	1	36112300	1182.89
1222.35	1	18902400	4782.64
1272.61	1	50559500	1979.01
1222.53	1	9838740	21.3358
447.748	1	33705600	1622.85
1322.67	1	22038700	1027.19
1122.41	1	25240800	2431.25
868.323	1	40944800	2207.19
672.249	1	30312300	2065.07
807.934	1	43515100	2180.83
1222.41	1	20243900	4678.73
664.384	1	72128400	1874.94
1090.44	1	98813200	2034.53
1246.72	1	104610000	2350.07
986.138	1	8271250	2670.28
1083.02	1	20488700	3014.98
1174.45	1	80758500	1863.91
656.763	1	39488900	1835.42
589.808	1	17391100	4140.05
905.068	1	74735700	2252.67
984.392	1	22450100	2609.98
771.062	1	64631500	2238.56
758.425	1	50159800	2519.57
913.147	1	38648100	3016.21
948.787	1	24674100	2507.09
1088.2	1	70824000	2262.42
443.441	1	39284200	1140.97
861.742	1	36052700	2351.67
923.128	1	65797900	1639.43
1421.45	1	21528500	1205.42
1096.26	1	57261000	1609.33
878.942	1	81802700	2634.42
891.139	1	4365040	2221.48
1107.61	1	71662500	2144.56
1323.75	1	24267100	151.85
895.836	1	67919200	1974.87
914.717	1	108769000	2572.37
1226.35	1	42074000	2839.09
835.604	1	66012600	1992.43
1344.64	1	49038200	2035.59
1199.8	1	66960200	2183.06
1097.29	1	73718100	2130.3
851.519	1	21635800	2568.55
641.838	1	86556800	2180.89
950.734	1	39822100	2258.1
1298.75	1	37333100	106.855
774.348	1	29651700	2064.48
575.876	1	100469000	4158.35
1222.6	1	8412900	4852.26
475.83	1	42019800	4183.47
716.186	1	71382900	1616.54
457.589	1	37207200	1304.44
1222.41	1	14480100	351.524
705.891	1	39493200	1602.18
1226.95	1	23116200	2100.07
1345.09	1	45858300	2375
840.177	1	53505800	2493.94
1057.43	1	30029300	2494.93
975.942	1	33726600	1748.94
1445.82	1	26119500	2807.44
976.732	1	28931900	3229.97
908.252	1	38714200	2151.9
886.393	1	82444900	2565.78
614.298	1	62098400	1736.75
989.226	1	31701700	1904.42
731.23	1	17774800	1814.59
714.245	1	91363300	2169.07
1326.73	1	69043200	2479.56
847.437	1	8719910	2035.11
1203.31	1	49790400	2029.91
695.748	1	43888400	1744.42
827.618	1	54297400	2775.99
1000.3	1	77820600	1778.26
1019.72	1	51022300	2305.67
1223.48	1	20216500	4248.6
967.263	1	18154300	2509.62
760.778	1	23568000	2431.84
955.316	1	87464700	1956.95
392.064	1	8114000	3106.91
916.462	1	26194600	2138.07
1012.09	1	65062300	1812.98
1146.73	1	18955100	2146.05
1224.8	1	53026500	2736.72
858.819	1	16693000	2286.16
1004.37	1	118158000	2425.08
628.909	1	57674100	2175.26
1223.13	1	7291950	1162.11
1268.81	1	64545100	1835.12
461.416	1	42259500	1215.46
862.458	1	40512300	2840.08
1032.93	1	49359900	2965.65
1440.63	1	40671300	2080.39
860.462	1	30981000	2066.48
882.856	1	13774700	1864.02
1222.38	1	10719800	4601.92
500.015	1	43711900	112.533
773.971	1	66226900	1629.68
864.533	1	10466000	2207.42
1222.57	1	4179760	4992.1
884.825	1	38197100	2203.02
998.098	1	64244000	1602.09
859.094	1	26803400	2152.1
652.041	1	41942700	2321.38
638.3	1	28963400	1895.71
1306.9	1	50727900	2559.51
1086.7	1	13083200	2090.92
884.421	1	32830800	2291.21
1084.5	1	44884700	2331.92
1209.44	1	45405700	2700.64
387.537	1	12216200	877.668
695.577	1	53669900	1528.65
1151.47	1	4848230	2087.02
1109.77	1	74996200	1583.09
552.071	1	84769400	1476.47
832.833	1	56046600	2562.59
969.587	1	44708400	1739.36
826.684	1	33902700	2588.55
648.81	1	49067100	1813.45
1150.48	1	94695000	1867.9
954.872	1	58679500	1782.98
1222.75	1	8593020	176.615
1027.99	1	11288900	2261.96
790.861	1	83826500	1674.22
1412.64	1	16160300	2959.36
1061.48	1	108529000	2630.54
615.168	1	50773500	1627.07
1157.92	1	48185700	1676.1
1024.76	1	15104300	2401.34
1302.89	1	53667600	2729.63
788.837	1	27676900	2099.39
467.904	1	84949600	4142.74
944.521	1	8419310	2949.99
1163.14	1	29623300	1615.66
596.544	1	33389600	1838.17
881.67	1	9090530	1804.62
601.65	1	87104700	1566.15
1029.8	1	15223300	1976.04
1222.44	1	10435100	4541.93
827.09	1	86478800	1776.66
1222.91	1	6336500	552.751
386.624	1	15854000	970.335
1086.59	1	74807000	2508.67
1052.07	1	58395500	2503.04
1368.95	1	47832900	1987.86
948.323	1	38319400	2320.85
572.333	1	46265900	1530.97
695.902	1	36184400	1113.05
820.013	1	17849100	1800.04
858.041	1	64003200	1625.03
899.396	1	31727800	3130.06
717.808	1	40704200	1116.16
917.839	1	86877400	2305.59
721.791	1	19832900	130.017
629.18	1	43900600	4134.28
791.277	1	42439800	1872.51
565.66	1	20556500	4142.12
606.224	1	27840700	1735.73
685.462	1	36445100	1952.65
1212.64	1	37449400	2138.62
452.396	1	13705200	3028.2
845.373	1	34682600	1849.59
862.307	1	17868900	2003.22
1355.88	1	57372500	111.785
1308.33	1	16540600	1204.97
973.672	1	32939000	2298.09
1481.99	1	27185000	106.927
1000.88	1	99710300	2511.07
1070.38	1	53399500	1794.17
1496.97	1	13614400	115.35
662.3	1	33658000	2626.5
1087.64	1	46340500	2827.32
1095.7	1	87718500	2472.4
1179.01	1	23915300	2631.14
968.524	1	16779200	2330.43
1036.2	1	84105000	1771.2
453.407	1	17041300	1204.73
1012.02	1	34802800	2278.21
1007.12	1	13976600	1975.71
841.602	1	36190100	2131.26
962.915	1	14090000	2117.36
1336.09	1	23460600	2401.23
951.392	1	22856700	1553.36
916.041	1	34078900	3171.7
927.761	1	58586800	1494.77
883.161	1	21701400	2111.74
1116.77	1	85948200	2356.17
1079.9	1	32340300	2489.65
1261.43	1	56314900	2591.41
1123.11	1	107343000	2657.69
997.254	1	89288800	2766.59
1039.48	1	35309700	2181.05
648.315	1	35013600	2628.73
1150.21	1	68066700	2648.19
1373.16	1	50395300	2119.1
1202.53	1	73080400	2430.93
851.281	1	25602300	2156.74
1142.07	1	57688400	2090.45
751.115	1	15019800	1242.61
740.309	1	59814400	2268.33
830.796	1	62360100	1609.56
1323.11	1	13407600	947.965
960.863	1	55051500	1725.17
591.238	1	31139100	1517.72
697.615	1	23489400	1445.58
668.001	1	15757100	2949.21
668.292	1	55970900	2236.47
1353.59	1	17296300	1364.8
1292.91	1	68299400	2220.5
1242.45	1	20217600	104.802
1322.49	1	20829800	684.735
1393.12	1	61440000	2440.69
765.38	1	33594400	2211.35
923.503	1	58484600	4196.62
1041.97	1	39394800	1600.99
1034.9	1	34378200	2491.57
802.343	1	55670700	2415.91
1202.58	1	40951600	1969.55
526.719	1	85735700	4157.19
497.214	1	38742700	4148.89
1006.95	1	10807700	1848.95
1192.3	1	22500900	2150.48
1308.22	1	51461900	2482.57
960.931	1	11829300	2031.77
929.504	1	75400100	1395.61
911.275	1	56814700	1532.46
829.411	1	53295200	1690.67
1433.32	1	48126900	2464.23
1382.29	1	25006200	2638.65
1243.02	1	60206800	1873.83
1212.87	1	26505200	2335.79
1128.12	1	68143800	1982.02
766.292	1	85533300	2060.85
708.666	1	78734200	4168.24
914.589	1	78973700	2380.73
577.052	1	41943600	2206.5
1363.62	1	24389300	2072.5
1199.94	1	12212300	1919.95
1069.98	1	114057000	2306.45
799.485	1	45640700	1114.82
1259.69	1	50231900	2511.68
1336.56	1	10981300	2038.24
530.902	1	65436900	1100.96
766.439	1	44327700	1427.26
1118.74	1	19753400	1804.44
603.224	1	20089100	105.921
1332.4	1	26351500	2878.31
1246.27	1	65815100	2430.73
1061.37	1	51151000	1999.36
940.032	1	44292900	1307.71
819.228	1	26556100	1286.62
687.546	1	68321900	1724.32
1235.49	1	26993800	2396.66
1133.37	1	34310000	2241.5
939.802	1	84084400	1722.29
825.059	1	46571400	1996.22
1395.98	1	51813100	2070.34
1411.05	1	34819300	2822.96
968.173	1	18699000	2276.16
817.328	1	9190390	1186.95
906.549	1	38386700	2354.13
1105.33	1	57952400	2218.99
1215.34	1	27166900	1435.26
1103.95	1	80779000	2406.38
1030.86	1	8133700	76.1208
1306.91	1	60772100	2209.71
731.096	1	70665500	1593.22
510.441	1	51749400	1334.13
658.483	1	50473000	1228.19
1026.19	1	4197320	2204.01
1235.37	1	27487700	1868.64
1226.12	1	51189800	1766.65
1080.32	1	41887900	2410.43
1025.15	1	38820600	2091.62
847.498	1	38068100	1764.25
1013.71	1	59813900	2772.43
941.573	1	55120500	2556.86
899.604	1	46731600	2841.2
839.773	1	19847000	1846.77
1065.49	1	52235900	2119.96
1042.55	1	42259400	1532.35
949.488	1	45585900	1208.94
703.627	1	40031500	2072.28
803.067	1	24029600	2150.35
932.489	1	13531200	2390.36
1309.93	1	61883000	2638.06
1264.84	1	38719900	2251.06
1377.99	1	19447900	107.536
993.627	1	79515300	2340.3
1140.44	1	15501600	2626.5
933.266	1	24247700	1838.06
904.71	1	35263800	1475.72
806.996	1	15060600	2087.83
834.669	1	81233600	2385.44
947.166	1	48379500	1488.84
772.92	1	17494900	2150.03
968.217	1	44758500	4207.72
621.667	1	50662800	1438.39
847.249	1	36479700	1699.33
994.476	1	29797400	2179.6
1101.27	1	26235400	2058.32
1002.6	1	71139200	4158.55
1117.26	1	49203500	2484.02
821.526	1	30422100	1720.37
1324.28	1	44888000	1957.73
639.717	1	12699900	1803.57
987.007	1	3389920	2366.92
913.555	1	39652500	4181.51
851.347	1	39074800	1617.05
947.837	1	82477900	4159.4
1323.23	1	22597800	1124.18
966.015	1	46280200	1661.6
879.015	1	30468800	2287.9
302.156	1	21257100	4142.16
634.263	1	40768300	1503.46
800.531	1	12362200	2009.68
784.317	1	65900800	1861.61
762.31	1	59536500	2122.04
782.566	1	15787200	1505.42
993.832	1	40723400	2543.06
1222.24	1	12664200	1931.22
484.065	1	51133600	1843.07
1078.78	1	9870950	2330.4
1364.63	1	50156500	2539.72
753.127	1	60364400	2023.13
695.177	1	49355800	1858.78
857.108	1	6616940	2072.63
813.204	1	42897900	1696.29
916.432	1	11719300	1630.84
701.44	1	57905400	2224.44
894.01	1	51751400	2660.17
1001.47	1	11383900	2047.95
443.498	1	32547900	4133.38
1322.48	1	16400200	489.968
1263.08	1	30988700	2170.25
1469.53	1	30486900	2330.59
953.408	1	54523400	2848.17
956.842	1	22506800	1668.22
818.21	1	20205700	1988.21
1171.38	1	79992100	2424.12
1325.57	1	41151300	2762.15
1061.14	1	37537200	2278.52
724.398	1	42387700	1946.2
1298.54	1	23508200	2402.34
798.929	1	6225090	2146.22
855.432	1	59200200	4192.03
1020.14	1	26318600	2100.25
618.969	1	12094200	4129.11
920.251	1	48300400	1809.55
559.294	1	32215500	1907.79
1136.57	1	26930200	2073.79
1120.45	1	61715500	2728.99
1096.14	1	67645500	1745.83
806.059	1	23820100	1815.49
1181.71	1	20580800	3250.35
980.112	1	27400900	1916.62
762.327	1	48953300	1614.2
964.521	1	9629270	2251.82
1282.49	1	37165200	2160.52
1366.79	1	31268900	2810.37
1382.99	1	30260400	2437.48
1009.06	1	73280100	1711.42
654.275	1	65775100	1397.36
930.808	1	37275000	1810.13
1193.68	1	44908700	2072.51
826.469	1	78949200	2437.18
1324.53	1	38754100	4146.29
1361.2	1	65789600	2632.88
1322.66	1	11942700	887.818
1138.7	1	15191000	2578.44
485.213	1	59460600	1527.18
795.322	1	46891600	1585.93
990.08	1	50303700	2268.32
963.466	1	25897700	2547.88
1119.76	1	77137700	2269.56
1181.9	1	35943400	2509.13
1056.26	1	28695300	2285.47
783.665	1	7441960	2086.87
1036.24	1	17700900	1923.48
1174.87	1	18218700	2028.87
501.025	1	24622700	1110.66
1418.37	1	52914600	2637.83
1224	1	32918700	1537.35
1188.68	1	39486200	2473.7
826.267	1	12806500	2351.2
1485.73	1	34262900	2396.05
430.907	1	47487700	1345.36
821.073	1	30072200	2317.25
674.416	1	23817300	1540.9
857.569	1	35663400	2753.31
794.147	1	58001900	4190.03
831.72	1	31992500	1009.6
870.881	1	2587680	70.0714
1359.15	1	65029300	2177.2
1116.62	1	4704930	2422.77
982.007	1	8599120	2758.15
928.096	1	3152960	2106.03
869.119	1	55944100	1337.65
474.007	1	30090200	107.145
843.909	1	29870600	4198.61
443.12	1	51121500	1295.36
754.724	1	53351600	1940.96
1325.89	1	45537800	2395.27
994.054	1	30023700	2420.49
414.317	1	29661500	1467.59
1410.99	1	36068900	107.101
971.769	1	29930700	1300.19
1003.91	1	44901200	1455.35
616.937	1	27107200	1081.09
723.751	1	38688700	1804.44
1079.63	1	37787700	2588.53
954.822	1	43218800	2683.77
1144.64	1	32389500	1609.45
563.26	1	33696500	1510.8
987.253	1	25733900	2925.81
877.319	1	34250500	1937.23
1322.48	1	19221500	278.265
801.462	1	58757800	4142.13
1190.28	1	54929200	2794.08
966.426	1	35781300	2950.74
1261.2	1	26098200	1762.12
621.611	1	25673200	2197.91
1322.47	1	16282400	5043.75
1080.56	1	30103900	2812.77
930.767	1	28840100	1734.7
1049.79	1	22046000	1802.19
1323.24	1	26263300	1257.87
853.764	1	20660600	1546.98
801.802	1	57362400	2647.77
775.724	1	22648400	1314.7
1175.11	1	45950900	2577.07
649.936	1	21311600	2048.57
984.563	1	21287800	2260.95
1212.95	1	44888400	1598.51
670.584	1	29567600	1388.48
764.347	1	45500500	1525.8
1324.92	1	47841800	2603.27
929.117	1	21380000	2336.05
847.028	1	10026400	2544.28
1216.42	1	53335500	2553.31
954.35	1	6888190	1901.49
981.449	1	11002500	1837.14
1376.15	1	36143500	2726.16
482.615	1	28583500	1200.19
1322.16	1	68932500	2245.23
750.722	1	87014100	1746.08
1182.47	1	38921900	1708.77
670.953	1	34061900	1763.52
1165.49	1	29555500	1851.59
780.218	1	47027200	1914
411.875	1	17437800	4150.94
736.556	1	20064400	1508.01
1299.08	1	27152900	2157.04
1237.1	1	40335200	2289.71
476.809	1	12038700	4120.61
866.278	1	28077500	1407.04
1022.95	1	64110400	2720.64
1389.88	1	50914000	2232.85
895.242	1	8131180	2588.28
705.584	1	42632300	2540.48
1094.24	1	37583500	1834.9
746.61	1	23612500	1959.17
459.025	1	32853700	4205.96
1162.34	1	37374000	1901.02
789.675	1	34609900	1124.49
1140.8	1	42950900	3018.74
1458.74	1	8712110	1308.6
575.17	1	47231100	1831.68
933.872	1	35025000	1651.76
444.154	1	44945000	1444.93
548.168	1	28677000	1295.48
916.44	1	48562100	2475.26
990.211	1	47508300	4222.55
786.006	1	7254150	1719.14
1167.01	1	20595800	2374.42
693.542	1	39192700	1335.03
782.212	1	57723400	2419.24
798.638	1	27847100	2852.84
837.023	1	40505200	1106.7
874.426	1	41165800	1971.3
418.635	1	15666700	1988.98
1112.84	1	4314210	68.7191
475.199	1	17435800	850.331
752.057	1	19317400	1688.13
742.455	1	24499400	1968.09
1004.89	1	9280830	1650.25
572.582	1	25095800	1962.97
986.574	1	12869200	3048.74
1204.74	1	32652800	2509.99
1090.17	1	16145800	1845.01
674.248	1	29835400	1234.48
1223.56	1	2874490	315.811
1493.6	1	31102100	1832.35
590.081	1	57642500	2171.56
443.148	1	20414700	1572.43
927.393	1	23740300	2436.9
463.352	1	38228200	1714.32
869.971	1	31007400	2935
1322.43	1	12137100	4957.12
977.214	1	46613800	1962.45
752.09	1	45034600	4202.31
1113.72	1	36880600	2634.96
1094.57	1	3181080	2534.84
1076.91	1	20641100	3030.47
925.796	1	24995000	2370.77
1072.62	1	19467500	113.529
879.525	1	27273800	2072.7
798.224	1	11937700	1798.52
440.931	1	22226700	4199.19
1269.24	1	20034200	1384.01
1097.75	1	52364200	2944.51
674.027	1	60031300	1696.6
843.18	1	42813500	1437.52
876.255	1	52148500	4203.21
1068.64	1	7545490	2050.04
1021.68	1	10803400	2647.18
936.798	1	64526100	4169.2
1200.94	1	31841000	1560.81
1355.96	1	21523700	2830.45
899.633	1	27015500	3221.91
1222.51	1	6435820	4490.16
947.569	1	18863300	2446.73
1356.12	1	63584800	2273.97
1104.77	1	22282800	3297.37
1258.06	1	50894800	2426.06
751.155	1	70677500	2201.45
883.034	1	21967300	103.058
841.784	1	54382800	2306.5
1110.98	1	64019300	2517.66
392.273	1	4557050	4044.48
697.722	1	54770500	1955.02
636.594	1	16109400	1734.52
678.987	1	16147300	1617.97
1224.17	1	40044300	2949.47
854.454	1	28585700	2347.67
806.407	1	4691610	1697.83
969.323	1	21591300	1470.09
834.75	1	22822600	2271.55
1322.57	1	11125000	4887.32
741.306	1	32785700	2033.11
838.31	1	25525500	1820.21
1359.62	1	14494700	2103.09
667.011	1	29947500	1525.84
717.447	1	21500500	1872.2
1244.54	1	25703400	2947.12
593.1	1	35175900	1773.73
989.074	1	17971400	2544.37
819.983	1	12255200	1901.3
1299.85	1	8744040	2569.49
1103.55	1	38142100	2347.9
774.66	1	43341700	1844.56
1108.85	1	43196900	2812.03
817.051	1	23626600	1375.89
1224.08	1	10005200	1381.63
737.058	1	23045000	1971.84
1072.55	1	33692700	2810.76
1498.33	1	11983700	2329.68
970.967	1	56754500	2712.44
1228.01	1	23639000	2341.85
1322.48	1	10323700	415.351
1156.72	1	47184500	2750.24
498.009	1	7987640	80.1972
996.845	1	37418600	2705.63
929.688	1	31734600	4133.18
762.374	1	45947900	2254.06
696.898	1	47928200	2115.63
1098.65	1	39141100	2761.68
898.484	1	18878400	1185.97
924.627	1	8217900	2058.96
946.017	1	10757700	1804.86
1496.32	1	12828900	2554.96
1077.84	1	56747100	1614.66
1423.13	1	12086500	2458.23
563.284	1	22984800	2182.27
901.586	1	21520600	2368.49
415.693	1	19219000	2063.67
909.19	1	14308600	4224.03
838.279	1	4254270	2058.56
1322.55	1	16124800	583.144
851.416	1	28565700	2404.52
519.433	1	36122000	4171.97
662.353	1	36905400	1760.59
910.291	1	69117300	2638.69
702.567	1	37111300	1641.52
881.561	1	13998500	2397.15
713.873	1	30463300	953.656
657.638	1	43860900	4155.19
996.763	1	28484700	1720.94
1075.09	1	32528900	2463.41
396.286	1	12645100	123.371
1322.51	1	20499600	790.464
487.239	1	13844500	719.207
443.177	1	28811300	1682.16
1035.01	1	20725700	2596.81
939.463	1	28807100	1458.27
1214.6	1	31869500	2957.32
1090.81	1	25168600	1304.44
580.068	1	8990440	689.979
1152.39	1	31567600	2956.6
821.01	1	24023500	955.087
452.834	1	33401300	952.526
699.058	1	16033200	2035.19
785.863	1	39152900	4147.47
420.471	1	30875000	108.709
749.903	1	23147600	1362.77
1321.08	1	62489500	1859.84
1291.36	1	40031600	2354.06
1332.55	1	2070540	2418.1
834.199	1	16656000	2490.84
948.643	1	13327600	1911.69
1290.92	1	63628300	2509.02
706.064	1	17872400	2467.18
1343.74	1	66869900	2220.28
1008.92	1	29215200	2709.18
774.344	1	6470660	1575.45
890.157	1	47309700	1442.27
1261.31	1	29943900	2324.16
516.129	1	43878900	1437.38
1322.59	1	14999800	4785.97
894.779	1	3886160	2052.85
893.974	1	40308900	1374.19
754.537	1	40450600	2119.97
720.145	1	13787800	786.715
736.677	1	34050500	1906.82
731.02	1	18752200	1497.75
724.294	1	25565100	1320.11
874.903	1	67761700	1730.38
776.122	1	37876400	1798.65
626.692	1	34746000	1368.88
781.002	1	26588000	1718.28
771.944	1	30401200	1975.38
729.503	1	42856200	1115.83
1218.43	1	16921700	4158.78
1052.03	1	6959750	2440.58
933.995	1	32464600	2548.46
966.124	1	29896500	4141.73
877.698	1	51398800	1620.88
1123.46	1	27796300	1086.5
633.985	1	45596500	1297.07
1305.21	1	56046900	2088.84
989.47	1	25282800	2472.06
1369.07	1	56513600	2387.15
825.255	1	32861500	1552.57
1449.92	1	27898300	106.629
945.93	1	18619700	2398.22
1251.96	1	41007000	2559.9
557.12	1	36469100	2057
893.314	1	44919600	1299.88
1137.63	1	29047800	2154.58
534.781	1	29501000	1863.85
592.367	1	18173400	1200.74
1028.41	1	33513200	3053.46
1282.84	1	21396200	2081.49
