338.768	1	644234000	4125.05
982.653	1	658978000	2639.55
563.798	1	156173000	4146.94
859.967	1	408148000	2568.05
892.192	1	589319000	1983.5
602.684	1	219407000	1143.91
639.611	1	310291000	1579.35
903.024	1	233252000	1145.04
595.973	1	540414000	1983.17
675.986	1	245611000	4120.36
1131.29	1	276641000	2367.57
1081.69	1	235306000	2971.75
954.041	1	212923000	2337.8
777.76	1	340257000	1989.28
988.579	1	257648000	1987.35
583.338	1	119553000	1238.9
1003.03	1	129029000	1556.93
391.846	1	176890000	4150.56
779.736	1	133599000	1491.89
1288.73	1	150260000	2569.08
818.082	1	134491000	1146.23
1199.86	1	173611000	1807.42
755.212	1	179942000	2365.93
501.344	1	103216000	1359.49
855.642	1	130883000	2133.4
382.077	1	78838900	1229.31
823.122	1	93600600	1312.03
670.093	1	168799000	1558.29
538.544	1	84822700	4148.41
560.62	1	138462000	1237.66
621.047	1	153647000	4146.91
637.929	1	326923000	4146.92
728.654	1	161969000	1983.69
934.01	1	138474000	1536.38
941.966	1	215530000	1799.75
1119.38	1	142877000	1800.43
339.608	1	113430000	4180.27
1019.22	1	250595000	2109.05
583.369	1	89100100	1385.69
629.605	1	231573000	1798.76
609.557	1	74354500	1257.8
623.717	1	113222000	1535.9
475.154	1	69625000	1455.29
904.39	1	386926000	1994.31
1126.56	1	139765000	1986.55
770.491	1	131429000	2343.5
566.251	1	96297200	4160.76
391.461	1	145463000	97.1516
621.764	1	117977000	1096.46
751.448	1	100931000	1359.73
550.205	1	107907000	1312.51
748.732	1	179783000	1805.79
452.69	1	64095800	1285.1
712.427	1	90275400	1457.96
359.972	1	62223400	4185.79
713.467	1	213671000	1999.34
394.038	1	95657300	1206.29
849.948	1	151592000	2017.25
828.83	1	282499000	2001.53
1222.1	1	150739000	1996.74
926.973	1	82786300	2594.74
680.609	1	131446000	2106.76
338.436	1	48322800	1353.31
591.665	1	131524000	1564.35
912.406	1	71975400	1257.15
664.592	1	259471000	4144.39
340.774	1	103257000	4109.6
983.429	1	121800000	2699.04
840.188	1	104803000	1243.13
827.256	1	112877000	1239.71
1208.42	1	86507700	2126.05
674.238	1	144682000	1854.88
763.696	1	71746600	1236.66
549.164	1	75332900	1052.56
635.507	1	60828000	2529.73
605.673	1	68591800	2123.76
715.886	1	146475000	101.851
711.883	1	68887100	1145.89
874.189	1	100745000	1387.76
451.655	1	47888900	2866.5
768.209	1	57166000	1149.39
391.644	1	115336000	988.731
767.161	1	114916000	1665.59
1269.39	1	73320000	2536.97
392.091	1	65330300	908.776
1008.83	1	181781000	1857.98
1066.08	1	153964000	2377.47
392.123	1	148099000	1097.14
391.379	1	99175600	198.469
1117.43	1	104101000	2699.76
657.177	1	53316700	2641.21
391.404	1	92113000	4521.48
391.581	1	71334600	4241.99
391.878	1	90852100	1342.74
982.49	1	111099000	2417.37
391.503	1	97557400	1248.54
1105.66	1	142508000	1770.71
391.508	1	98315000	702.968
991.246	1	156002000	2641.53
391.391	1	92761700	4798.85
395.031	1	134053000	849.867
391.392	1	77039800	555.674
391.771	1	45962000	781.541
785.925	1	103439000	1710.27
405.506	1	55224900	749.17
391.393	1	85405200	4999.41
391.501	1	38445500	4452.36
827.813	1	222441000	2102.61
885.772	1	97377000	1708.85
983.118	1	60078300	2612.62
1129.57	1	128878000	2423
391.453	1	35289600	625.662
391.388	1	91375100	401.864
875.23	1	86720600	1245.38
391.386	1	79769300	4672.6
853.996	1	95647300	2458.27
594.854	1	176693000	4118.5
391.45	1	45190400	4598.81
391.43	1	42295800	24.4746
711.811	1	119242000	98.6776
645.496	1	99191000	1578.75
395.786	1	204137000	4086.02
748.547	1	103966000	2520.77
391.44	1	65028200	306.207
667.711	1	144839000	1934.52
1214.62	1	97990500	1821.08
391.433	1	74599400	4898.95
612.557	1	208308000	4142.96
391.52	1	43059200	482.052
374.095	1	141867000	4108.94
806.497	1	213337000	2368.94
542.378	1	52013300	886.352
1029.83	1	287235000	1977.89
817.398	1	178113000	2000.13
361.662	1	66189000	1118.55
650.595	1	90905600	1421.09
1168.74	1	46893200	1493.31
761.449	1	60544300	1060.47
339.781	1	120683000	103.129
479.168	1	83973800	1054.72
671.64	1	142575000	1261.37
792.764	1	106475000	1390.36
812.91	1	132418000	2208.71
1271.97	1	73149900	2018.37
969.005	1	115125000	2626.77
392.255	1	29512400	1168.9
508.771	1	77776500	1065.34
1056.61	1	119053000	2557.3
391.433	1	36374300	5078.07
910.579	1	154207000	2129.93
1155.25	1	81179000	2591.57
721.282	1	30353500	2869.4
391.671	1	70474100	2338.19
391.666	1	20056100	4734.11
401.501	1	54359900	1007.67
392.098	1	80922000	1529.01
570.81	1	75819600	1555.01
1015.91	1	113752000	2025.67
962.732	1	178583000	2011.5
391.571	1	60316200	4340.26
468.602	1	84839100	1129.86
391.668	1	12069600	258.663
463.648	1	50454300	963.682
487.454	1	96123700	1180.73
391.618	1	72715200	2500.96
1276.54	1	91358300	2159.34
1171.53	1	108322000	2036.82
738.341	1	132407000	1780.16
1033.66	1	133331000	1567.04
895.001	1	149312000	2486.21
465.271	1	41421500	866.046
554.675	1	78418600	1234.13
746.881	1	117644000	1902.78
730.173	1	84077200	1248.55
391.602	1	55340700	2197.45
1098.13	1	107994000	2216.28
822.68	1	66419700	1053.34
813.509	1	92059800	2309.87
949.49	1	189565000	1966.36
391.925	1	73780000	1431.48
648.554	1	111418000	1500.37
391.897	1	86462900	1788.98
1107.18	1	114961000	2487.67
1056.79	1	126523000	1696.42
915.919	1	103888000	2537.69
785.17	1	114535000	1566.24
579.006	1	153609000	4113.2
1239.86	1	150396000	2035.18
603.127	1	92001400	1844.54
735.366	1	78336800	2504.73
812.982	1	166880000	1823.88
366.61	1	57088700	993.541
391.503	1	64087000	3655.01
786.096	1	29307300	880.348
597.182	1	83515800	2046.85
690.005	1	118187000	1575.11
970.453	1	134898000	1785.19
593.784	1	95233400	1465.11
1153.91	1	61037200	2675.35
1114.07	1	55088400	2796.24
391.935	1	21145500	4016.57
1278.21	1	57413100	2456.71
391.632	1	31447300	2270.21
1197.94	1	98135900	99.9729
824.422	1	30893300	2033.72
872.368	1	148514000	2358.66
543.18	1	81599600	1126.89
730.037	1	65570600	1160.05
914.02	1	134802000	1903.56
983.285	1	82839100	2812.62
391.521	1	19427100	4409.62
800.135	1	93154600	1577.58
324.895	1	82663900	4129.5
1092.36	1	131409000	2107.13
605.433	1	143794000	1986.68
775.629	1	76337500	1327.21
391.749	1	47244100	1689.01
844.481	1	204110000	2125.86
1025.33	1	150518000	1769.06
1039.34	1	82192200	2407.96
772.684	1	45393900	2666.21
867.271	1	61247000	1407.51
392.131	1	72536300	1948.62
897.527	1	149910000	2030.02
953.475	1	177683000	1807.46
1100.75	1	84528600	2505.11
1085.89	1	33133800	2977.49
408.179	1	134783000	4087.63
1240.15	1	80227400	2600.18
839.214	1	144697000	1859.26
391.73	1	42157600	3561.19
889.773	1	193331000	2114.28
825.555	1	130368000	2216.35
798.201	1	132098000	2130.57
391.879	1	46461600	1613.13
1218.36	1	133461000	2215.44
824.461	1	134625000	1386.91
443.823	1	71150700	1131.32
802.733	1	106928000	1817.36
721.578	1	47108600	2979.2
688.927	1	188902000	1975.01
757.31	1	71232700	1274.6
888.073	1	195336000	2002.78
387.199	1	48490300	4163.65
1337.51	1	53456500	2640.82
601.8	1	102052000	1154.19
963.076	1	111403000	1679.41
999.566	1	142877000	2370.33
812.392	1	42579500	887.97
619.282	1	72294000	1159.62
876.401	1	101420000	101.922
949.828	1	130264000	1560.04
1033.09	1	55906200	1507.11
391.722	1	57125000	2592.89
970.183	1	104882000	1495.63
452.069	1	36612300	2680.69
1185.71	1	82853800	2219.65
432.729	1	75142000	1284.67
578.286	1	39493300	898.536
869.178	1	223947000	1942.82
391.678	1	35478600	3488.08
666.692	1	82834400	1110.04
391.898	1	49331200	2116.9
790.814	1	115817000	2347.71
573.229	1	71517100	1650.65
1347.12	1	72881400	2036.51
901.429	1	116038000	2576.04
679.182	1	103639000	1989.52
1013.75	1	74759100	2697.57
1424.43	1	41519200	2640.62
778.448	1	99705100	2142.48
816.784	1	130035000	2112.01
860.301	1	121269000	1856.81
1087.49	1	126953000	1860.33
1014.36	1	108277000	1576.63
811.467	1	96910100	1704.8
774.594	1	84516400	1465.56
884.981	1	146366000	1885.45
391.742	1	37441600	2421.95
784.583	1	139984000	2069.58
526.906	1	46191700	888.524
793.398	1	66536700	1163.14
869.35	1	28298200	3126.03
1186.34	1	109789000	2574.32
1104.06	1	113439000	2361.72
391.743	1	51823600	2930.14
1189.34	1	116300000	2359.22
870.127	1	147193000	2571.88
614.63	1	29496800	1160.03
810.874	1	75096600	2026.72
973.415	1	87548300	2533.35
587.296	1	43978200	934.123
392.212	1	30315700	1874.24
1196.81	1	20502400	1011.46
1244.07	1	76842100	1985.15
872.095	1	53986400	98.9072
625.295	1	107244000	4094.84
1237.39	1	27883400	1972.41
854.408	1	145554000	1957.62
391.721	1	39353900	3200.27
946.594	1	109548000	1877.46
864.746	1	29495200	900.049
970.346	1	135582000	2371.07
524.022	1	77153300	1521.75
648.374	1	48737500	2569.19
887.624	1	98776700	1564.25
632.773	1	126096000	1491.32
419.924	1	71988500	1102.89
1215.93	1	132802000	2393.48
357.599	1	120393000	4111.69
974.948	1	71576600	1415.07
1181.81	1	83544600	2357.82
856.355	1	40384300	1873.14
801.329	1	152049000	4112.58
391.781	1	52010400	2832.93
960.495	1	197646000	2126.08
1491.15	1	43035100	2531.48
507.109	1	65963800	1268.32
650.881	1	60848000	2242.87
806.064	1	92434600	1366.67
551.579	1	102158000	1395.11
391.872	1	52724600	2721.86
1031.66	1	97192400	2591.38
1061.69	1	27182700	2344.21
931.237	1	89862700	1129.81
829.427	1	112289000	1820.55
681.574	1	141496000	4127.9
904.526	1	68807800	1236.94
924.492	1	208328000	1991.6
1252.38	1	67051000	1814.44
1080.1	1	133765000	2008.51
709.573	1	91940200	1701.57
1122.54	1	105765000	2127.17
957.527	1	144174000	2235.98
867.067	1	111045000	2220.98
1214.64	1	56971900	1694.35
750.955	1	117613000	1479.72
732.846	1	135277000	4121.09
392.02	1	40666200	2044.11
644.177	1	130273000	4099.47
802.882	1	101773000	2028.66
1118.18	1	140292000	1905.97
634.056	1	41735400	4119.04
391.627	1	36900300	3045.08
553.929	1	76603100	99.6738
1040.94	1	185228000	1931.26
724.495	1	96359400	1336.94
1066.53	1	22943000	3046.13
448.107	1	59500000	1554.18
915.586	1	89991400	1989.63
611.578	1	97943600	1365.36
1001.07	1	223959000	1993.52
903.569	1	38647100	2860.27
722.692	1	71833500	1972.98
392.872	1	11331600	2007.9
912.275	1	33365900	1990.74
567.786	1	83574700	1985.82
917.214	1	63558900	1152.54
940.994	1	49582100	1895.74
684.884	1	54264900	1607.01
1073.64	1	95396600	2028.94
714.719	1	97691100	1911.65
551.974	1	172509000	4117.74
1192.73	1	64085500	98.0106
391.719	1	28917900	3128.9
666.992	1	40365200	4200.87
1123.2	1	108459000	2602.67
835.838	1	111444000	2448.49
764.057	1	65117600	1607.99
918.034	1	121620000	1665.57
352.716	1	57479600	4136.14
687.3	1	121440000	1771.24
391.534	1	26688500	3746.46
469.262	1	151425000	4122.95
603.642	1	54083100	1254.84
822.539	1	61356600	98.3576
912.864	1	116246000	1497.32
708.882	1	24936300	104.117
1026.7	1	132443000	2368.41
1161.9	1	120748000	2352.08
681.659	1	35447500	886.226
641.15	1	94014200	1657.68
1323.98	1	66759200	2380.57
597.991	1	42713200	867.119
903.531	1	152009000	1862.16
1288.15	1	49959000	1501.96
828.817	1	85256200	2599.88
1055.17	1	122210000	2108.43
1053.84	1	147715000	1995.6
817.553	1	37427900	102.884
891.437	1	165914000	2376.11
1310.48	1	83598100	1987.9
392.494	1	6929500	2775.63
729.586	1	70608600	2383.85
827.42	1	111316000	1712.22
925.503	1	157988000	1818.92
431.851	1	127616000	4122.98
802.085	1	147239000	1968.54
890.964	1	115848000	1813.54
702.054	1	72543100	1125.26
714.413	1	68435700	2391.74
729.482	1	103794000	2111.16
1150.85	1	92671900	2109.73
814.15	1	80887600	2505.78
585.7	1	116197000	1984.32
1186	1	57053900	2496.49
1218.54	1	105019000	2056.53
882.846	1	62761600	2405.59
925.983	1	43671500	1156.02
1148.29	1	70598400	1668.51
599.971	1	22298800	1966.44
517.833	1	56685100	1455.71
677.922	1	59095600	1603.68
445.628	1	48657600	1064.37
856.539	1	97065300	2088.34
1202.21	1	96863800	2030.17
884.146	1	40821700	1611.06
770.137	1	54326000	1419.09
348.399	1	33874300	1648.17
393.138	1	24067000	2662.08
907.992	1	41772500	1145.15
1134.23	1	111278000	1807.34
812.248	1	74725500	1638.08
940.474	1	116982000	2123.9
407.208	1	36956000	1645.94
1004.83	1	83534900	2686.82
863.679	1	57692400	2591.82
958.873	1	106913000	2415.3
313.461	1	102270000	4115.58
879.545	1	34906800	932.761
867.359	1	77272600	2401.48
578.84	1	43367000	1400.09
905.179	1	127694000	1663.95
705.341	1	120125000	1801.82
709.202	1	137480000	4142.98
1152.68	1	73681700	2349.4
1223.47	1	44879700	1157.69
1004	1	27731800	3516.45
830.161	1	86858000	2513.38
446.813	1	191129000	4131.06
533.203	1	98812000	4113.53
612.761	1	33733600	4073.33
391.529	1	40865500	3306.13
884.323	1	36694900	1150.07
929.209	1	134734000	1903.74
987.743	1	130471000	2034.33
1208.07	1	95625200	1968.08
923.223	1	95508500	1459.64
510.992	1	105016000	4118.87
876.464	1	141193000	2119.73
820.066	1	153391000	4137.13
783.862	1	148650000	1964.4
1222.82	1	41657300	1049.27
370.798	1	93071600	4158.81
1223.39	1	49090700	1262.25
1014.51	1	101548000	1969.2
669.505	1	109639000	1370.47
854.408	1	122060000	1565.28
488.778	1	79039800	1260.95
1017.73	1	84803700	2402.76
906.838	1	84730000	1567.68
796.617	1	65127600	1802.27
742.107	1	153430000	1993.74
391.934	1	37744300	3415
1194.37	1	56223900	1800.25
1076.96	1	108544000	2126.31
693.723	1	27761700	961.44
777.493	1	145650000	4134.8
1222.84	1	23239400	963.782
597.51	1	70808100	2138.08
707.358	1	104960000	1560.68
1125.11	1	85376700	2355.9
417.199	1	77232600	4174.81
1033.02	1	171976000	2114.58
370.412	1	40554800	4073.55
1222.53	1	31091900	883.27
955.248	1	136273000	2583.29
901.599	1	143810000	2221.06
996.034	1	174765000	1847.57
1029.2	1	76135700	2472.83
883.643	1	33826700	1792.32
1225.01	1	81575000	2137.35
787.155	1	40223000	1401.68
632.839	1	108175000	1974.83
336.319	1	26731000	4123.24
984.352	1	115779000	1788.99
1018.59	1	162649000	2193.34
491.502	1	146141000	4118.05
964.116	1	64656800	2332.67
899.766	1	115385000	1726.82
929.723	1	139191000	2195.59
490.677	1	41214600	4188.73
860.615	1	74578200	2671.65
1224.89	1	92889400	4120.73
1092.11	1	130396000	1976.83
667.287	1	44105600	1566.63
1143.57	1	138754000	2372.59
388.426	1	16699900	3345.4
931.925	1	81359200	1365.9
851.305	1	111718000	2220.93
936.4	1	90112600	1631.15
995.039	1	57025100	1918.22
1238.84	1	103061000	2117.77
971.669	1	166715000	2112.3
1223.84	1	25309800	4045.97
1183.27	1	67110100	2143.51
778.135	1	123641000	1815.4
828.201	1	101622000	2363.71
960.255	1	84396300	1519.8
675.101	1	71775700	4159.52
1004.03	1	124890000	2585.28
412.458	1	48699900	1134.85
1182.36	1	33601800	2615.76
534.723	1	57584600	1572.57
849.618	1	80602600	1332.85
825.2	1	105053000	1570.7
1223.37	1	45931300	1368.1
880.73	1	107665000	1478.31
1065.78	1	87588900	2008.13
965.639	1	36151600	1754.56
942.645	1	57373800	1531.87
628.728	1	87783000	1862.03
723.755	1	62515300	4118.68
742.317	1	134616000	1508.82
1033.09	1	37971600	2872.45
902.764	1	13722500	1174.35
907.879	1	161149000	2385.01
942.516	1	97302400	2578.46
358.774	1	40907500	1039.24
1007.07	1	30114600	1937.8
846.623	1	26999600	2977.75
639.894	1	58921800	2343.01
629.945	1	43989700	2642.58
791.58	1	85176100	2211.24
1071.06	1	78646100	2611.96
703.351	1	97835500	1317.64
705.509	1	56373400	1987.45
423.113	1	39120700	1421.07
613.756	1	79755400	1666.56
864.678	1	22084100	3152.68
907.197	1	78070800	1334.27
1222.5	1	26468500	679.609
681.788	1	85420600	1472.23
1324.13	1	70815300	1906.84
788.479	1	61000400	2151.34
388.453	1	23993800	626.023
881.876	1	51738500	1968.17
581.643	1	96011300	1297.93
1209.1	1	41587100	1799.14
982.716	1	77458100	99.1344
658.706	1	76134800	1170.65
1082.24	1	26630400	3035.84
1028.17	1	79263200	2287.72
1279.94	1	40495200	1577.2
1035.45	1	134932000	2212.05
987.203	1	141636000	2343.35
1310.87	1	26968900	2910.3
1421.75	1	27148000	1156.13
749.996	1	67036800	2129.15
657.156	1	69243300	1327
882.53	1	63935900	2629.92
336.008	1	22852000	112.777
945.918	1	84506300	2220.61
1181.55	1	56489400	1687.87
961.53	1	183138000	1911.93
1129.78	1	90422200	1860.34
1150.67	1	106753000	1808.9
913.592	1	101133000	2069.34
475.843	1	87345200	1337.05
1297.18	1	69428900	1928.48
427.446	1	34482200	1271.1
1222.64	1	15397800	815.591
543.794	1	56563700	4117.93
353.219	1	31716700	981.714
865.782	1	93322100	1507.64
650.132	1	39636800	1309.23
460.382	1	47771700	4101.95
447.041	1	60413000	102.419
568.524	1	45831700	4105.72
768.75	1	45731600	1802.22
621.25	1	35634100	1848.78
1225.34	1	80612400	2654.83
922.87	1	48317700	2222.46
756.199	1	74601000	1564.81
605.983	1	86436000	1770.36
774.186	1	67577400	2087.65
608.581	1	20040600	758.223
901.071	1	44094200	1932.66
1088.71	1	145426000	2335.27
1239.15	1	48801900	1719.71
822.987	1	45101000	2619.81
1297.94	1	58505500	2237.15
647.69	1	44928900	1263.49
1082.92	1	63453800	1344.51
980.203	1	73432300	1971.13
980.165	1	77205300	2266.08
617.956	1	47790100	1016.26
1074.97	1	100125000	1817.66
937.43	1	125461000	2402.84
356.739	1	25274600	4204.11
1048.66	1	48764200	2112.84
595.42	1	80868800	1248.92
796.661	1	55658700	1301.32
790.816	1	108200000	4158.65
1223.81	1	43089600	4199.58
844.176	1	53913400	2010.41
1250.63	1	63639500	99.1123
941.743	1	137842000	2038.68
1308.23	1	57223900	2138.43
1201.96	1	49695000	1496.06
844.84	1	155073000	4136.99
1091.54	1	45734800	2273.33
701.296	1	110993000	1411.04
1325.22	1	57477600	2236.77
532.294	1	67055700	1075.81
1222.61	1	5325210	1105.83
1120.92	1	21420700	1849.04
952.67	1	53280400	2084.62
983.81	1	48665000	1153.51
1332.63	1	30441500	2863.58
559.376	1	35839100	2019.2
1142.97	1	53322600	1599.13
803.419	1	49173800	1712.3
917.392	1	50927100	2240.57
1167.55	1	65319800	2248.16
877.482	1	68483200	1869.67
998.766	1	23934600	2704.01
1035.13	1	68981900	101.223
1058.14	1	53646800	2389.13
760.402	1	60613000	2574.92
971.785	1	101422000	2230.59
684.221	1	109303000	1287.64
527.159	1	14962700	553.009
1222.36	1	27038000	475.941
1069.4	1	129627000	1891.88
894.151	1	52035800	1923.06
974.867	1	55968400	1992.72
608.424	1	20252500	1656.16
857.267	1	43514300	2564.75
1222.5	1	23135300	591.15
828.367	1	82075000	1943.33
1391.36	1	57342400	2377.4
953.24	1	9028110	1889.23
791.323	1	112127000	1486.18
941.293	1	40511300	1968.93
1260.4	1	78683100	2123.37
587.746	1	20546200	4102.77
431.686	1	46013400	1576.77
1222.34	1	25494400	4843.22
1313.21	1	60564300	2642.08
429.666	1	53604600	4184.73
853.473	1	51059900	2578.8
821.282	1	58705400	2788.55
878.905	1	61412500	2001.66
1222.62	1	16867000	755.086
773.006	1	115354000	2200.05
675.272	1	31577100	2013.17
1224.62	1	49031600	2572.46
766.477	1	101653000	4126.82
772.229	1	83300500	1993.29
1222.33	1	23589800	270.65
1207.39	1	52999900	2360.17
794.19	1	58856900	2014.33
935.952	1	27579400	2561.48
970.975	1	32543500	1994.05
1023.06	1	54547600	2829.28
661.329	1	130917000	1785.28
671.9	1	23535200	1321.02
1089.71	1	84782600	2599.41
811.42	1	60867500	4122.63
1355.62	1	77169700	1983.64
741.966	1	52371200	2092.54
801.306	1	33104600	2418.69
654.525	1	56597800	2341.44
679.574	1	31197100	1194.14
1023	1	86069300	2576.37
1010.26	1	82681800	2493.26
1222.42	1	21217900	387.06
622.993	1	70888200	1987.07
942.771	1	61541800	1754.48
1050.82	1	85880900	4166.54
737.751	1	57350800	1873.2
585.156	1	56895700	1542.8
702.553	1	50501500	4123.92
1222.35	1	15815600	195.788
699.746	1	82191100	2107.39
758.079	1	154513000	1992.91
934.959	1	59985400	1980.21
1090.1	1	41213200	2204.69
1161.7	1	49998100	2206.77
1222.36	1	17534400	4758.4
854.703	1	34326900	1491.95
1202.14	1	74520300	1891.11
838.392	1	75646400	2010.96
404.231	1	74390200	4176.23
1223.7	1	29123600	124.828
392.462	1	7491220	2993.07
681.505	1	57623400	1115.17
977.72	1	26635700	2338.44
832.99	1	115433000	4141.62
807.465	1	110205000	1901.77
476.584	1	51339400	4191.07
471.762	1	37736500	1394.66
1225.06	1	51755300	1578.53
1211.03	1	48532200	2689.06
1222.52	1	8791240	332.25
1175.19	1	31511100	1710.59
1087.46	1	61435500	2531.49
616.181	1	64773300	1911.95
305.874	1	43743100	4114.84
958.149	1	32806000	2343.51
533.823	1	53747200	1789.64
974.694	1	26206800	2303.28
866.915	1	126039000	2028.96
1222.39	1	24291900	4622.43
1222.84	1	27475400	63.0721
908.562	1	78619300	2468.83
786.153	1	19987800	4192.45
865.34	1	63077100	2159.09
423.78	1	71057600	4107.02
867.953	1	32232000	2106.86
644.947	1	84905300	1850.99
553.719	1	39114100	4191.05
761.313	1	90392800	2358.7
700.74	1	58044300	1971.65
866.574	1	75896400	1682.51
709.202	1	34873900	2794.26
1495.51	1	24693400	2642.77
1222.83	1	5089420	537.199
759.404	1	57313700	4094.11
547.859	1	53561500	1225.65
695.857	1	91377500	1485.56
725.831	1	42169100	2331.41
766.286	1	39528600	2088.98
703.579	1	32053300	883.941
524.55	1	108279000	4136.13
503.556	1	58029800	4112.12
1222.41	1	28362000	4948.32
778.803	1	72404000	1248.46
665.777	1	56852000	4075.89
1094.69	1	72073200	1686.56
1056.23	1	143538000	1841.7
1219.41	1	28644200	2642.08
731.906	1	41547800	1781.03
1222.34	1	17369200	4538.58
615.389	1	55346200	1997.58
658.291	1	70224800	1854.87
842.254	1	86901600	1561.03
1127.45	1	114500000	4120.63
1303.59	1	70783600	2569.79
1275.57	1	55894200	1961.77
1439.63	1	40473800	2016.91
819.251	1	61056300	2431.13
482.513	1	34821100	4123.78
539.739	1	45043800	1029.13
1143.46	1	24286000	1800.32
591.562	1	30906900	1140.21
1043.65	1	51464400	2121.94
764.76	1	61740000	1822.58
731.033	1	57481000	4192.92
505.597	1	38204700	1710.63
1176.28	1	87013000	4134.85
1009.85	1	60898500	2117.07
1307.67	1	17466500	2972.56
1133.28	1	103111000	2566.75
1222.34	1	16345400	4469.87
813.028	1	74069000	1558.51
566.739	1	25997600	1939.08
1109.14	1	34908800	2709.34
1070.01	1	25279500	2107.7
667.854	1	89003900	1480.34
576.154	1	99498000	1791.26
726.87	1	116969000	1862.1
715.611	1	44572900	1849.83
982.482	1	112686000	1872.63
1026.46	1	40697800	2051.37
651.538	1	72537400	2145.85
461.993	1	56637500	4184.88
789.041	1	14076000	550.551
924.97	1	90203700	1267.78
586.715	1	62825100	2103.65
464.89	1	88468400	1228.89
1226.25	1	111022000	1809.56
1020.63	1	139583000	1839.45
479.449	1	26440400	4109.67
946.732	1	92048700	4177.17
989.204	1	21683200	3046.77
962.648	1	136452000	4133.61
709.532	1	42847100	2354.48
1117.03	1	93460700	101.742
737.411	1	57085700	2195.14
1070.31	1	116557000	2227.39
795.815	1	56256800	1902.69
987.786	1	94240300	2555.22
1057.83	1	78919400	1927.18
974.886	1	43541600	1898.68
604.867	1	26731500	1668.32
533.722	1	73775600	1988.5
1086.77	1	31357800	2148.69
735.142	1	31673800	2032.34
1221.91	1	29959400	2978.44
516.221	1	70971400	1356.67
647.779	1	108684000	1769.01
579.467	1	15662600	2720.08
1222.4	1	15532000	4298.73
1047.47	1	126712000	2355.43
718.786	1	47061500	4113.91
1087.81	1	23168100	1664.15
1006.33	1	101638000	2282.51
1368.98	1	61862100	1920.99
901.893	1	12522400	1133.38
1110.86	1	97388900	2624.78
1222.42	1	24265100	5054.18
1245.19	1	24667500	100.567
456.003	1	56749200	1979.21
1222.73	1	14937300	3574.78
932.826	1	43679500	2112.74
1005.88	1	70631900	4178.98
759.393	1	38551800	1799.99
970.802	1	62086000	1865.78
745.925	1	115462000	4098.42
970.437	1	20741500	2302.02
1128.05	1	88141800	2221.91
823.912	1	75360100	1892.55
702.312	1	31102600	1683.03
531.301	1	46436900	1162.04
764.841	1	78135600	1917.56
892.901	1	54791200	2578.56
972.349	1	48013900	1244.69
1046.74	1	43867100	2030.75
872.991	1	54732300	1317.96
856.547	1	67582500	1660.98
986.835	1	95127700	1699.62
847.391	1	69861600	1679.44
993.622	1	81010500	1409.96
1325.57	1	42932200	1579.66
964.655	1	28159000	1841.81
1017.1	1	113889000	4123.51
572.73	1	26144800	921.02
1103.53	1	122250000	1892.36
1227.99	1	85930900	1950.08
814.454	1	41245700	1957.48
694.161	1	120499000	4130.48
740.446	1	59781400	1577.07
868.139	1	116454000	1797.8
1040.5	1	96573900	2018.07
847.068	1	22035700	1626.29
1193.05	1	82900000	4171.74
927.891	1	133758000	4150.79
843.64	1	118514000	2361.67
1064.22	1	60985800	2093.8
1141.42	1	65093400	2670.88
1481.46	1	39919000	2011.97
1138.96	1	71242300	4185.27
822.513	1	44088400	1824.66
1187.71	1	44853900	1389.54
980.383	1	22798000	1761.25
1218.42	1	23763600	4175.35
858.647	1	106605000	1767.23
883.599	1	125686000	2225.02
694.963	1	69343700	1676.75
668.059	1	22510400	2868.46
629.553	1	94485600	2109.1
658.796	1	39040900	1065.74
928.003	1	49638500	2804.7
750.553	1	49833100	1594.93
940.989	1	40032100	1470.75
1078.63	1	35541600	1941
595.982	1	30169200	1782.05
1042.78	1	112555000	1804.76
719.044	1	89684800	1664.07
862.043	1	44940800	2353.86
606.631	1	52755100	4123.72
656.725	1	111200000	1977.43
930.07	1	51592000	2076.25
1327.1	1	17163200	2836.67
937.271	1	21322800	4180.57
851.567	1	86658400	1796.11
478.081	1	60393900	1249.48
1110.82	1	143611000	1996.26
1089.1	1	32269700	2062.6
923.786	1	54745900	2101.19
926.959	1	109131000	2343.31
1181.36	1	44760300	2747.71
456.133	1	31455100	1246.07
651.161	1	47739700	1221.68
1256.11	1	67084000	2600.87
1124.56	1	62339100	2047.58
427.418	1	41878400	4054.14
646.138	1	56655000	2097.19
438.198	1	24994100	1092.74
1222.45	1	4742100	5.47016
1425.35	1	37068100	4187.73
861.981	1	52669300	2808.85
1442.77	1	47210500	2147.07
1102.02	1	37529300	1991.34
416.926	1	32633000	4097.89
419.646	1	25936100	1901.15
1284.38	1	40909200	2573.22
1140.1	1	80383000	2031.47
802.115	1	53834900	2270.01
642.706	1	33223900	1491.78
1223.01	1	29755400	1880.39
1222.41	1	11684800	4699.68
1116.09	1	81795200	2365.7
1370.5	1	67541600	2369.14
878.173	1	51399000	1561.18
774.625	1	87357000	1566.45
490.815	1	63862800	1370.08
940.722	1	68079100	2286.64
501.922	1	63745400	1806.66
953.457	1	28568000	4112.37
948.664	1	42436500	4098.65
712.623	1	11061400	3049.02
707.213	1	50744500	1895.89
1150.18	1	57319400	2547.88
501.835	1	49752900	1989.26
340.98	1	14551800	72.1651
599.944	1	30525000	1671.81
568.094	1	75058400	1346.76
1027.06	1	14683300	2215.46
1281.22	1	94056800	2358.13
639.642	1	36028900	1794.27
1006.4	1	42432400	4110.89
860.446	1	149541000	4125.68
847.196	1	49032100	4070.35
704.813	1	17935500	4199.69
953.858	1	30118900	2173.56
1326.24	1	70568800	4153.12
859.15	1	24669100	2025.84
518.508	1	48004800	1557.63
1165.9	1	70790100	1978.17
1325.69	1	62523800	2015.64
719.88	1	70574000	1074.2
826.607	1	24020200	2159.84
509.885	1	49896700	1561.08
983.094	1	38773400	2502.09
1001.17	1	19453600	2640.27
829.471	1	24947200	4194.74
678.283	1	78439400	2366.47
1243.02	1	69806500	1815.28
1117.34	1	91581400	4144.89
866.743	1	36397700	1243.82
1068.08	1	18641800	1954.78
1272.75	1	50786000	2226.76
877.709	1	41709700	2913.71
891.737	1	125239000	4151.91
1082.69	1	25979200	2603.39
1024.79	1	32178500	2501.86
388.46	1	20551000	4088.12
672.623	1	13678500	1188.91
1293.04	1	25611000	2206.44
446.847	1	43924400	1280.5
1322.87	1	28585200	1112.27
1199.34	1	26149300	1966.21
915.505	1	77067200	1808.26
980.292	1	71090000	4185.07
565.766	1	47208600	1506.69
792.685	1	27639000	2061.7
400.696	1	11124700	4137.17
976.624	1	45869400	1680.89
1266.02	1	95833500	4143.93
910.184	1	48945500	2788.08
1285.12	1	61609200	4173.5
601.583	1	47930700	1017.87
1269.85	1	47578300	2401.07
1316.26	1	36482600	1886.74
441.891	1	23752000	1581.02
1294.26	1	82030100	4121.49
1021.72	1	61548500	1908.94
748.361	1	76849000	4182.96
792.885	1	22037400	4088.08
910.621	1	21949300	1795.99
1180.06	1	20404700	2469.52
720.535	1	58694900	2125.88
988.531	1	14798900	1942.21
918.556	1	92792200	2367.57
1292.08	1	44095600	2692.76
1305.4	1	83114400	2367.54
394.569	1	12382900	150.97
504.778	1	79056700	1442.03
442.988	1	24889200	103.752
1000.51	1	82133400	1687.25
1148.91	1	60095000	1556.03
636.109	1	76282500	1118.83
1183.58	1	127429000	1989.89
1008.05	1	92830900	1775.87
878.373	1	136150000	4159.87
1323.37	1	21081800	1035.86
999.185	1	58337700	4119.39
648.081	1	48902500	2008
482.211	1	40837700	1136.67
903.07	1	48790600	2117.26
764.836	1	63829500	1481.88
937.902	1	22233900	1906.51
354.635	1	38463300	4053.78
948.716	1	27658900	2128.35
680.293	1	82831800	1808.69
857.743	1	38074100	2342.33
1201.81	1	30921500	2358.17
301.169	1	18763300	4104.65
923.521	1	10701800	2285.25
680.014	1	32460700	1543.41
1004.47	1	50848600	2108.24
550.104	1	15779700	98.9252
970.852	1	9737190	1939.43
873.139	1	17637100	1868.5
455.407	1	29992100	4136.49
911.92	1	133125000	4120.4
695.228	1	48811100	1053.72
756.139	1	25293700	1803.37
1175.07	1	40084900	2359.98
710.09	1	36649200	1497.92
579.271	1	30211200	1221.87
656.378	1	54393300	4170.49
1436.02	1	41847200	2590.85
1066.77	1	115547000	4159.73
933.595	1	77689100	2666.94
911.437	1	61259800	4192.94
581.6	1	52549100	4188.7
467.83	1	41836500	1978.79
1082.9	1	136288000	4145.12
1455.83	1	56882100	1987.18
850.647	1	50347600	1881.35
533.743	1	26493700	2368.08
1020.44	1	63862800	4197.92
759.167	1	18282500	1486.2
905.082	1	65848800	2683.94
1263.17	1	62347400	2047.71
1041.44	1	40950800	4182.88
1121.78	1	46141500	1150.91
1350.49	1	87116600	2348.42
685.331	1	68445100	1901.34
884.138	1	59266200	2559.37
756.872	1	39750600	1889.19
384.492	1	33170700	4110.87
985.298	1	133718000	2115.89
760.876	1	36474600	4184.71
610.99	1	96451300	1551.1
1405.44	1	62303400	4171.52
671.739	1	51979700	2047.79
1267.57	1	14739600	1979.17
1135.44	1	28090100	2368.45
919.514	1	30222400	2141.91
395.961	1	19295500	4193.41
951.201	1	39722300	2378.04
912.429	1	32343100	2312.98
1243.01	1	95433100	2375.25
845.386	1	15217800	1933.87
997.46	1	47940200	1766.62
1124.62	1	50268600	1346.5
604.123	1	27599300	1917.61
386.756	1	22410700	903.924
576.28	1	24199600	1990.92
528.569	1	28177500	981.154
633.271	1	59401600	1747.85
658.518	1	32524900	4098.78
997.969	1	70955600	2121.23
872.034	1	49494100	1600.61
1339.69	1	58477600	4172.14
653.569	1	31460200	4110.57
600.738	1	55442700	4190.45
439.748	1	62164500	1225.22
1113.75	1	31570800	1827.68
1105.7	1	111846000	4147.34
751.535	1	21433600	2012.57
1253.47	1	62537800	2222.26
622.745	1	23895700	1778.25
365.948	1	24748000	4124.68
967.443	1	77311900	1607
533.735	1	92195500	1261.58
819.705	1	33180600	1219.88
1189.22	1	21129800	104.486
857.223	1	17512300	2719.76
344.836	1	45845600	4063.1
715.297	1	49591300	1335.55
1355.37	1	44730100	2230.14
722.482	1	14170300	4194.86
1385.14	1	30877200	104.011
892.904	1	13976900	2069.07
901.92	1	59917700	4126.03
927.937	1	54950800	1547.29
894.337	1	19164800	1875.94
806.243	1	35809900	2195.48
793.635	1	83453500	2569.05
1454.61	1	53080000	2379.02
1127.7	1	42931300	2507.04
827.136	1	20566500	4093.15
786.556	1	67095700	2504.38
767.321	1	43830800	1348.27
1288.52	1	75524700	2020.01
992.07	1	59010900	4114.81
920.107	1	61034900	1579.28
1296.66	1	32328400	2577.01
1391.68	1	54662200	2003.14
899.057	1	31246500	2132.73
627.089	1	78368500	1639.03
813.593	1	14031100	2154.2
1095.07	1	47979900	4189.08
1054.57	1	60752800	1761.17
1160.62	1	112306000	4138.34
1136.92	1	82113500	2116.66
1250.75	1	66060100	2119.34
622.457	1	13189500	1484.67
442.272	1	41192800	4195.28
585.479	1	42908600	1467.93
587.196	1	30229100	1105.52
801.569	1	15832800	2205.69
1047.12	1	53745700	4107.07
836.014	1	54846700	1044.32
943.52	1	26930400	2985.26
756.556	1	57792700	1163.05
1322.74	1	21723000	959.015
913.283	1	29642500	2230.39
807.929	1	49585200	2112.67
1093.3	1	89487800	1789.37
462.453	1	19766300	1130.5
957.756	1	10272900	1962.77
923.098	1	14929700	2054.5
1024.32	1	68315000	1373.4
1233.45	1	42852400	2363.7
522.093	1	41611700	1987.47
1112.24	1	41725400	2294.39
1387.44	1	44530200	2203.72
725.533	1	109283000	1460.07
1135.04	1	36065800	2308.91
1264.22	1	18503600	1972.83
579.037	1	31041300	1498.89
414.871	1	39319300	1371.48
1120.2	1	27971500	1987.97
474.853	1	12897600	2870.13
951.687	1	56521500	1147.77
1389.35	1	47260100	4174.01
1058.94	1	56980200	2229.45
884.979	1	56900100	2312.74
736.256	1	50941600	2587.88
838.032	1	54924000	1929.09
1117.95	1	37999200	2217.84
1143.05	1	116297000	4114.74
923.96	1	25327900	1376.53
965.96	1	26773900	2187.39
954.659	1	14539500	2032.4
549.994	1	52108800	1647.2
1170.62	1	32127500	2359.99
1319.69	1	18530000	1978.93
1034.65	1	11486600	2392.71
379.702	1	37800600	4057.93
915.772	1	47144200	1736.19
644.871	1	59484100	1071.33
933.516	1	69336400	1762.66
1175.5	1	49079200	2128.38
1372.56	1	56745800	2160.23
1156.75	1	62949400	1997.14
834.237	1	58377100	1156.32
793.745	1	90374100	1670.22
958.087	1	58381800	1260.98
392.107	1	11284600	3966.6
620.467	1	51506800	2333.45
459.992	1	29052200	2202.14
1026.4	1	8035180	2426.37
1085.16	1	85430500	2440.81
1225.97	1	52917700	1471.95
516.115	1	21466400	1978.04
1322.4	1	18640300	4818.55
1055.26	1	70261000	1454.97
1229.81	1	40001000	2313.08
1080.72	1	54742000	2356.36
941.828	1	10217400	2181.92
1436.88	1	39165200	2404.67
1198.03	1	33707500	2355.21
1123.64	1	67849600	1568.08
1085.55	1	25079300	2233.37
695.878	1	18456600	864.499
1170.35	1	35633700	2143.1
904.136	1	28121200	1794.51
1294.92	1	66417900	1808.84
1077.26	1	26400800	2300.51
986.279	1	38447700	2767.03
1224.89	1	46363700	2360.38
1193.32	1	36834500	2031.33
838.854	1	88592100	2204.94
823.494	1	24808800	2516.64
1477.12	1	7919370	1981.55
757.324	1	58268100	1412.98
950.464	1	13660900	2036.43
1008.81	1	49481700	2206.46
1497.35	1	19895800	2386.77
549.289	1	62896200	1982.26
1028.74	1	59682000	2698.32
427.381	1	54437600	1033.63
1218.32	1	26004700	4111.32
642.831	1	54252000	1940.83
700.279	1	28990700	2039.08
1128.86	1	63014100	2681.82
1105.59	1	105722000	2116.7
1324.07	1	46302200	1346.98
999.282	1	51120200	2208.31
1073.49	1	77686900	1570.67
939.77	1	70591100	4104.1
932.533	1	61446300	2504.18
1323.24	1	37442700	1225.59
645.343	1	45282500	1371.33
846.22	1	27079800	1806.68
823.463	1	51881000	1653.62
659.432	1	69787900	1569.34
1014.91	1	9941300	1900.1
551.04	1	49670200	2106.95
852.485	1	17695800	1735.98
802.55	1	20062500	1644.44
906.603	1	34819900	2301.88
785.246	1	11185000	1637.55
767.786	1	49264500	2248.62
1125.14	1	21535500	1089.35
1026.28	1	34419000	1570.06
754.606	1	19120300	2591.11
1024.29	1	29296700	2749.29
837.385	1	23664500	2091.98
900.017	1	28946700	1568.85
818.607	1	24693500	2372.17
788.503	1	23129400	4087.16
844.35	1	55016700	1384.5
1153.91	1	41234500	2227.59
870.19	1	24328100	4193.41
986.493	1	38950000	4124.65
750.241	1	18994400	1145.26
729.189	1	93584000	1556.79
1210.52	1	28787600	2219.2
809.482	1	55900400	4191.55
829.001	1	49884900	2296.18
878.823	1	23729600	1795.59
1133.52	1	14638300	2024.47
727.201	1	22489900	1778.83
1108.22	1	15817400	1844.2
1110.19	1	60787900	2216.78
983.576	1	81585700	1573.89
1333.78	1	67001000	2343.02
925.773	1	59539100	4079.63
607.815	1	41229000	2335.54
555.749	1	52200600	1559.82
1272.02	1	29812200	2130.16
713.256	1	48844400	1386.8
698.627	1	55042700	1901.31
650.291	1	28592500	4186.31
1205.61	1	44194500	1715.38
921.863	1	22163500	4193.55
1213.52	1	43410900	4125.87
398.078	1	3403100	4146.8
1010.39	1	44714800	2400.84
851.503	1	39987700	2637.65
904.582	1	45057200	1418.58
1014.61	1	3020290	1828.06
1439.25	1	34431800	2347.19
759.039	1	62905800	2101.2
950.88	1	62508100	2675.93
439.246	1	17392000	4111.27
875.724	1	11484000	1797.97
1059.99	1	53896800	4097.62
908.538	1	13081100	1945.1
1247.11	1	46744800	2318.44
1038.8	1	27890900	1858.51
944.845	1	53809700	1404.32
1034.63	1	43976800	4171.39
799.565	1	62697600	1057.5
1037.52	1	45837000	4109.02
592.259	1	15700700	4191.82
1044.76	1	33936600	1157.02
1015.15	1	48664900	2343.1
823.412	1	34957100	1138.91
961.84	1	27544600	1800.06
1050.31	1	95437000	2229.97
998.231	1	43216900	1109.92
1201.17	1	59101400	2122.17
828.67	1	102877000	1488.89
693.946	1	21987300	1878.11
787.379	1	49420200	1893.77
560.798	1	68841300	1041.19
720.577	1	17750000	2348.7
422.114	1	19506400	984.183
896.445	1	92771600	2275.49
1138.65	1	37996000	1485.47
890.508	1	73445200	1445.6
993.823	1	50314100	4192.18
1375.14	1	52785300	4175.5
715.301	1	46570700	2089.53
1337.98	1	40349000	2473.24
1215.82	1	43599100	1899.22
860.764	1	42561200	4200.47
1114.96	1	24070500	2124.82
689.956	1	72934800	2085.69
800.544	1	6971840	2081.68
853.687	1	21622500	4183.92
1292.32	1	25284000	2561.13
882.187	1	24608900	2063.25
624.089	1	92045600	1286.58
734.917	1	53126600	1695.74
873.09	1	43037200	2295.21
750.817	1	11028800	2072.24
1279.3	1	26057300	102.819
1362.54	1	65384100	4126.06
977.46	1	28472600	2463.46
917.015	1	58009700	2624.12
937.533	1	21523400	1843.7
353.068	1	9696170	4221.56
1400.95	1	54045900	1968.49
515.875	1	64106300	1803.16
366.323	1	21190400	4052.89
820.039	1	36931600	1465.56
1023.31	1	9931230	2006.94
977.209	1	19229800	103.782
1280.04	1	61445900	2095.8
1199.57	1	49707500	2280.15
973.746	1	22579200	2455.63
1322.56	1	23243000	647.127
1067.43	1	30026600	1781.55
1322.44	1	20506400	5034.05
1451.88	1	52732600	4172.44
1145.8	1	70847500	1970.11
480.523	1	59086200	1655.54
751.664	1	43118400	1055.1
859.101	1	40368800	1241.23
700.828	1	37197400	1598.9
1099.56	1	8805400	2167.56
852.151	1	47022100	2325.53
1170.96	1	37263000	4178.16
785.438	1	9427150	4118.63
952.432	1	29560700	1481.11
1252.06	1	65665700	4184.54
510.734	1	38967900	4192.24
972.472	1	20922500	4195.04
697.75	1	29108600	1785.41
1046.82	1	27629400	2275.7
1407.55	1	39223000	2218.07
723.255	1	31995300	1247.5
751.321	1	23394700	1304.72
774.977	1	46024500	1891.37
520.575	1	64034900	1272.42
492.184	1	65359500	1089.32
667.887	1	16923800	1856.09
1323.99	1	31044700	1490.51
971.998	1	50862900	2706.52
476.533	1	23863000	1152.13
516.856	1	64861300	1160.75
1170.89	1	95065300	2600.21
1201.02	1	78094900	4121.3
1206.43	1	79432000	2507.98
382.194	1	27603000	4166.49
1049.97	1	25345200	1910.5
1264.38	1	26243300	2521.97
1080.98	1	43400400	2222.63
1188.34	1	52314200	1817.32
1107.18	1	38335600	2572.49
493.948	1	13095100	1977.24
949.033	1	64248100	1332.33
1322.48	1	21875100	344.43
1049.44	1	103665000	1565.82
524.249	1	15509200	968.26
1164.02	1	87291100	1872.72
481.247	1	26684900	744.07
1122.78	1	33682300	2472.1
757.816	1	70781600	1720.19
1110.93	1	16833000	96.0127
1322.61	1	23129100	796.986
710.739	1	25159200	1077
750.118	1	34813300	1726.06
1156.03	1	41900400	1907.13
888.989	1	48654600	2827.49
948.065	1	89638500	2491.16
1322.5	1	20245600	217.523
1165.78	1	55362200	1575.3
748.897	1	58518000	2374.91
978.773	1	62910100	4115.41
878.245	1	9209710	1932.39
896.832	1	37564500	4081.64
456.21	1	31382300	4067.8
560.504	1	52871100	1867.14
761.669	1	53301100	2497.95
814.419	1	32318400	1131.99
1223.33	1	13712700	3497.45
1207.26	1	29012300	1159.04
1324.08	1	38392000	85.0009
1163.23	1	50155900	2128.47
1156.5	1	62206700	2481.83
1129.84	1	63776000	1710.81
1325.65	1	56032400	2131.68
1225.58	1	43185600	2844.85
818.773	1	42079800	1769.5
754.204	1	29027800	4077.72
972.736	1	21761300	4120.22
1095.39	1	55395300	4112.85
1093.7	1	11045700	1741.04
1144.58	1	54367200	1899.44
1289.93	1	14754600	1964.27
732.383	1	43560200	1089.41
923.444	1	65015900	2459.13
844.913	1	20636700	1748.76
1256.06	1	40264500	2010.43
836.985	1	47399900	1320.08
435.14	1	68175900	1365.7
789.363	1	47673400	1824.92
1139.2	1	35008400	2954.03
730.627	1	42180200	1013.57
1425.22	1	60172400	2353.67
1123.41	1	26984900	1753.8
747.465	1	40591800	2632.02
727.356	1	12298000	1722.47
1195.27	1	12340000	1969.11
908.521	1	14245300	1740.55
813.063	1	35656900	2697.49
1143.7	1	48019300	2518.29
1322.95	1	12505600	723.802
761.982	1	18182000	1353.69
1222.17	1	15019600	1525.86
1322.49	1	20916300	474.163
826.154	1	22230200	4057.35
558.838	1	54071300	4075.3
1124.2	1	40800400	1245.76
1328.28	1	40795200	1824.61
1019.5	1	8590440	2777.2
839.372	1	48311500	1773.79
1283.24	1	43920400	1819.73
1322.49	1	19558600	4663.53
1322.47	1	17798500	4535.58
995.475	1	36120400	2285.81
1156.95	1	23708300	4197.37
1085.18	1	9457550	1909.57
893.208	1	23416300	1759.03
1224.23	1	36226000	2755.11
1489.68	1	25671300	2649.55
956.338	1	21855600	1661.12
1206.67	1	37534900	2639.04
874.638	1	60457600	4098.35
1404.29	1	42093700	1814.66
1424.69	1	25062200	1575.68
961.021	1	13601400	2071.66
809.809	1	76287200	2610.6
486.386	1	48389300	898.895
548.455	1	16492600	4192.79
594.964	1	12863900	1961.17
1085.87	1	13507500	4217.92
1323.01	1	19683100	881.412
428.139	1	24895000	638.736
1030.91	1	23728800	4121.93
493.086	1	35190300	4057.52
947.185	1	27310800	2381.44
674.018	1	32453600	1754.85
895.827	1	22104000	1568.54
1465.25	1	37435100	99.9757
1021.12	1	41837600	2644.3
1028.3	1	70398600	1678.8
1222.72	1	13449400	3713.01
898.408	1	20191300	1117.56
1178.12	1	28380600	2218.34
689.54	1	35911700	4064.32
1459.96	1	20910200	98.9186
1414.84	1	38875900	2396.33
329.568	1	17633500	2908.76
501.364	1	31164900	101.71
1255.02	1	47400900	4117.89
1124.57	1	19706200	4045.38
780.261	1	31875100	1678.17
998.476	1	52316000	1562.47
721.396	1	51108900	1773.7
999.523	1	54346400	1496.46
864.608	1	41985100	1603.03
1301.96	1	44792400	98.9977
1192.64	1	19147400	1950.31
770.49	1	28325300	1192.86
923.158	1	10280100	1324.2
719.974	1	40847200	1555.38
604.497	1	25879200	1578.89
1148.66	1	21226400	2231.43
997.859	1	71741000	2484.5
904.404	1	15503400	4208.29
1154.29	1	30186800	2056.76
926.456	1	16548100	2543
1318.65	1	8288630	1481.23
1123.01	1	28090900	957.733
949.624	1	59446200	1665.59
815.028	1	27211100	1486.96
859.252	1	15841600	2221.34
636.429	1	72011100	1245.19
977.452	1	27388100	4055.43
1194.13	1	20902200	1499.88
740.433	1	41769300	2360.78
883.059	1	9805910	1741.85
614.156	1	58443700	1482.44
1322.53	1	11924700	4744.68
1322.78	1	8565600	152.486
635.407	1	35780100	1577.71
1163.61	1	26132700	2065.93
890.056	1	61514900	1375.01
1218.07	1	13357200	1388.81
742.597	1	4743510	4146
1147.02	1	31750600	2302.76
1322.5	1	15577800	560.077
386.169	1	30129100	1294.73
1246.25	1	31648500	4111.54
1007.42	1	62011900	1317.05
1324.56	1	45339900	4065.35
574.409	1	19276600	1484.58
1000.34	1	17339400	2054.97
417.131	1	21548200	1017.66
934.034	1	13712000	1845.02
755.623	1	8977850	4152.35
869.068	1	16602000	1863.72
1059.96	1	15484800	4189.07
674.158	1	70976600	2164.71
952.049	1	12969700	1239.67
729.284	1	13936400	2044.41
1422.84	1	15159700	877.881
617.931	1	58980400	2121.91
642.407	1	44977700	2484.39
644.595	1	30605900	4182.73
996.083	1	38703200	2742.58
690.322	1	15265400	1699.84
785.135	1	11453000	4070.68
794.611	1	25641700	1576.05
761.989	1	7896440	1673.27
832.587	1	13063900	1770.24
1238.92	1	40093100	1862.79
1041.98	1	65802500	1684.24
471.704	1	39169100	4060.99
1095.14	1	46976500	2415.61
1014.76	1	37163300	2618.15
1102.06	1	13515200	1836.56
952.821	1	51604100	2869.73
808.501	1	22914600	2523.34
1022.71	1	23859700	1557.61
1143.73	1	34936400	2215.65
934.547	1	17577400	4074.51
745.168	1	22136600	1733.94
1103.49	1	20673100	2291.72
1213.63	1	64218500	2310.85
1323.41	1	18335000	2312.57
1118.47	1	13862000	1740.18
837.527	1	68254000	1664.17
1351.11	1	69209100	2558.67
1113.76	1	54242700	2448.23
521.122	1	48346100	1081.31
394.515	1	6204600	4872.09
520.546	1	28032200	4181.6
848.451	1	22764600	1274.61
1107.82	1	62662300	1575.61
934.021	1	20583900	1482.26
1034.83	1	29399400	1810.97
747.927	1	14973200	2574.41
1277.88	1	37737700	2699.04
615.833	1	39200500	1771.34
1145.17	1	42196700	1729.14
942.374	1	14401500	2355.96
1323.04	1	17262500	4244.55
817.298	1	20299700	1397.71
1082.57	1	12747900	1776.92
1472.61	1	38493300	4179.75
851.639	1	27343800	1461.57
1014.93	1	26880000	4055.67
1053.98	1	71030700	2620.11
1322.53	1	19574900	4924.34
456.803	1	25326000	1131.88
967.595	1	12971200	4210.28
446.103	1	53521200	863.059
802.045	1	17216900	4200.76
1422.01	1	64604800	1989.24
1361.61	1	53918000	1820.84
627.577	1	10185600	1226.6
1090.74	1	35527400	1241.82
1317.95	1	28008900	2338.41
637.365	1	23131800	1886.81
968.773	1	21420000	1414.24
1234.74	1	12144700	1802.6
674.422	1	5931590	1136.08
1213.75	1	19055700	1355.03
745.089	1	7681730	1847.14
895.031	1	63527100	1247.47
714.007	1	32803700	1778.65
341.371	1	13446900	3507.31
461.51	1	22244800	1910.07
922.073	1	17293400	1909.16
1044.12	1	65585700	2649.2
1198.61	1	49444300	2211.85
1039.44	1	45795600	2791.42
1191.99	1	37677300	1895.62
1138.28	1	34154600	2231.6
1396.85	1	23029300	1841.59
1033.35	1	36791400	1912.64
564.178	1	56762400	1408.6
846.257	1	18518300	1481.84
1268.27	1	30203500	2342.7
1170.35	1	64351100	2457.39
968.171	1	54282000	1141.27
1211.19	1	33283000	4182.8
1193.96	1	45992200	2445.54
1037.09	1	23485900	1742.09
788.358	1	22765000	1775.74
780.396	1	22362000	4061.92
875.428	1	25553400	1738.91
1146.67	1	16466500	2158.35
454.726	1	13721200	4217.56
641.281	1	17259200	1335.9
1075.91	1	75598300	2492.79
488.039	1	47173600	1801.94
994.998	1	5400950	2047.83
595.277	1	1746840	2093.43
630.645	1	39230900	4185.31
942.266	1	24823500	1293.35
1421.48	1	31961100	1914.49
944.979	1	39329800	1196.11
556.746	1	52633700	1791.32
725.63	1	82825600	2224.98
1042.21	1	11543000	2152.43
714.579	1	15249100	4094.12
1058.37	1	46153300	2493.29
967.753	1	27006800	2560.03
1475.1	1	20734800	2840.77
1433.05	1	23560100	2129.7
682.205	1	41320700	1687.35
726.897	1	26158500	1924.92
1137.86	1	20849300	1911.7
1259.63	1	62655700	2380.71
1010.01	1	12044900	2056.86
716.296	1	26676200	2212.28
1018.08	1	40820000	1662.35
1205	1	17470200	1808.67
406.63	1	50789800	914.243
1294.12	1	56416300	2365.58
1068.32	1	43054300	2548.98
670.05	1	48880900	1690.01
717.352	1	25661100	1247.74
1022.69	1	39966400	1501.92
1101.39	1	34295000	2676.91
1222.97	1	8246750	3645.3
1075.01	1	25343000	2381.38
1217.25	1	22765800	2576.98
874.877	1	13836800	2190.07
561.943	1	18228000	4170.53
1150.42	1	25305800	4184.1
838.894	1	69251300	1443.69
893.46	1	30945600	1662.29
592.701	1	44559300	1684.23
1425.35	1	53350200	4118.21
1135.09	1	14442500	1976.52
980.556	1	16778900	2041.63
1081.12	1	11822700	2957.01
879.515	1	23668500	1675.23
869.13	1	14165100	112.885
1322.7	1	7917510	2080.1
630.835	1	10847000	1576.5
1094.31	1	67278000	1498.2
929.85	1	38080600	1678.43
747.939	1	52969600	2214.7
1119.24	1	42125700	2961.32
985.889	1	65664800	1498.5
459.096	1	50396500	1476.43
333.603	1	20489800	4096.59
546.1	1	50790200	1542.32
989.16	1	70492800	2214.23
982.092	1	25694300	2200.82
1100.87	1	21629400	2592.11
1322.6	1	6169400	280.429
1186.07	1	39004500	4136.76
781.697	1	60592800	2293.81
616.096	1	15592600	1301.34
811.561	1	39394200	1190.17
394.044	1	7520160	5059.77
1422.53	1	32364800	1480.02
589.652	1	6434730	4171.01
690.997	1	7592970	1524.67
490.877	1	17420400	2006.11
735.799	1	69541900	1409.37
1230.84	1	60823300	2208.56
1439.92	1	22008300	1682.12
1123.95	1	20462800	1033.66
1322.52	1	3730080	5092.42
922.896	1	23859500	2740.83
557.938	1	71211400	1148.15
1097.7	1	12704000	2352.98
925.899	1	24642100	1728.17
819.558	1	11106800	2578.47
1283.3	1	47042400	1896.74
1122.78	1	22473000	685.947
978.808	1	16551900	2638.28
1035.37	1	13957200	2047.88
965.949	1	12063000	2277.36
900.351	1	15206900	2357.93
1222.66	1	11674400	4397.82
815.055	1	61339900	1298.35
831.663	1	9193620	2055.6
615.23	1	21422400	1091.79
380.714	1	39218900	1360.89
1078.91	1	16183200	1888.96
796.458	1	46717400	2662.33
761.787	1	24458200	2229.46
1218.22	1	13813200	1967.71
607.944	1	42645800	101.008
758.798	1	9322120	1352.17
1168.6	1	84432900	1796.34
1122.81	1	5817060	2420.46
1239.42	1	50167800	2697.95
1484.22	1	65507100	4133.5
771.241	1	38656800	1119.49
747.89	1	21664300	1660.9
1081.11	1	28214200	1741.16
1350.81	1	24166400	1798.1
808.608	1	3292070	4148.03
820.331	1	16013600	2244.08
887.642	1	22695500	2490.94
936.566	1	15555400	1312.8
1362.28	1	36686700	4194.06
604.228	1	26573900	1341.68
629.24	1	22706300	1130.76
1323.09	1	21463000	2880.68
314.744	1	29269000	4195.73
696.966	1	4879410	1967.9
1322.44	1	3817210	5.88734
993.801	1	9426120	2145.71
1459.95	1	14059200	1248.12
1407.84	1	47681000	2125.05
584.393	1	35230400	1038.35
979.242	1	6156270	2585.15
1198.58	1	34752400	2706.6
1070.51	1	66289200	1442.98
1236.66	1	27923200	104.562
1180.3	1	55827200	1827.74
865.355	1	75903400	2472.38
1026.99	1	9534890	2157.93
635.953	1	10356600	1821.49
1061.95	1	52495500	2706.98
1342.1	1	39349100	2418.25
1323.59	1	28160300	1761.38
477.032	1	49174600	1551.21
540.562	1	54282500	1356.42
703.18	1	14377700	1744.84
789.519	1	24392100	1134.08
996.332	1	10678300	2583.5
319.527	1	39233600	4060.51
447.409	1	43650400	4056.35
486.729	1	14958300	1974.17
464.901	1	9663820	4051.81
1130.01	1	27870500	1935.65
579.206	1	40220900	2369
1011.85	1	84758000	1464.84
1032.95	1	8897630	1748.08
1322.9	1	5413460	4600.7
1378.35	1	64378700	2016.46
1322.65	1	9970360	4462.71
406.278	1	39777500	821.786
447.742	1	28223100	1985.24
810.043	1	15126700	1487.93
993.282	1	31529500	2424.57
1212.53	1	53842900	1585.06
415.809	1	17915900	4045.12
1276.9	1	21245900	1804.16
1196.84	1	40616100	1665.36
1122.67	1	17299800	560.628
1323.26	1	2204850	4871.46
1122.04	1	10763100	2538.2
913.263	1	4414510	1688.2
940.475	1	14287200	1232.18
416.786	1	33846400	1474.75
890.715	1	18870600	4060.98
1205.74	1	12285400	4197.42
1358.56	1	35378500	102.334
830.368	1	21653200	1316.9
899.227	1	34218800	2789.11
536.12	1	34342200	1923.33
425.909	1	11201700	4202.21
1413.29	1	32942800	2006.05
686.916	1	37127300	1415.86
1173.3	1	16242000	2221.62
1149.84	1	10925000	2654.92
693.775	1	73588900	1225.61
1289.8	1	17230600	2636.5
743.015	1	14739500	1677.48
1326.21	1	65756100	2566.12
1047.45	1	25153700	2570.96
695.854	1	12101400	1843.69
514.124	1	42477700	2105.29
572.305	1	69305500	2108.47
1110.27	1	32169900	2846.95
1006.28	1	11846400	2410.38
1284.18	1	8494120	1967.78
909.981	1	15910300	2610.54
620.867	1	31687100	1226.73
1009.28	1	5828090	2646.36
826.491	1	10430000	1304.3
1417.6	1	33531700	2798.79
886.91	1	19595100	2171.21
1487.49	1	29621500	2213.5
1009.51	1	5732230	2013.84
900.32	1	15317300	4195.33
1113.06	1	50156500	1513.17
1402.89	1	26290600	2054.37
934.024	1	5954190	2034.14
1198.47	1	44547600	2619.26
1322.78	1	5893040	412.452
943.949	1	23780100	1630.05
610.622	1	22130000	1146.08
1106.24	1	27306100	1489.18
603.205	1	12812600	105.264
1202.03	1	31858600	1406.84
835.549	1	18662100	1580.31
1018.24	1	36650900	2273.63
828.621	1	44005300	2702.02
783.854	1	20305900	1479.41
1471.86	1	28631700	4110.58
611.112	1	16982900	1048.89
1468.11	1	40694100	2116.36
695.475	1	38228900	4198.76
852.555	1	18146300	2527.53
1326.92	1	44688300	2658.51
1075.02	1	44155400	1708.66
843.742	1	91892000	2560.62
1123.4	1	20803600	871.149
1247.75	1	11220700	2098.19
1172.36	1	32533900	2702.34
1122.57	1	13620400	481.983
862.598	1	3106270	1553.09
1134.16	1	5825650	2631.49
880.414	1	29372900	2453.49
572.309	1	59202000	1137.69
1122.95	1	31424800	1657.42
1189.57	1	22905500	2696.65
756.18	1	24529000	2434.3
1209.85	1	13043800	1884.58
753.78	1	31579400	885.446
561.774	1	25397300	1300.24
1121.09	1	67626000	1468.2
731.596	1	37761300	2300.47
606.964	1	32577400	2516.25
821.574	1	6688660	2315.3
1250.53	1	42464200	2680.49
574.593	1	11229500	4176.01
878.792	1	38321900	2694.46
575.219	1	32836400	1057.86
977.554	1	6595320	1501.79
1189.75	1	69307900	2099.12
536.091	1	28108800	4197.24
1062.52	1	9568020	1793.33
637.445	1	16935400	2411.15
969.196	1	21969800	2458.95
584.715	1	28107900	840.099
1316.74	1	51325100	4159.9
1123.65	1	16415700	43.3517
1097.24	1	12929300	2559.77
807.39	1	12116200	1567.74
1122.66	1	14664400	4578.21
1496.45	1	31166000	4150.29
1443.14	1	32255100	4146.4
935.206	1	37510100	2309.58
1075.07	1	7416190	2183.35
900.562	1	12903500	2431.83
1059.16	1	32688600	1379.68
1489.65	1	23405700	2363.27
972.525	1	21197300	1564.16
430.858	1	19138400	1199.99
1238.13	1	45687800	4177.73
1111.84	1	34901300	2068.22
776.044	1	24063500	4204.25
572.719	1	27278200	1244.58
602.617	1	16448000	4113.54
1223.4	1	18001400	3084.04
990.175	1	3076260	1897.77
973.442	1	22432700	1709.06
786.421	1	17161500	2221.19
415.74	1	26704300	1982.56
1034.66	1	20690500	1637.87
856.323	1	11985900	2172.62
884.825	1	33337000	4088.8
1095.7	1	9079130	1904.54
611.866	1	18524100	4209.93
1281.7	1	16672100	4111.92
516.951	1	36781300	866.533
1024.41	1	45251800	1157.71
1122.62	1	16961000	4774.8
766.703	1	19498100	1554.95
1028.86	1	78237100	1292.82
1224.95	1	3048010	4356.84
1423.75	1	19619500	1052.3
1122.81	1	18445200	265.63
1158.39	1	8521920	1788.89
1022.92	1	7323420	1965.73
798.913	1	8298980	2204.32
480.227	1	30768200	1983.21
620.388	1	14923400	1629.13
330.792	1	28856000	4058.17
485.478	1	5092400	4185.03
848.368	1	13431900	2500.58
831.773	1	28577000	953.731
601.464	1	35182100	1391.92
671.302	1	35466500	2414.31
967.254	1	3910780	1974.18
456.918	1	46342700	1017.37
780.592	1	20884500	1752.29
689.045	1	11314100	1500.39
1387.41	1	41810100	4109.01
705.997	1	26773200	2411.59
1065.26	1	6360390	1937.22
946.508	1	37559700	2750.32
1471.99	1	55418600	2367.42
1368.68	1	62908800	2612.09
903.657	1	5546490	2059.32
1379.89	1	49376100	1808.43
